       Inf,   96.4490, -118.1197,  -89.5272,  151.0860,   41.3923, -129.8386
  -28.4423,  -26.8788,  -32.3659,  -28.4335,  -26.8155,  -32.3258,    0.0755
   21.2262,   -1.6689,   50.6973,   21.5867,   -1.8499,   50.7590,    0.4081
   27.9753,  -17.9592,  -28.7545,   27.8800,  -17.6581,  -28.7373,    0.3163
  -24.7231,   -0.3628,  -45.7808,  -25.1004,    0.1572,  -46.7785,    1.1866
   -6.1695,   -0.3244,   37.4821,   -6.3345,   -0.6710,   37.5567,    0.3911
  -11.5435,   11.8192,   -9.9780,  -11.3095,   12.2540,   -9.6849,    0.5742
   25.2453,  -13.1925,    1.0982,   25.5167,  -13.0570,    1.2570,    0.3424
  -35.8797,  -12.8201,  -11.2477,  -36.2377,  -12.9158,  -11.0773,    0.4079
  -20.7371,  -31.0999,  -23.5505,  -20.7534,  -31.1824,  -23.5205,    0.0893
   -2.7616,    8.6410,  -22.2835,   -2.9863,    8.5347,  -22.0736,    0.3253
    0.4516,   -4.5649,   64.5814,    0.5476,   -4.4709,   63.9572,    0.6386
  -14.8626,   11.2626,   48.5752,  -14.7647,   11.2338,   48.5485,    0.1055
   11.7894,  -13.0174,    4.6353,   11.7588,  -13.5457,    4.6866,    0.5316
   31.4477,   18.5272,  -21.7913,   32.4678,   18.5458,  -22.2867,    1.1342
   38.3663,   -8.5178,  -13.0667,   38.8371,   -8.5727,  -13.0668,    0.4739
   22.8340,   20.1526,    8.7621,   23.2332,   20.8861,    8.9484,    0.8556
   35.0902,   -6.4532,  -29.0045,   35.3760,   -6.6403,  -28.8127,    0.3918
  -20.7576,  -11.9812,   -0.8464,  -20.7206,  -11.7771,   -1.0421,    0.2852
   41.9190,   13.0283,    0.4411,   41.9490,   13.0476,    0.4472,    0.0363
   15.0035,   -7.6430,   28.6284,   14.9902,   -7.6223,   28.6455,    0.0300
  -28.8341,   16.1398,   21.1837,  -28.9696,   15.4868,   21.4653,    0.7239
   -6.5126,   -1.7508,   29.6337,   -6.6515,   -1.9599,   29.7705,    0.2859
  -13.4694,   -9.7862,    1.0862,  -13.7255,  -10.2303,    1.6753,    0.7809
   28.6599,   23.0370,  -10.7989,   28.6658,   22.9909,  -10.8008,    0.0465
   18.9846,    1.4935,   65.0583,   19.0532,    1.4700,   65.3651,    0.3152
   -7.7463,   10.4267,  -10.0079,   -7.3021,    9.9809,   -9.7777,    0.6701
  -40.1990,    2.7617,  -28.6733,  -40.2943,    2.7146,  -28.7831,    0.1528
    6.4008,   -2.4253,   66.0576,    6.3080,   -2.5316,   66.2018,    0.2017
    7.5499,  -18.7151,  -31.4022,    7.3999,  -18.6820,  -31.3081,    0.1801
   -9.4487,   10.5208,   -9.5708,   -9.3592,   11.4757,   -9.5238,    0.9603
  -14.8429,   10.9063,   49.7148,  -14.5546,   10.8462,   49.6099,    0.3126
    8.7116,   -6.0896,   25.2903,    8.7139,   -6.0974,   25.2912,    0.0082
   -1.1371,   -1.9953,   47.8656,   -1.8229,   -2.1353,   47.2768,    0.9147
  -17.2021,  -17.9483,   -1.5126,  -17.2048,  -18.0236,   -1.2506,    0.2726
   29.3230,   19.4828,    6.8921,   29.3386,   19.5077,    6.9295,    0.0475
  -35.4764,  -20.7370,  -28.5735,  -35.3938,  -20.6949,  -28.5875,    0.0938
  -35.7603,  -15.2599,  -12.0084,  -36.2880,  -15.2178,  -11.6462,    0.6414
   27.5403,  -15.9148,  -30.0134,   27.4803,  -16.0086,  -30.1425,    0.1705
   39.7251,   -3.8722,  -19.7893,   39.6184,   -3.8543,  -19.7919,    0.1082
  -21.4440,   -5.5880,   -1.6491,  -21.4248,   -5.5938,   -1.6609,    0.0233
    5.0675,   -5.3587,   47.3655,    4.7919,   -5.7813,   47.3752,    0.5046
    8.5150,  -17.1647,  -29.8269,    8.6180,  -17.1875,  -29.8915,    0.1236
  -29.7444,   15.2073,  -25.4773,  -29.5993,   15.1377,  -25.4737,    0.1609
  -29.1529,    7.0201,  -38.1099,  -29.1624,    7.0482,  -38.1400,    0.0422
   17.5598,   -4.0609,  -24.2216,   17.6224,   -3.8399,  -24.3965,    0.2887
   11.4208,   22.8797,   17.1766,   11.3881,   23.2872,   17.1797,    0.4089
  -27.8450,  -23.6367,  -11.3719,  -27.7844,  -23.6342,  -11.5398,    0.1785
  -16.5365,   16.8584,  -13.2314,  -16.5011,   16.9460,  -13.1863,    0.1047
   -6.1655,  -27.0570,  -23.0986,   -6.0125,  -27.3924,  -23.0819,    0.3690
  -23.3733,  -12.8358,   -1.4497,  -23.5699,  -12.7087,   -1.2955,    0.2803
  -26.4917,  -29.7255,  -17.2733,  -26.6292,  -30.0444,  -17.2185,    0.3516
  -32.6721,    8.1049,  -34.8985,  -32.6273,    8.0763,  -34.8070,    0.1059
   13.1839,   25.4623,  -11.0800,   13.1235,   25.6375,  -11.0953,    0.1860
   -1.8356,  -24.3083,  -15.8801,   -1.8413,  -24.4019,  -15.8716,    0.0942
   29.5750,   17.8876,    7.6075,   29.6481,   18.0763,    7.7925,    0.2742
   -7.4654,  -25.1970,  -14.6859,   -7.1760,  -25.1002,  -15.2540,    0.6448
   13.1318,  -18.6711,  -17.2829,   13.1186,  -18.3858,  -17.1844,    0.3021
   32.3321,   20.4660,   -3.4549,   32.3717,   20.5002,   -3.4574,    0.0524
   26.8220,   23.3706,   -3.6678,   26.5852,   22.7080,   -3.9481,    0.7574
  -25.4298,    4.9677,   35.1861,  -25.4345,    4.9831,   35.1541,    0.0358
   -3.4690,   13.7959,   -2.4713,   -3.5031,   13.8406,   -2.4619,    0.0570
  -29.3413,  -27.8055,  -23.2720,  -29.4263,  -27.9289,  -23.2795,    0.1500
  -22.1045,  -28.5337,  -32.9091,  -21.9228,  -28.1833,  -32.6627,    0.4654
    8.7279,   24.0979,   -2.9324,    8.5332,   24.2742,   -2.9153,    0.2632
  -26.9803,    2.5144,   29.7409,  -26.9992,    2.6460,   29.7075,    0.1371
  -17.1018,  -20.2108,   -2.4155,  -17.0094,  -19.7409,   -2.6996,    0.5568
   -8.6435,   17.3592,   38.6519,   -8.6879,   17.6311,   38.6544,    0.2755
   18.6801,   -4.1776,  -24.0410,   18.7331,   -3.9902,  -24.1894,    0.2448
   41.0899,   14.6299,    2.1869,   40.8000,   14.5469,    2.1088,    0.3115
  -37.2038,    6.8515,  -30.1598,  -36.9834,    6.5718,  -30.1908,    0.3575
   36.3918,    0.2801,  -27.1277,   36.1936,    0.2921,  -27.1130,    0.1991
   -5.7272,    9.4849,   -6.7683,   -5.4446,    8.5483,   -6.6595,    0.9844
  -19.1885,  -30.8717,  -25.8290,  -19.0273,  -31.5714,  -25.9140,    0.7231
   37.5867,   14.3794,    9.6428,   37.6422,   14.0950,    9.7796,    0.3204
    6.4813,    1.4587,   67.2258,    6.4845,    1.4554,   67.2227,    0.0055
  -35.6242,  -20.5661,  -28.0427,  -35.4250,  -20.4645,  -28.0764,    0.2261
   25.0904,    7.2459,   37.2569,   24.8530,    7.2582,   37.2214,    0.2403
  -24.6387,   16.3207,  -11.5787,  -24.6841,   16.4288,  -11.5535,    0.1200
  -10.9146,  -25.4167,  -35.8617,  -10.9264,  -25.3757,  -35.7873,    0.0857
  -17.9499,    5.7999,   -1.2470,  -17.9228,    5.7041,   -1.2884,    0.1078
   12.1826,   22.3425,   27.0501,   12.1385,   22.2029,   27.0730,    0.1482
  -11.5124,   15.6552,   21.4538,  -11.7043,   16.0961,   21.3342,    0.4954
    0.6635,   -6.2552,  -32.2847,    1.0060,   -6.1554,  -32.6080,    0.4815
  -31.5447,   -9.6795,  -45.0526,  -31.6601,   -9.6515,  -45.0830,    0.1226
   -1.7472,   18.5654,   37.7188,   -1.7940,   18.9964,   37.7647,    0.4359
  -12.5504,   15.0817,   61.6376,  -12.3576,   14.9447,   61.6081,    0.2383
   -7.4744,  -24.1910,  -12.6374,   -7.7015,  -23.9430,  -12.6143,    0.3371
   26.1024,   -7.1126,   13.8015,   26.3703,   -7.2934,   13.8856,    0.3340
   16.4335,   -7.2578,   41.6686,   16.5084,   -7.3351,   41.6723,    0.1077
   -0.5349,    6.5127,  -20.9519,   -0.5611,    6.4962,  -20.9472,    0.0313
   -1.8000,   -2.2876,   43.5553,   -1.8064,   -2.2302,   43.4967,    0.0822
   -3.0448,  -16.9811,   -2.2957,   -3.0399,  -16.9545,   -2.3506,    0.0612
   12.4794,    7.0129,   66.7998,   12.4860,    7.0456,   66.9021,    0.1076
  -11.8450,    5.1361,   60.0278,  -11.9678,    4.9930,   60.1063,    0.2043
    9.3111,    1.0507,   67.7732,    9.2815,    1.5962,   68.3134,    0.7682
   17.4537,   -6.5079,   46.3481,   17.0681,   -5.8261,   46.1536,    0.8070
    0.6016,   -9.5104,    5.9892,    0.4818,   -9.8828,    6.1605,    0.4270
    8.2804,    7.6814,  -13.8031,    8.0065,    7.0133,  -13.4603,    0.7994
  -26.3412,  -26.0892,  -35.3933,  -26.3058,  -26.0276,  -35.4006,    0.0714
   -6.8827,  -23.8177,  -12.4211,   -7.1834,  -23.4893,  -12.3906,    0.4463
    5.8441,  -20.7152,  -12.8092,    5.4282,  -20.5384,  -12.9219,    0.4658
   -6.9435,    2.4726,  -38.5637,   -6.5563,    2.5308,  -38.6973,    0.4138
   -7.5905,  -17.1358,  -40.3043,   -7.2975,  -17.2836,  -40.1419,    0.3661
   -0.0893,   12.5086,   -6.9105,    0.3571,   12.4836,   -6.6529,    0.5160
   -3.3254,    3.0997,  -31.8176,   -3.2904,    3.1235,  -31.8210,    0.0425
   29.5283,  -10.1646,   -2.8166,   28.5219,  -10.0921,   -3.1408,    1.0598
  -21.5025,   16.2692,   -8.6506,  -21.5046,   16.2890,   -8.5724,    0.0807
  -17.0683,    9.7262,   42.8927,  -16.5374,    9.6569,   42.7542,    0.5530
  -37.5012,  -16.4241,  -20.9315,  -37.2420,  -16.4520,  -20.7942,    0.2947
   24.1548,   11.1945,   34.1947,   24.1598,   11.3449,   34.2719,    0.1691
  -31.0481,    5.8535,  -38.1912,  -30.9597,    5.7545,  -38.1210,    0.1502
   -8.8306,   10.6504,   -0.5278,   -8.7890,   10.3635,   -0.4759,    0.2946
   37.1937,  -12.1718,  -15.9893,   37.5670,  -12.2883,  -15.9768,    0.3912
  -23.3933,   18.8602,   26.9459,  -23.2262,   19.3968,   27.0974,    0.5821
   32.9659,   17.9123,  -18.8769,   33.9184,   18.0073,  -19.3152,    1.0528
  -28.3929,  -27.9143,  -29.7304,  -28.3597,  -27.8426,  -29.7209,    0.0795
   42.1302,   13.0031,   -0.3386,   42.1353,   13.0064,   -0.3375,    0.0062
  -25.5198,   17.7318,   33.8246,  -25.4503,   17.5859,   33.6788,    0.2177
    3.2766,   -5.4339,   54.2835,    3.2839,   -5.3399,   54.3092,    0.0978
  -14.8628,   11.9555,   60.7123,  -14.3658,   11.9603,   60.7566,    0.4989
   43.8276,    4.5969,  -19.2176,   43.9215,    4.5545,  -19.2486,    0.1076
  -26.6051,  -12.4673,   -1.2558,  -26.5964,  -12.4763,   -1.2360,    0.0235
   20.1063,   -7.4000,   31.8522,   19.9351,   -7.2838,   31.6360,    0.2993
   -2.8201,    2.7571,  -30.1177,   -2.9068,    2.7061,  -30.1120,    0.1007
  -30.7344,  -12.8210,  -43.3334,  -30.6552,  -13.0544,  -43.4845,    0.2891
  -26.0776,  -11.4367,  -45.0286,  -26.1045,  -11.6728,  -45.3652,    0.4120
   11.9752,   20.6579,  -33.5985,   11.9174,   20.0717,  -32.8659,    0.9400
  -20.7463,   10.4515,   39.2266,  -20.7457,   10.4543,   39.2204,    0.0068
  -10.3454,   -0.3714,   27.7069,  -10.6123,   -1.1957,   28.2060,    0.9999
  -17.4609,    1.3648,   26.3990,  -17.6411,    0.5959,   26.3924,    0.7898
    3.6087,   -2.8783,  -27.0268,    3.3566,   -2.9798,  -26.5392,    0.5583
  -25.8385,  -28.6436,  -29.7763,  -25.8523,  -28.7439,  -29.8397,    0.1195
   13.1881,   22.2213,   51.8132,   13.2658,   22.2786,   51.8158,    0.0965
   33.9670,   -6.6024,   -5.1009,   34.0361,   -6.4166,   -5.1700,    0.2100
   32.7682,    1.1502,   14.1063,   31.9940,    1.3715,   13.8856,    0.8349
   -5.9562,   16.8451,   20.7086,   -6.2552,   17.4385,   20.3682,    0.7466
   12.1067,   22.7562,   58.3383,   12.1606,   22.5292,   58.3455,    0.2335
   -6.4229,   -7.9814,    5.6018,   -6.2998,   -7.7463,    5.1368,    0.5354
   26.1006,  -10.9186,    3.9608,   25.8909,  -10.4014,    3.9256,    0.5591
   -9.9843,  -24.9962,  -10.3802,  -10.2345,  -24.4098,  -10.6740,    0.7021
  -25.1160,   12.9461,   17.5410,  -24.8201,   12.1260,   18.1495,    1.0632
  -37.2269,  -17.4006,  -14.0558,  -37.1424,  -17.3402,  -13.9608,    0.1408
    1.9435,   -0.7673,   65.0356,    2.3083,   -0.4541,   64.5833,    0.6601
  -20.1649,    0.4582,   11.9068,  -20.3069,    0.9218,   12.0380,    0.5022
  -36.0018,  -20.7920,  -16.1535,  -36.1331,  -20.9699,  -16.1219,    0.2234
   36.7965,   13.3250,  -19.9669,   36.6312,   13.1437,  -19.8872,    0.2580
   26.3259,  -20.8770,  -12.4071,   25.8659,  -20.3122,  -12.7355,    0.7990
    4.7541,   19.8741,   11.9434,    4.6055,   20.1460,   11.9855,    0.3127
   33.8627,   18.4742,    3.1320,   33.7836,   18.4773,    3.1481,    0.0807
   19.1137,  -20.1687,   -6.0420,   18.8683,  -20.4463,   -5.9567,    0.3802
