    1.0000,   13.5948,   33.4119,    4.5710,  125.4567, -101.1715, -111.9842
   -6.2751,   15.0621,   54.9662,   -6.4788,   15.1542,   54.9891,    0.2247
  -28.7135,  -30.7405,  -32.5758,  -28.5248,  -30.1013,  -32.4065,    0.6876
   -2.2943,   19.7074,   10.5560,   -2.2616,   19.6395,   10.5847,    0.0806
  -27.3880,  -10.8736,   -5.5260,  -27.1137,  -11.1324,   -5.9606,    0.5754
  -35.8704,    7.5939,  -25.2799,  -35.6585,    7.4753,  -25.3292,    0.2478
   16.8394,  -15.4978,  -16.6595,   16.7348,  -15.4097,  -16.6186,    0.1428
    0.2739,  -12.2741,    2.6916,    0.3031,  -12.4473,    2.6832,    0.1758
  -28.9612,  -29.6217,  -20.0196,  -29.0249,  -29.6760,  -19.9655,    0.0997
  -26.5884,  -23.0948,  -44.7156,  -26.7970,  -23.4108,  -45.1198,    0.5539
   16.5448,  -15.8169,  -16.8151,   16.4214,  -15.7129,  -16.7669,    0.1685
   -8.6563,   17.3807,   10.5368,   -8.6500,   18.2039,   10.1705,    0.9010
  -32.8026,   -3.9037,  -11.5303,  -33.1919,   -3.9564,  -11.3344,    0.4390
   33.9754,    3.4025,  -25.3025,   33.9784,    3.4989,  -25.3559,    0.1102
  -10.8298,  -29.4307,  -20.5862,  -10.8610,  -29.3413,  -20.6222,    0.1013
  -37.9757,    4.3159,  -29.0991,  -38.1157,    4.6071,  -29.1677,    0.3303
   22.2082,   13.6254,   35.0004,   21.9681,   13.3983,   35.0207,    0.3311
   32.9802,  -12.1506,  -13.6751,   33.0703,  -11.8237,  -13.8631,    0.3878
    7.6631,  -12.1427,  -23.4680,    7.4753,  -12.1670,  -23.2438,    0.2935
   24.3545,  -15.4214,  -14.6935,   24.3503,  -15.4781,  -14.7027,    0.0576
   -2.5321,    0.2967,   45.5401,   -2.8041,   -0.3387,   45.7151,    0.7130
  -34.1990,  -24.5791,  -21.0733,  -34.2704,  -24.6926,  -21.0476,    0.1365
   16.6228,   19.1295,   47.2640,   16.4222,   18.8626,   47.2616,    0.3339
   -3.1078,   -7.2448,   16.6092,   -3.4009,   -7.4554,   16.6509,    0.3633
   -3.1390,    0.0359,   49.0806,   -3.2235,   -0.0878,   49.0781,    0.1498
  -41.2469,   -0.2257,  -30.3145,  -41.4727,   -0.1068,  -30.2824,    0.2571
   -7.6271,   11.0975,  -27.1572,   -7.5634,   11.1880,  -27.1608,    0.1107
  -21.1065,  -27.6700,  -13.3345,  -20.9849,  -27.3587,  -13.7438,    0.5284
    7.9494,    3.2477,  -12.0970,    8.1779,    2.7852,  -11.7070,    0.6467
   29.6382,   -3.5935,   18.3752,   29.4792,   -4.1208,   18.1318,    0.6022
    4.5224,  -16.6252,   -3.9491,    4.5321,  -16.7336,   -3.8476,    0.1488
   11.2935,   -8.3514,  -21.6420,   10.9307,   -8.0785,  -22.1501,    0.6814
  -11.5268,   13.2824,  -27.9639,  -11.3632,   13.5391,  -27.9540,    0.3045
    3.9763,   21.3126,    5.6650,    3.9335,   21.3550,    5.6668,    0.0603
  -10.8786,   11.9845,   37.9469,  -10.7112,   11.9617,   37.9642,    0.1698
   31.2701,   14.1550,    9.4901,   31.0258,   13.9062,    9.4404,    0.3522
   -0.2584,   19.2479,   46.7361,   -0.0021,   18.6586,   46.7442,    0.6426
  -32.9878,    9.6493,  -22.4533,  -32.8861,    9.5769,  -22.4901,    0.1302
   -3.9471,    3.9895,  -25.4960,   -2.9982,    3.9945,  -25.8204,    1.0029
   33.0669,    1.7177,   15.8771,   32.5472,    2.1701,   15.3672,    0.8572
   20.6098,   22.4587,  -10.4424,   20.6334,   22.4822,  -10.4364,    0.0339
   12.3826,    7.0221,   62.8896,   12.1931,    7.1594,   63.1533,    0.3526
   22.6350,   -3.5895,   63.7632,   22.8039,   -3.7065,   63.7599,    0.2055
   -2.2599,   18.4614,   52.2162,   -2.2148,   18.4155,   52.2296,    0.0657
   23.7702,   18.8649,   13.4140,   23.4617,   18.9142,   13.0938,    0.4474
    2.1616,   19.1480,   -8.1413,    2.2188,   19.0557,   -8.1621,    0.1106
   -6.1690,   -0.0301,   35.6850,   -5.9184,    0.1234,   35.6400,    0.2973
  -21.9385,  -27.2389,  -42.6321,  -21.9369,  -27.1745,  -42.5672,    0.0914
    7.0278,   -2.7648,  -21.4087,    6.9294,   -3.0582,  -21.1275,    0.4182
  -18.1545,    4.5650,   -1.9024,  -18.0722,    4.4798,   -1.9426,    0.1251
   -2.1782,   17.7334,    5.4500,   -2.1188,   17.6469,    5.5153,    0.1235
    7.0892,    0.8237,   63.4541,    6.8229,    1.0249,   63.9551,    0.6020
  -28.9960,  -29.4983,  -19.9286,  -29.0569,  -29.5502,  -19.8769,    0.0952
   30.1001,  -12.3114,  -10.9189,   30.0876,  -12.2592,  -10.9135,    0.0539
  -19.4803,    5.5903,   -7.5902,  -19.3459,    5.3810,   -7.6776,    0.2636
    3.0750,    1.1056,  -20.2978,    2.8965,    0.9395,  -20.2874,    0.2440
   17.6400,   23.4222,   19.2557,   17.6729,   23.4446,   19.2835,    0.0485
   15.2212,   25.5202,   15.5183,   15.2385,   25.6310,   15.5544,    0.1178
   33.8395,    3.6331,  -25.5481,   33.8395,    3.6331,  -25.5481,    0.0000
  -20.0654,    1.5891,  -48.3415,  -19.9459,    1.0453,  -48.0104,    0.6477
   22.4419,   -6.0455,   37.8273,   22.4550,   -6.5007,   37.8493,    0.4560
   13.7777,   19.6316,   57.1343,   13.9071,   19.7850,   57.1082,    0.2024
  -32.0487,  -12.8002,  -47.5971,  -32.0182,  -12.8506,  -47.7954,    0.2069
   -6.0526,  -23.8230,   -9.5179,   -5.9831,  -23.9970,   -9.4615,    0.1957
   31.8133,    6.6163,  -26.3480,   31.8078,    6.5607,  -26.2959,    0.0764
    0.0835,   20.5234,   43.2330,    0.1214,   20.3741,   43.2181,    0.1548
    7.2761,   -3.9531,   46.0021,    7.1300,   -4.4257,   45.9349,    0.4993
   18.3311,   -6.9143,   16.3946,   18.2108,   -6.7582,   16.3834,    0.1974
   12.1715,   -7.3292,   62.7252,   12.1603,   -7.2213,   62.6896,    0.1141
    8.7072,   20.4606,   57.9938,    8.7930,   20.5467,   58.0979,    0.1601
    6.6185,   -8.5445,   18.2983,    6.5604,   -8.5339,   18.2644,    0.0681
   31.8627,   -8.3338,   -4.4810,   32.1257,   -8.0692,   -4.6787,    0.4222
  -36.8667,  -23.9050,  -28.3494,  -36.7930,  -23.8494,  -28.3314,    0.0941
  -28.1049,    0.3253,  -47.4440,  -28.1723,    0.4869,  -47.5973,    0.2327
   32.6335,   12.9816,  -10.1656,   32.6733,   13.1593,  -10.3490,    0.2584
   26.0240,  -15.3718,  -29.6750,   26.3947,  -15.2123,  -29.3865,    0.4962
   -6.8944,  -26.2639,  -16.2250,   -6.7125,  -25.9923,  -16.5718,    0.4766
    8.9069,   -6.8025,   56.5020,    9.4606,   -5.5046,   56.4787,    1.4112
   -5.5235,    1.5813,   52.9222,   -5.2992,    1.7889,   53.0109,    0.3182
   -6.6984,   18.3236,   45.6134,   -6.6619,   18.3317,   45.5711,    0.0564
  -13.2672,   13.3917,  -34.0561,  -13.2202,   13.5938,  -34.1024,    0.2127
  -12.6715,  -30.1928,  -35.9851,  -12.5772,  -30.3649,  -36.0287,    0.2010
   -0.4029,   18.2460,    3.9622,   -0.2179,   18.0835,    3.9851,    0.2473
  -10.7828,    0.1689,  -47.3394,  -11.0525,   -0.1063,  -46.7643,    0.6922
   37.2383,    1.9139,   -7.3168,   37.0098,    2.2574,   -7.3302,    0.4127
   29.6861,   -0.1394,   28.8343,   29.8086,   -0.1820,   28.8549,    0.1313
   19.8602,   16.8441,   42.0056,   19.7086,   16.7208,   42.0448,    0.1993
  -28.4802,  -18.6299,  -46.4881,  -28.7456,  -18.8832,  -46.8406,    0.5088
  -33.1493,  -21.2561,  -15.2725,  -33.3632,  -21.2842,  -15.0236,    0.3294
  -11.1471,   20.9552,   40.9438,  -11.1252,   20.9317,   40.9124,    0.0449
   12.7133,   -5.5534,   45.4567,   12.6203,   -5.9604,   45.3650,    0.4275
   36.4185,   10.0693,    6.3718,   36.3604,   10.0007,    5.9801,    0.4018
   22.7062,   -4.3849,   61.9368,   22.4685,   -4.1963,   61.9295,    0.3035
  -40.5803,    0.0568,  -28.4499,  -41.2160,    0.1374,  -28.2642,    0.6672
  -31.9293,    9.5437,  -34.8657,  -31.8049,    9.3794,  -34.7366,    0.2432
   10.2681,   24.1661,   24.8370,   10.1808,   23.7440,   25.0381,    0.4756
   -4.9249,  -20.8340,   -7.0817,   -4.9659,  -21.0039,   -6.9320,    0.2301
   24.1736,   -4.0069,   50.5367,   24.5888,   -4.0340,   50.5528,    0.4164
   -1.6012,  -11.0986,    4.3470,   -1.7017,  -11.1878,    4.3566,    0.1347
   22.7187,   13.3670,   37.6430,   22.7075,   13.3578,   37.6488,    0.0156
  -16.9933,    6.0324,   -5.2159,  -17.0086,    6.0521,   -5.2105,    0.0255
    4.1612,  -11.4098,  -31.5111,    4.2812,  -11.5489,  -31.5728,    0.1938
   29.9060,   -7.1287,   -0.4107,   29.3524,   -7.0236,   -0.6209,    0.6014
  -26.0258,   19.3741,   17.4250,  -25.7073,   19.1310,   18.0864,    0.7733
   -6.1787,   23.9716,   17.3397,   -5.9498,   24.3087,   17.2394,    0.4197
   11.5901,    6.9473,  -18.2036,   12.1689,    7.3865,  -18.0567,    0.7413
   -2.2261,   -7.4267,  -37.1782,   -2.5660,   -7.5230,  -37.0105,    0.3911
   -3.5920,   12.5736,   -1.1842,   -3.1464,   12.2440,   -1.0293,    0.5756
   29.9186,   -5.3386,  -25.7632,   29.6976,   -5.3966,  -25.7931,    0.2304
   36.4410,   11.3052,    3.1761,   36.5267,   11.3885,    3.1851,    0.1199
   21.0375,    8.5223,  -28.2413,   21.0977,    8.4642,  -28.2988,    0.1015
    7.5681,   -5.9951,   57.6989,    7.7111,   -5.3018,   57.9730,    0.7591
   35.5478,   -6.2315,   -3.0366,   35.3981,   -6.1352,   -3.0282,    0.1782
  -29.9000,    0.0545,  -11.3665,  -29.9594,    0.1271,  -11.2250,    0.1697
    0.3732,   18.5134,    1.3479,    0.4358,   18.4585,    1.3556,    0.0837
   27.0778,   11.3501,   21.1362,   26.9423,   11.2471,   21.1728,    0.1741
  -27.0314,   25.3020,   23.1839,  -26.2961,   24.9329,   23.4940,    0.8792
    6.5397,  -12.5215,    3.5969,    6.6146,  -12.3010,    3.5579,    0.2361
  -37.0974,   -7.3891,  -14.6041,  -36.8562,   -7.2624,  -14.7549,    0.3113
   13.2701,   -7.7117,   12.2780,   13.1812,   -8.2153,   12.4718,    0.5469
  -16.0621,   13.6132,   30.5590,  -16.0137,   13.7350,   30.4317,    0.1827
   20.9854,   14.4734,   30.8589,   20.9470,   14.4429,   30.8573,    0.0491
  -35.2898,  -13.2665,  -44.7284,  -34.6802,  -13.1890,  -44.9702,    0.6604
   15.5177,  -16.7520,  -15.8945,   15.4563,  -16.5120,  -15.7910,    0.2685
    0.2759,    3.8035,  -19.1425,    0.4157,    3.9075,  -19.1527,    0.1746
    1.4220,   18.6853,  -23.3688,    1.3501,   18.7107,  -23.3960,    0.0810
  -18.3229,   -5.9594,  -50.3322,  -18.3569,   -5.6960,  -51.0717,    0.7858
   22.3733,   -6.2543,   28.7347,   22.4571,   -6.1145,   28.7101,    0.1648
   -9.5103,   10.1035,   45.3013,  -10.0057,   10.1812,   45.4408,    0.5205
    2.6241,   -5.0645,  -27.0475,    2.8250,   -4.9923,  -27.1099,    0.2224
   -4.6733,  -25.1986,  -13.8134,   -4.6941,  -25.0354,  -13.8278,    0.1651
  -10.4538,   15.8424,   38.7286,  -10.2681,   15.8734,   38.7416,    0.1887
   20.9451,   11.8428,   62.9786,   20.9441,   11.8397,   62.9743,    0.0054
  -29.2535,  -20.4297,  -45.2021,  -29.3059,  -20.4798,  -45.2718,    0.1006
   11.8282,   -4.6100,   35.0851,   11.7579,   -4.7561,   35.0484,    0.1663
  -23.3696,  -25.1875,  -12.2194,  -23.2953,  -25.0369,  -12.3727,    0.2273
   34.2804,    4.2001,  -23.8315,   34.2849,    4.2062,  -23.8345,    0.0081
   12.3987,  -17.9703,  -13.4364,   12.3474,  -17.9080,  -13.4432,    0.0810
  -37.9664,    4.7641,  -32.2207,  -37.4173,    4.0782,  -32.2542,    0.8793
  -32.3043,  -25.5396,  -17.6638,  -32.0970,  -25.3233,  -17.7420,    0.3096
  -23.0622,   -7.8677,   -4.8476,  -22.7401,   -7.6399,   -5.0106,    0.4268
  -11.0534,  -18.9528,  -46.2700,  -11.2626,  -18.8075,  -46.1018,    0.3053
  -29.8705,    6.8766,  -40.6337,  -29.8390,    6.6296,  -40.2328,    0.4720
    2.9961,   22.8940,   18.4262,    2.9129,   22.4696,   18.4309,    0.4326
   -2.9833,   -6.6009,  -38.2499,   -3.3273,   -6.6984,  -38.0803,    0.3958
  -42.9925,   -4.5012,  -27.4810,  -42.9012,   -4.5176,  -27.4923,    0.0935
   15.2191,    2.1954,  -23.3749,   15.2106,    2.1830,  -23.3796,    0.0158
   29.6502,    4.6726,  -26.1360,   29.7072,    4.6743,  -26.1665,    0.0646
  -29.2420,  -14.3769,   -7.8221,  -29.1453,  -14.3285,   -7.8967,    0.1313
   26.1983,   12.2314,   19.8786,   25.9836,   12.0680,   19.9366,    0.2759
    3.4782,   21.0539,  -18.4394,    3.6519,   20.8234,  -18.4689,    0.2901
   -1.9320,    1.0530,  -25.6333,   -1.9701,    0.9107,  -25.6058,    0.1499
  -23.4655,   19.8213,   32.2243,  -23.6713,   19.6375,   32.3834,    0.3184
   -9.5356,   16.5246,    9.9045,  -10.3002,   16.6641,    9.3223,    0.9711
  -14.4731,  -10.7887,  -50.2828,  -14.3325,  -10.8585,  -50.3274,    0.1632
   19.0995,   22.7412,  -17.5366,   19.6536,   23.0474,  -17.4519,    0.6388
   35.0524,   11.5343,   -8.3774,   34.6855,   11.1433,   -8.2385,    0.5539
    1.1835,   17.8273,   -4.1900,    1.4762,   17.8089,   -4.1453,    0.2967
   28.8214,    9.7531,  -25.6090,   28.4921,    9.2325,  -25.3369,    0.6734
    8.7393,   23.2356,   31.1478,    8.2586,   23.7943,   31.0612,    0.7420
   19.4217,   -8.2975,  -26.3064,   19.4409,   -8.3074,  -26.2486,    0.0617
   26.2203,  -16.0740,  -29.0860,   26.3942,  -15.9992,  -28.9507,    0.2327
   -4.5962,   10.3773,   -3.3748,   -4.6142,   10.5462,   -3.3500,    0.1717
   11.7901,   24.9420,   -2.5638,   11.8041,   24.7711,   -2.5270,    0.1754
    0.7760,    3.2269,  -20.1626,    0.8221,    3.2612,  -20.1659,    0.0575
  -16.6564,  -20.3043,   -5.8283,  -16.6909,  -20.4533,   -5.7282,    0.1828
    0.9257,  -24.0028,  -20.6736,    0.9953,  -24.3302,  -20.7276,    0.3390
   35.4166,   11.8172,   -7.1758,   35.2373,   11.5549,   -6.8772,    0.4360
   24.7664,    7.1695,   62.9579,   25.1949,    7.2896,   63.1171,    0.4726
  -17.1926,    4.4984,    0.3864,  -17.2192,    4.5046,    0.3721,    0.0308
   28.8374,    7.7651,   29.0034,   29.4772,    7.8239,   28.9500,    0.6447
   -0.6548,    8.3726,   -8.6628,   -0.7264,    8.6068,   -8.8053,    0.2833
   -9.6344,    4.7615,   35.7667,   -9.7351,    4.6050,   35.7850,    0.1870
    7.5675,    7.8907,   -9.1384,    7.4629,    7.8856,   -9.1652,    0.1082
   -8.3905,   12.5639,   48.1188,   -8.6440,   12.6504,   48.1552,    0.2703
   -8.6211,  -28.8473,  -30.2211,   -8.5394,  -28.9296,  -30.2358,    0.1169
   14.3550,   -0.2463,  -20.4110,   14.4690,   -0.2846,  -20.2810,    0.1771
   12.8021,  -14.5621,  -19.0795,   12.7767,  -14.5597,  -19.1210,    0.0487
   22.2588,   14.3642,   39.4196,   22.3156,   14.4820,   39.4178,    0.1308
   29.0813,   14.6130,   10.1279,   29.1677,   14.7758,   10.2429,    0.2172
   -9.5263,  -27.6578,  -36.5352,   -9.3463,  -27.5903,  -36.6399,    0.2189
   -1.5518,   -0.9472,   56.3477,   -1.6151,   -1.0714,   56.3733,    0.1417
   -5.7835,    3.0039,   47.2605,   -6.3046,    2.6005,   47.1619,    0.6664
  -21.3950,  -24.0229,  -46.0343,  -21.5578,  -24.4671,  -46.2657,    0.5267
   22.1076,  -11.7770,   -2.3454,   22.3012,  -12.1138,   -2.2135,    0.4103
  -21.3864,  -31.8139,  -16.7148,  -21.3904,  -31.7375,  -16.7207,    0.0768
   13.3685,   25.3463,    2.3267,   13.3404,   25.6763,    2.2845,    0.3339
    0.2149,   -9.8039,    8.1060,    0.3289,   -9.4639,    8.0555,    0.3621
  -19.5007,  -32.9560,  -29.0515,  -19.3884,  -33.3143,  -29.1074,    0.3797
   13.4712,   -0.0116,  -18.9438,   13.2911,    0.0489,  -19.1490,    0.2796
    1.3325,   12.3327,   62.7077,    1.3307,   12.3223,   62.3894,    0.3184
   -2.4481,    6.6842,  -16.6269,   -2.4849,    6.6570,  -16.6046,    0.0509
   11.5854,   24.8437,   18.8042,   11.7326,   24.8025,   18.6902,    0.1907
   38.0548,    2.4106,   -6.0671,   37.7825,    2.8201,   -6.0831,    0.4921
   -7.8018,    2.2155,   34.8858,   -7.8139,    2.2139,   34.8901,    0.0129
   26.0226,    3.1774,   57.1464,   25.7373,    3.2033,   57.1045,    0.2896
  -35.9543,  -20.9383,  -36.7909,  -35.3842,  -20.6169,  -36.5221,    0.7074
    7.5596,  -11.7459,    6.9137,    7.4587,  -12.0353,    6.9600,    0.3099
  -17.7570,   14.7901,  -21.7590,  -17.7529,   14.7339,  -21.7667,    0.0568
    5.5412,   23.8618,   16.7214,    5.8400,   23.1914,   16.7007,    0.7343
   13.6803,   25.4785,   16.8426,   13.7129,   25.6603,   16.8682,    0.1865
    3.3803,  -10.7805,  -31.8157,    3.3851,  -10.7552,  -31.8581,    0.0497
   19.5849,   -7.1770,   53.4187,   19.5110,   -6.6553,   53.5976,    0.5564
   23.7500,   -5.0168,   47.4459,   24.0868,   -5.4296,   47.3878,    0.5360
    9.0343,  -10.2275,  -22.4013,    8.4155,  -10.3451,  -21.8685,    0.8251
   -2.1478,  -19.3597,   -6.0525,   -2.1041,  -19.7362,   -5.9161,    0.4029
  -13.0190,  -24.1714,  -45.3253,  -12.9582,  -24.3472,  -44.5954,    0.7533
   -3.2372,   17.9170,   59.7969,   -3.4470,   18.0632,   60.0582,    0.3656
  -11.7164,  -31.5995,  -26.5398,  -11.6858,  -31.6505,  -26.5375,    0.0595
  -36.9577,  -21.8973,  -21.9961,  -37.2172,  -21.9935,  -21.8312,    0.3221
   22.3999,   13.9614,   37.3307,   22.2192,   13.8138,   37.4238,    0.2512
   34.9949,   -8.2507,   -6.0484,   34.2872,   -8.1438,   -6.1557,    0.7237
   38.9134,    2.8769,    2.5203,   39.5109,    2.6978,    2.9012,    0.7309
  -26.9168,  -11.3358,  -49.2858,  -26.6402,  -11.3041,  -48.5476,    0.7889
   -0.4388,    4.4799,  -18.2316,   -0.1196,    4.7097,  -18.3226,    0.4037
   33.8484,   -0.9582,   12.1874,   33.5507,   -0.6846,   11.8739,    0.5117
   24.6843,    2.4278,   63.1313,   24.8761,    2.7426,   63.8454,    0.8036
    6.2235,   23.1961,    5.2101,    5.9342,   23.4289,    5.2734,    0.3766
  -36.2660,    4.8884,  -35.9213,  -36.1584,    4.7108,  -35.8658,    0.2149
  -29.2479,  -16.4944,  -47.4816,  -29.1886,  -16.4383,  -47.3362,    0.1668
   28.9206,    8.8469,   26.0571,   28.8580,    8.6956,   26.0465,    0.1641
    7.6298,   23.6450,   -0.6302,    7.3791,   24.2222,   -0.7678,    0.6441
   17.2005,    4.2279,   66.7135,   17.0214,    4.0334,   66.4018,    0.4087
   10.3114,   24.1047,   27.3416,   10.3069,   24.1268,   27.3249,    0.0281
   29.0684,    2.4651,   36.6307,   28.5843,    2.5948,   36.5008,    0.5177
    4.0680,   21.0347,   -6.9764,    4.2076,   20.8929,   -6.9690,    0.1991
  -31.4041,  -28.8957,  -29.5761,  -31.6152,  -29.4427,  -29.5870,    0.5864
  -29.6958,  -17.8381,  -46.5896,  -29.6327,  -17.9217,  -46.4529,    0.1722
   22.7696,   15.5653,   19.9131,   22.9403,   15.6392,   19.9782,    0.1971
   -4.0495,    3.0515,  -30.4685,   -3.6399,    3.0985,  -30.3773,    0.4223
   16.8972,   24.3447,  -18.7229,   16.9191,   24.1469,  -18.4150,    0.3666
   27.2045,   15.1799,  -20.4352,   27.4758,   14.9074,  -20.6830,    0.4575
    1.7149,   -9.1366,   19.2657,    1.7686,   -8.9623,   19.2879,    0.1837
   20.1165,    6.9925,   64.3102,   20.2115,    6.8702,   63.8128,    0.5209
  -16.2202,    6.4235,    2.7982,  -16.1759,    6.4286,    2.8422,    0.0627
   21.0240,   14.7835,   32.7878,   20.7858,   14.5948,   32.7862,    0.3039
   -5.6553,   19.5261,   44.3063,   -5.6656,   19.4457,   44.3121,    0.0813
  -30.7154,  -19.8952,  -44.6588,  -30.7159,  -19.8957,  -44.6595,    0.0010
   13.4994,   23.2344,   35.2526,   13.1517,   22.9966,   35.2079,    0.4236
  -35.8157,  -23.5829,  -33.9574,  -35.4850,  -23.4306,  -33.7726,    0.4083
   38.8986,    5.0138,    2.6708,   39.2792,    5.0961,    2.8091,    0.4132
   -2.3466,    1.4083,  -25.4061,   -2.5189,    1.3763,  -25.3252,    0.1931
   -0.8696,    0.7688,  -24.1143,   -0.9756,    0.9195,  -24.1821,    0.1963
   25.0455,   -0.3307,   60.0929,   25.3385,   -0.7312,   60.0716,    0.4967
   -4.2639,    8.4888,  -14.2752,   -4.3203,    8.4258,  -14.2954,    0.0870
    1.0194,  -23.9827,  -21.3070,    1.0683,  -24.2130,  -21.3450,    0.2385
   -2.4324,   22.9335,   14.4261,   -2.4281,   23.0412,   14.4246,    0.1078
    1.1543,   17.7733,   -4.4482,    1.5106,   17.7510,   -4.3938,    0.3611
   10.2644,   24.3698,   -2.4844,   10.2423,   24.6405,   -2.5426,    0.2778
   14.5280,   20.9672,   42.2083,   14.6620,   21.3820,   42.5055,    0.5276
  -18.2474,   11.3182,   26.4120,  -18.1223,   11.5729,   26.2229,    0.3410
  -42.6969,  -10.3315,  -28.2890,  -43.3392,  -10.3469,  -28.1966,    0.6491
   25.3535,   -5.8156,   24.6270,   25.1507,   -5.4181,   24.6417,    0.4465
   -4.5488,   18.5159,    9.2172,   -4.3780,   18.1323,    9.3721,    0.4476
   37.3958,    0.0603,    5.5318,   38.0437,   -0.1192,    5.7888,    0.7197
  -40.2120,    1.8991,  -34.3783,  -40.3975,    2.2937,  -34.3938,    0.4362
   31.0875,  -15.2338,  -22.6302,   30.9937,  -15.3339,  -22.5557,    0.1561
  -16.4227,    6.0469,   -4.3613,  -16.5274,    6.1824,   -4.3244,    0.1752
  -24.8281,    6.7538,  -43.9314,  -24.8656,    6.4554,  -43.6918,    0.3845
  -32.1162,    6.0436,  -40.3592,  -31.9310,    5.8819,  -40.1245,    0.3400
  -15.1660,   -1.8102,    7.8899,  -14.9318,   -1.6413,    7.7637,    0.3152
  -20.3286,  -26.7649,  -12.3814,  -20.2347,  -26.4115,  -12.6893,    0.4780
  -32.1231,  -27.6410,  -24.9815,  -32.9094,  -27.7673,  -24.7299,    0.8352
  -31.6470,    9.4521,  -20.2349,  -31.8271,    9.6272,  -20.1585,    0.2625
   10.7039,   24.2519,   27.3265,   10.7094,   24.2246,   27.3471,    0.0346
  -34.7985,    0.2196,  -42.9486,  -34.6758,    0.2292,  -42.9310,    0.1244
  -10.2857,  -29.7159,  -33.3323,  -10.2305,  -29.7835,  -33.3510,    0.0893
  -19.1717,   -0.7577,    1.0764,  -18.7767,   -0.6666,    0.8303,    0.4742
   26.8486,   19.2960,   -6.4804,   27.2428,   19.7115,   -6.5866,    0.5826
   22.1888,  -15.3422,   -8.2413,   21.6520,  -14.7260,   -8.2757,    0.8180
   -1.7904,   17.4926,    5.1762,   -1.8320,   17.5532,    5.1305,    0.0866
  -32.3464,  -15.2209,  -10.2322,  -32.5377,  -15.4530,  -10.1382,    0.3151
    8.2829,  -17.5854,  -22.2469,    7.9064,  -17.5595,  -21.9942,    0.4542
    7.8741,   -8.0308,   17.3172,    7.9032,   -8.3237,   17.4717,    0.3324
    4.5767,  -18.3941,  -26.9831,    4.8116,  -18.4779,  -27.1221,    0.2854
   -0.9559,    8.0015,   62.5058,   -0.9606,    7.9988,   62.4746,    0.0316
  -17.3310,    2.4987,   11.7817,  -17.4347,    2.3749,   11.7892,    0.1617
   -8.4837,   11.0174,   -1.4509,   -8.5470,   10.7635,   -1.2018,    0.3613
   12.5445,   -6.2642,  -21.1849,   12.3322,   -6.0279,  -21.8048,    0.6965
   16.3957,   -6.6473,   16.6278,   16.3386,   -7.0279,   16.7904,    0.4178
   24.7555,   11.7682,   55.3296,   25.0334,   11.8722,   55.4037,    0.3058
  -20.3618,  -27.0079,  -13.1867,  -20.3430,  -26.9599,  -13.2498,    0.0815
  -22.7271,  -32.1261,  -33.4342,  -22.5648,  -31.8317,  -33.3500,    0.3466
  -25.3769,   -0.3547,  -49.3502,  -25.3446,   -0.3405,  -49.2916,    0.0684
  -17.2340,  -15.4464,   -4.1561,  -17.2453,  -15.4663,   -4.1141,    0.0478
  -33.1090,    5.3895,  -17.1245,  -33.0625,    5.3973,  -17.1481,    0.0527
    3.3361,   -4.4603,   63.1580,    3.3480,   -4.4458,   62.6119,    0.5464
   -5.3454,    1.4295,   58.3852,   -5.4074,    1.3410,   58.3937,    0.1084
    0.5482,   17.4454,   -0.9111,    0.5886,   17.3873,   -0.9181,    0.0711
  -23.4388,  -21.8798,   -8.6595,  -23.2468,  -21.5180,   -8.8528,    0.4530
   34.5354,   10.1202,  -11.9218,   34.6009,   10.1377,  -11.9303,    0.0684
   -8.6523,   11.4843,   49.1056,   -8.6865,   11.4858,   49.1181,    0.0364
   -0.4414,   15.1025,   -0.7997,   -0.6195,   15.0319,   -1.1268,    0.3791
  -22.4173,   26.9736,   21.2193,  -22.4143,   26.9478,   21.2663,    0.0536
   22.2761,   -3.0675,  -26.5559,   22.2597,   -3.0764,  -26.6878,    0.1332
    4.5245,    1.5793,  -18.5858,    4.4537,    1.3947,  -18.5394,    0.2031
  -29.0892,   -8.5245,   -7.3237,  -28.6174,   -8.7209,   -7.4762,    0.5333
  -42.9819,   -5.8075,  -27.7658,  -43.1576,   -5.7760,  -27.7440,    0.1798
   30.5934,   11.6231,  -17.5913,   30.8224,   11.9318,  -17.8464,    0.4613
   -2.6331,   -9.8592,  -38.1109,   -2.6491,   -9.8604,  -38.1022,    0.0183
   32.0295,   -8.9461,   -5.5318,   32.1604,   -8.8143,   -5.6302,    0.2102
    3.4757,   19.7271,   50.9203,    3.4816,   19.1874,   50.7368,    0.5701
   10.9002,  -13.4316,  -20.5523,   10.9078,  -13.4189,  -20.8109,    0.2590
  -15.0605,    9.5116,   25.2166,  -15.3762,    9.4677,   25.5413,    0.4550
  -34.9341,  -16.8682,  -14.8124,  -34.9887,  -16.9171,  -14.7811,    0.0798
   30.6389,    3.8631,   25.9689,   30.6705,    3.8627,   25.9758,    0.0324
    9.8839,    8.5807,  -15.4582,   10.1318,    8.7778,  -15.3543,    0.3333
   27.6003,    3.1499,   47.3326,   27.1932,    3.2140,   47.2550,    0.4194
   19.4626,   22.9636,   16.9502,   19.2879,   22.7492,   16.7720,    0.3289
   30.2080,   15.2098,   -8.5990,   30.2227,   15.2228,   -8.5983,    0.0196
  -35.1469,  -23.2813,  -36.0557,  -34.5768,  -23.0188,  -35.7371,    0.7038
   -8.5271,   14.8641,   44.6128,   -8.6206,   14.8965,   44.6386,    0.1023
   29.2065,   10.1061,   17.0107,   28.5891,    9.3878,   16.8172,    0.9667
   -6.1583,  -25.8188,  -15.4289,   -6.2150,  -25.3734,  -15.4682,    0.4507
  -28.1069,  -21.4965,  -45.1046,  -28.4944,  -21.6216,  -45.5120,    0.5760
  -22.3684,   14.0906,   28.7327,  -22.2999,   14.5331,   28.3626,    0.5809
  -20.2913,  -26.5337,  -12.4763,  -20.2444,  -26.3573,  -12.6300,    0.2386
    1.7410,   16.0112,   -5.0555,    1.7749,   16.0464,   -5.0496,    0.0491
  -17.6532,  -32.4429,  -18.3151,  -17.8044,  -31.5840,  -18.4155,    0.8779
   24.7003,    5.8047,   62.4929,   25.4828,    5.9045,   62.1133,    0.8754
   -8.1064,    2.2874,   33.8680,   -8.1757,    2.2787,   33.8926,    0.0740
   11.4248,   24.4364,   -3.8157,   11.2387,   24.7704,   -3.7033,    0.3986
  -23.0180,  -16.7699,   -5.5519,  -22.7778,  -16.6476,   -6.1502,    0.6563
   34.6726,    5.0951,  -21.8582,   34.6567,    5.0209,  -21.7929,    0.1001
  -21.9211,    4.3649,  -46.1549,  -22.1314,    3.9386,  -45.4240,    0.8719
  -26.3528,  -29.9122,  -16.3593,  -26.3426,  -29.8966,  -16.3709,    0.0219
   31.0801,    6.0777,  -26.2456,   31.1046,    6.0229,  -26.3954,    0.1614
   28.7127,   18.0785,    4.3194,   28.4201,   17.7324,    4.3576,    0.4549
   35.8328,   -1.7454,   -9.7046,   35.8620,   -1.7496,   -9.7085,    0.0298
   37.7023,    1.7315,  -12.1077,   37.8824,    1.3601,  -12.0043,    0.4255
    0.8536,   17.6662,   -7.7989,    0.8613,   18.0463,   -7.4152,    0.5402
   17.5970,   -7.5036,   55.3435,   17.5843,   -7.3230,   55.3657,    0.1823
  -16.5841,   20.5476,   36.8245,  -16.5806,   20.5546,   36.8176,    0.0104
   28.0877,  -15.8531,  -23.6089,   28.0364,  -15.6825,  -23.6722,    0.1891
    2.5475,   19.2963,   -7.6550,    2.5757,   19.2673,   -7.6535,    0.0405
   14.3274,   17.8841,  -25.2232,   14.4490,   17.9603,  -25.2803,    0.1544
   33.8572,    4.0523,   14.8743,   33.3928,    4.0989,   14.7499,    0.4830
   14.8743,   20.4098,   45.1688,   14.6514,   20.0644,   45.1736,    0.4111
    2.0459,  -22.4824,  -29.7095,    1.8374,  -22.1761,  -29.6339,    0.3781
   15.5112,  -17.5138,  -10.4464,   15.9788,  -18.1622,  -10.5237,    0.8031
    6.1260,   -2.2505,  -21.6005,    5.9977,   -2.3341,  -21.5512,    0.1609
  -11.3119,   14.6477,   37.5776,  -10.2835,   14.3960,   37.5155,    1.0605
   -5.6576,   20.1436,   41.3821,   -5.5198,   20.6061,   41.5892,    0.5252
   25.6457,   -1.8097,   49.8219,   25.0171,   -1.4939,   49.7514,    0.7070
  -13.3255,   26.8758,   34.4148,  -13.3576,   27.0927,   34.6060,    0.2909
    8.8553,   23.7776,   -4.0993,    8.7932,   24.0841,   -4.1758,    0.3220
   23.2498,   -6.4213,   28.5054,   23.2937,   -6.5075,   28.5023,    0.0968
    0.4912,  -21.1485,  -39.6090,    0.4337,  -21.1474,  -39.5368,    0.0923
   -3.2906,   -6.9205,   21.4641,   -3.2677,   -6.9048,   21.4632,    0.0278
   -6.9168,   14.6721,   51.6677,   -7.0594,   14.7454,   51.6867,    0.1615
   15.3784,    1.2601,  -22.4016,   15.3809,    1.2624,  -22.4007,    0.0035
   39.6963,    7.9337,   -2.5550,   39.6544,    7.9179,   -2.5507,    0.0450
  -17.2519,    4.4722,    1.2037,  -17.5652,    4.5452,    1.0359,    0.3628
   10.6408,  -18.5356,  -11.1579,   10.6319,  -18.2738,  -11.1840,    0.2632
  -21.9052,  -18.8534,  -49.1803,  -22.0436,  -19.0777,  -49.6968,    0.5799
   18.5499,   -8.3961,  -26.7725,   18.7852,   -8.5164,  -26.0659,    0.7544
   -0.6063,   -1.7184,   42.4748,   -0.6063,   -1.7181,   42.4748,    0.0003
   27.8269,   -8.3083,    0.1703,   28.0113,   -8.4848,    0.2134,    0.2588
    0.5736,    9.4184,   -6.7575,    0.5940,    9.1503,   -6.7139,    0.2723
  -35.7697,  -13.9908,  -14.7360,  -35.9228,  -14.0168,  -14.6874,    0.1628
   15.1888,    1.7649,  -22.9024,   15.2981,    1.9238,  -22.8434,    0.2017
  -30.0479,  -24.4278,  -15.3045,  -30.0656,  -24.3441,  -15.4027,    0.1301
  -10.9331,    8.0705,  -43.6027,  -11.2678,    7.6744,  -42.9285,    0.8505
  -34.4584,  -25.7316,  -28.5006,  -34.9173,  -25.9713,  -28.7174,    0.5612
   -6.4379,    3.3174,   49.6235,   -6.9993,    2.6660,   49.4767,    0.8723
   19.5443,   -7.0156,   57.4051,   19.5256,   -6.9555,   57.4104,    0.0632
  -18.2771,   -9.0195,   -2.4897,  -18.4666,   -9.3063,   -2.0594,    0.5508
   17.2053,   11.8492,   63.1570,   17.2165,   11.8248,   63.1051,    0.0584
    7.2682,   21.4282,   38.7910,    7.2337,   22.2188,   38.8950,    0.7981
   20.7512,   18.9644,  -22.6156,   20.8455,   19.4090,  -22.8317,    0.5033
   25.3484,   20.6958,   11.4406,   25.2880,   20.6149,   11.4026,    0.1079
  -23.4433,  -14.2522,  -49.7980,  -23.2531,  -14.2271,  -49.4786,    0.3725
  -35.2622,   -2.1412,  -41.8894,  -34.6556,   -2.0935,  -41.8022,    0.6147
    0.2273,   -2.1373,  -30.1189,    0.0888,   -2.3018,  -30.1110,    0.2151
   20.2562,   13.0503,  -27.5982,   20.3739,   13.3082,  -28.2287,    0.6914
  -18.9165,   29.8226,   27.7626,  -18.9173,   29.8053,   27.7615,    0.0173
  -37.1380,   -1.7470,  -38.7728,  -37.0920,   -1.7219,  -38.7399,    0.0619
   37.2939,    3.5888,  -18.5182,   37.1148,    3.6757,  -18.4233,    0.2205
   14.6773,   -4.3737,  -21.9415,   14.6813,   -4.3787,  -21.9297,    0.0135
    4.7733,   -9.6434,   16.1016,    4.8097,   -9.7284,   16.1425,    0.1011
   -0.7341,   -3.4813,   37.3678,   -0.7382,   -3.1341,   37.1663,    0.4014
   29.0093,   15.3637,    9.4449,   29.0272,   15.3974,    9.4687,    0.0450
   16.9807,   -6.8039,   50.0704,   16.9529,   -6.5161,   50.0597,    0.2893
   19.4234,   -9.6423,  -26.7895,   19.5017,   -9.7091,  -26.5447,    0.2656
   14.2325,   22.2772,  -21.2123,   14.2521,   22.3026,  -21.2509,    0.0501
    0.1825,   -1.9313,   55.6273,    0.1185,   -2.1249,   55.6560,    0.2059
   10.2973,  -18.9206,  -15.3279,    9.9106,  -18.4452,  -15.3741,    0.6145
  -21.0667,   15.2466,  -29.2265,  -21.0777,   15.1968,  -29.2257,    0.0511
   19.6877,  -11.6502,  -26.4154,   19.6746,  -11.6602,  -26.4385,    0.0284
   12.4320,   -5.3013,   45.1713,   12.3134,   -5.8203,   45.0543,    0.5451
    6.2174,  -17.5081,  -24.2724,    6.4631,  -17.5430,  -24.4082,    0.2829
   -4.1392,    0.3330,   44.8855,   -4.1858,    0.2526,   44.9026,    0.0945
  -19.5260,   12.2970,   11.4748,  -19.5653,   12.3496,   11.3979,    0.1011
    3.2352,   12.9723,  -23.9774,    3.0795,   12.7706,  -23.9635,    0.2552
   -8.9409,   12.4580,  -18.5697,   -9.0899,   12.2814,  -18.5320,    0.2341
    3.6990,   -4.4735,  -24.2853,    3.9772,   -4.3265,  -24.7534,    0.5640
   24.3220,    8.6886,   61.3211,   25.0371,    8.7222,   61.3341,    0.7160
  -23.4988,  -32.1277,  -33.2197,  -23.1910,  -31.5695,  -33.0599,    0.6572
   -1.1386,   -1.3031,   63.4752,   -1.0313,   -1.1524,   62.6393,    0.8561
  -18.4595,  -32.8168,  -22.8248,  -18.5163,  -32.5077,  -22.9013,    0.3235
   11.7614,   24.1214,   19.8154,   11.7320,   23.9933,   19.7993,    0.1324
