       Inf,   11.9813,  166.9583,  -15.8283,   28.5809,  -29.8893,  -36.0203
  -24.7354,   -4.9558,  -11.3002,  -24.7666,   -4.7955,  -10.7482,    0.5756
   19.7078,   18.6310,   56.5006,   19.7849,   18.6623,   56.5241,    0.0864
  -25.9693,  -20.2551,  -11.4313,  -25.7482,  -19.9084,  -11.6682,    0.4745
   14.5444,   23.0772,   30.9330,   14.6608,   23.3953,   30.9872,    0.3431
   22.6553,   -0.3144,   38.2797,   21.7955,    0.3153,   37.9878,    1.1050
  -16.6817,  -32.3328,  -33.8544,  -16.7051,  -32.2664,  -33.8460,    0.0709
  -38.4610,  -20.7538,  -22.8370,  -38.3811,  -20.7141,  -22.8905,    0.1040
   -3.1331,    5.1887,   40.3906,   -3.4254,    5.1985,   40.4011,    0.2926
  -31.4243,    7.7115,  -36.9589,  -31.4084,    7.6663,  -36.9412,    0.0510
  -33.8489,    0.8840,  -45.2150,  -33.6357,    0.6107,  -44.9026,    0.4666
   12.0590,   22.7592,   22.2241,   12.0830,   22.3462,   22.1501,    0.4203
    6.4485,   19.3688,   -2.2214,    6.0950,   19.4779,   -2.2188,    0.3699
   -2.3620,   13.1454,   60.8607,   -1.6701,   12.7598,   60.8975,    0.7929
  -25.8695,  -31.7157,  -30.4216,  -25.9957,  -32.1910,  -30.4389,    0.4921
  -30.8704,  -26.5735,  -41.6398,  -30.7997,  -26.4819,  -41.5835,    0.1287
  -41.7625,   -5.5777,  -24.4939,  -42.0363,   -5.4958,  -24.4544,    0.2884
    8.1643,   15.0375,   -9.7145,    8.6438,   15.3415,   -9.8294,    0.5792
   20.7321,   -0.5791,   49.6992,   20.8088,   -0.6267,   49.7112,    0.0910
  -35.4025,    3.0452,  -40.9904,  -35.7668,    3.2548,  -41.1772,    0.4600
   25.8928,    2.6074,  -29.5847,   25.9248,    2.6147,  -29.4738,    0.1156
  -32.5624,  -13.5970,  -12.2351,  -32.5276,  -13.6159,  -12.2662,    0.0503
  -14.2788,   15.8276,   39.7551,  -14.1835,   15.8815,   39.6885,    0.1281
   26.7330,   17.8963,   -8.1605,   26.9224,   18.0825,   -8.1610,    0.2656
    2.7799,   -7.0223,   25.5891,    2.9252,   -7.2521,   25.6277,    0.2746
   13.3056,   23.4618,   40.7749,   13.3053,   23.4635,   40.7741,    0.0018
  -33.0550,  -28.0927,  -33.1676,  -33.2274,  -28.2881,  -33.1679,    0.2605
    1.2137,   16.7312,    9.8540,    1.0382,   16.6852,    9.7525,    0.2079
   22.5382,   14.2002,   44.7511,   22.8514,   14.3664,   44.7687,    0.3550
  -30.5981,  -16.3141,  -11.8588,  -30.5361,  -16.3658,  -12.3098,    0.4582
  -42.4731,   -8.5163,  -25.6787,  -42.5193,   -8.5201,  -25.6681,    0.0475
   26.2773,   -5.8204,  -26.0655,   26.2850,   -5.7728,  -26.0130,    0.0712
  -42.5709,   -8.8176,  -25.9313,  -42.5560,   -8.8164,  -25.9347,    0.0154
   -2.9826,   -3.3237,  -37.1661,   -3.0839,   -3.3625,  -37.1859,    0.1103
   15.3578,    0.2360,  -21.5494,   15.2955,    0.2758,  -21.6507,    0.1254
    1.0435,  -19.9555,  -27.8613,    0.8011,  -19.8505,  -27.7596,    0.2831
   31.4342,   -4.2026,   -2.8965,   30.9929,   -3.9118,   -2.8434,    0.5312
   32.0317,    4.9938,  -16.1372,   31.7498,    4.9295,  -16.0065,    0.3173
  -11.5181,    3.2599,   10.1618,  -11.0651,    3.2042,   10.1881,    0.4571
   10.5839,    7.0852,   66.8315,   10.2115,    6.7263,   66.5201,    0.6037
  -20.4095,  -28.6365,  -43.9588,  -20.4202,  -28.4296,  -43.8235,    0.2474
   29.3020,   -6.5019,   -0.6859,   29.1625,   -6.4456,   -0.7283,    0.1563
   -1.1723,   -1.8912,   39.3385,   -0.9751,   -1.6216,   39.0058,    0.4715
   20.9325,   19.2867,  -18.8123,   20.7686,   18.8545,  -18.6377,    0.4941
  -12.8645,   -0.9724,  -50.7135,  -13.4350,   -1.4259,  -49.8830,    1.1049
   -2.8610,   -6.2726,  -40.8405,   -2.7490,   -6.1882,  -40.8884,    0.1482
    8.7004,   23.7776,   10.6136,    9.0190,   23.2608,   10.5301,    0.6129
  -11.4920,    1.6405,    8.2286,  -11.1495,    1.5985,    8.2485,    0.3456
  -30.9709,  -10.9155,  -50.8244,  -30.9061,  -10.8485,  -50.5471,    0.2925
  -43.0611,  -15.8682,  -32.5211,  -43.1968,  -15.9093,  -32.5122,    0.1421
   25.8556,   -5.9019,  -25.7094,   25.8457,   -5.9627,  -25.7767,    0.0913
   -1.4242,   11.6823,    1.7928,   -1.8132,   12.2597,    1.5162,    0.7491
   -2.4235,    2.2840,   45.8708,   -2.7160,    2.1774,   45.8645,    0.3114
    5.2115,   -0.1848,  -20.3278,    5.5866,   -0.1896,  -20.4599,    0.3977
  -10.9229,   -5.3395,  -51.0259,  -11.3726,   -5.5491,  -50.5023,    0.7213
    3.7625,   22.6609,   25.8043,    3.5480,   22.0882,   25.8916,    0.6178
   11.3127,   23.7704,    0.7779,   11.3145,   23.7621,    0.7759,    0.0088
  -38.8438,    2.4932,  -29.5314,  -38.5345,    2.1923,  -29.5256,    0.4316
   20.5206,   22.9396,    8.5760,   20.8658,   23.3287,    8.6078,    0.5211
   26.5780,  -10.9208,  -19.7402,   26.9067,  -11.1268,  -19.9317,    0.4327
   25.4480,   17.7874,  -15.8686,   25.1944,   17.5473,  -15.6984,    0.3885
    1.1876,   -3.1588,  -25.8618,    1.1756,   -3.1661,  -25.8420,    0.0243
   16.1476,   -3.7862,   41.1788,   16.1662,   -3.7182,   41.1748,    0.0706
   25.3851,   16.0481,   12.8708,   25.3203,   16.0367,   12.8552,    0.0677
  -34.0876,    1.3578,  -17.7575,  -34.0507,    1.2770,  -17.8407,    0.1216
   32.0112,    1.0820,  -19.6215,   32.4855,    1.4741,  -19.8026,    0.6414
  -17.9035,    8.8577,  -19.8315,  -17.8228,    8.5673,  -19.9838,    0.3377
  -37.7013,   -5.4840,  -42.1384,  -37.9349,   -5.6068,  -42.2506,    0.2868
   11.1338,    9.1425,  -20.7627,   11.5031,    9.6548,  -20.9485,    0.6583
   22.8085,   13.7398,   41.0810,   23.0453,   13.8603,   41.0420,    0.2686
   24.2907,   19.7841,   -7.4031,   24.3568,   19.9093,   -7.4183,    0.1424
  -13.6222,   17.0608,   25.9296,  -13.7840,   17.1648,   25.7416,    0.2689
  -18.3332,   -8.7009,   -5.8762,  -18.3443,   -8.6970,   -5.8331,    0.0447
   23.5642,    9.6667,   53.0721,   23.0454,    9.6766,   52.9934,    0.5248
   24.1857,   19.5996,   11.2625,   24.5154,   19.7277,   11.5609,    0.4628
   -7.8171,    5.8757,   22.6061,   -8.0757,    5.6554,   22.7886,    0.3856
    1.4597,   19.2603,   56.8346,    1.5613,   19.1208,   56.8196,    0.1733
   32.5096,   12.3202,    3.3956,   31.8909,   11.7912,    3.1545,    0.8489
   10.5942,   -3.9805,   64.3241,   10.6084,   -4.1783,   64.3125,    0.1987
    9.8887,   18.6199,  -25.0898,    9.8885,   18.6084,  -25.0825,    0.0136
    4.4474,   -3.2450,   56.1833,    4.7147,   -2.8230,   56.2338,    0.5021
    5.4618,   -7.9386,   17.6375,    5.4926,   -8.2803,   17.7596,    0.3642
   11.7281,   -5.2711,   23.2365,   11.6293,   -5.6989,   23.4053,    0.4704
    8.2957,   19.8499,  -10.9559,    7.9991,   19.9557,  -11.0022,    0.3182
   -9.3331,  -24.8167,  -16.6267,   -9.7486,  -24.4387,  -16.8503,    0.6045
   25.5346,    2.7797,   28.4793,   25.7961,    2.7499,   28.5367,    0.2693
  -40.2295,   -1.9093,  -24.6687,  -40.6301,   -1.5929,  -24.6211,    0.5127
   -7.5937,  -10.0403,  -48.1558,   -7.7109,  -10.0177,  -48.0537,    0.1570
   19.4333,   -1.1824,   51.6388,   19.7132,   -1.4054,   51.7703,    0.3813
   18.3246,   -3.3152,   41.6268,   18.4587,   -3.7057,   41.6749,    0.4156
   13.3159,   -3.6963,   43.3290,   13.2726,   -3.1309,   43.3790,    0.5693
  -41.9435,  -18.4697,  -33.7912,  -42.1134,  -18.5599,  -33.8014,    0.1926
  -27.9801,  -18.2352,  -11.0671,  -28.0644,  -18.0918,  -11.4413,    0.4095
   -7.3524,  -10.3667,  -47.6199,   -7.3789,  -10.3616,  -47.5968,    0.0356
   17.2347,   -8.5190,    6.0864,   17.5475,   -9.2428,    6.3183,    0.8219
   17.1013,   -3.8366,   48.9628,   17.0387,   -4.0472,   48.9753,    0.2200
   20.7642,   -2.0226,   39.4797,   20.7422,   -2.0164,   39.4800,    0.0229
    9.6705,   22.3316,   33.8134,    9.6397,   22.4138,   33.8250,    0.0885
    5.7202,   17.8288,   -3.4829,    5.5529,   17.9631,   -3.4348,    0.2199
   -3.6020,   16.0670,   15.2639,   -3.5952,   16.0545,   15.2780,    0.0200
   16.1535,   23.2933,   43.4689,   15.9963,   23.0802,   43.4472,    0.2657
  -38.0410,    2.6863,  -27.5331,  -38.0618,    2.7060,  -27.5328,    0.0286
   18.4856,  -14.0269,  -15.4085,   18.4898,  -14.0318,  -15.4111,    0.0070
   -1.3927,    3.9744,   64.0606,   -1.0066,    4.0036,   64.0922,    0.3885
  -38.9479,  -15.7455,  -39.6769,  -39.2418,  -15.6519,  -39.6980,    0.3092
   11.7291,   -3.8735,   34.0307,   11.8491,   -3.2335,   33.9724,    0.6537
    7.2183,    9.1222,   -7.3636,    6.7380,    9.3355,   -7.6239,    0.5865
   -4.0112,    5.8514,  -18.7732,   -3.8881,    6.2106,  -18.7610,    0.3799
    0.2155,    4.5061,   65.8945,    0.1883,    4.5244,   66.5431,    0.6495
   21.4865,   -1.3009,   40.5778,   20.9965,   -1.1628,   40.5839,    0.5091
   23.0949,   11.8829,   52.4139,   22.9374,   11.8473,   52.3836,    0.1643
   27.8542,   17.3294,    4.5641,   27.5735,   17.0620,    4.5151,    0.3908
   -7.6023,    6.4078,  -28.6198,   -7.1393,    6.6302,  -28.4586,    0.5384
  -17.5204,  -32.1648,  -35.6478,  -17.5395,  -32.0723,  -35.6311,    0.0959
   34.1517,    8.8379,   -9.2934,   34.2779,    8.8456,   -9.4071,    0.1701
  -19.2898,  -26.8166,  -15.1770,  -19.3822,  -26.3738,  -15.5794,    0.6054
   -6.4057,   13.5078,   42.6355,   -6.4500,   13.4519,   42.7361,    0.1233
  -32.4035,  -16.4361,  -12.4980,  -32.1975,  -16.2346,  -12.9065,    0.4999
  -42.6166,  -17.5651,  -33.8869,  -42.6460,  -17.5820,  -33.8892,    0.0339
    4.9680,   14.9899,   -0.9233,    4.7767,   15.0476,   -0.9175,    0.1999
  -35.0156,   -2.6551,  -16.2066,  -34.6815,   -2.8645,  -16.4544,    0.4658
   -3.0635,    5.4870,   60.9066,   -2.4563,    5.7848,   60.8516,    0.6786
  -35.1217,    3.1591,  -41.7765,  -35.3561,    3.2735,  -41.9102,    0.2931
   -9.7153,   23.6290,   36.8589,   -9.7379,   23.7360,   36.8795,    0.1113
   27.4613,  -10.9325,  -18.7129,   27.6214,  -11.0328,  -18.8062,    0.2108
   21.5312,   16.2386,   48.6394,   21.4357,   16.1501,   48.6299,    0.1305
   24.2114,   20.8757,    2.8499,   24.5284,   21.5246,    2.9085,    0.7246
  -13.6239,  -31.6187,  -29.1921,  -13.7751,  -31.3241,  -29.2129,    0.3318
   27.3366,   -9.0165,   -9.3317,   27.2109,   -8.8795,   -9.3016,    0.1883
    0.7602,   14.8294,    7.4239,    0.7309,   15.1652,    7.2485,    0.3800
    6.0904,   -0.7193,  -19.9660,    6.1001,   -0.6241,  -20.1702,    0.2254
   14.7637,   22.5847,   54.7439,   14.7237,   22.2355,   54.6981,    0.3545
   19.8156,    5.7152,   66.3359,   19.8230,    5.6555,   66.1808,    0.1664
   17.4437,    8.7411,  -27.2293,   17.4865,    8.8226,  -27.0897,    0.1673
   -3.7770,   11.4922,   49.8801,   -4.4360,   11.1246,   49.8412,    0.7556
  -36.0368,  -17.7927,  -44.4726,  -35.8217,  -17.6344,  -44.2654,    0.3380
  -16.9361,  -31.6123,  -25.0339,  -16.9084,  -31.7438,  -25.0133,    0.1359
   31.1140,   -4.5233,   -2.3877,   30.7901,   -4.3098,   -2.3487,    0.3899
   31.3094,   11.8892,  -10.8833,   31.8183,   12.2947,  -11.0208,    0.6650
   11.5468,   -5.3904,   22.5020,   11.4130,   -5.9324,   22.7336,    0.6044
   20.8401,    7.2357,  -27.1325,   20.5472,    7.4054,  -26.7522,    0.5092
  -37.5314,  -16.2567,  -42.4001,  -37.2904,  -16.5827,  -42.4201,    0.4059
  -26.7127,   -0.9733,  -14.1859,  -26.7522,   -0.8070,  -13.9122,    0.3227
  -24.9907,   10.4049,  -39.2358,  -24.7655,    9.9561,  -39.1082,    0.5181
  -39.5424,    0.3365,  -27.1194,  -39.4882,    0.3207,  -27.1370,    0.0592
  -23.5624,  -17.3586,  -51.7804,  -23.5273,  -17.3056,  -51.6007,    0.1906
    4.3967,    6.2601,  -13.0665,    4.5682,    6.5078,  -13.3509,    0.4143
   21.5256,   16.3461,   44.2199,   21.5352,   16.3530,   44.2216,    0.0120
   32.0110,   -0.3719,  -19.8554,   32.5749,   -0.7710,  -20.0381,    0.7146
  -18.0713,  -21.1763,  -11.1253,  -17.9909,  -21.5012,  -10.9110,    0.3974
  -14.3653,   21.0576,   30.7124,  -14.6149,   21.2766,   30.6312,    0.3419
   21.1200,   22.5232,   10.1751,   20.9941,   22.3347,   10.1198,    0.2333
    3.8898,  -14.5969,  -23.4453,    3.8023,  -14.5888,  -23.4176,    0.0921
  -24.0778,   -8.8449,  -10.0002,  -23.7287,   -8.8726,  -10.2272,    0.4173
  -39.1505,  -22.4064,  -35.4263,  -39.2108,  -22.4493,  -35.4550,    0.0794
   33.2506,   -0.3231,  -14.8915,   34.0457,   -0.7234,  -15.0840,    0.9108
   23.9993,   -8.5075,    0.4499,   24.0953,   -8.7633,    0.5650,    0.2964
   18.8890,   22.1281,  -11.9219,   18.8108,   21.9210,  -11.9216,    0.2213
    6.3397,   16.7432,  -16.0490,    6.7992,   16.9385,  -16.1437,    0.5082
    5.7431,   -3.7898,   65.1798,    5.7587,   -3.7146,   65.1853,    0.0770
   20.5354,   19.2474,   24.4624,   20.4342,   19.1479,   24.4121,    0.1506
   20.4483,   22.9999,    2.1443,   20.6414,   23.4265,    2.1805,    0.4696
  -17.2019,   -7.2884,  -52.7633,  -17.1753,   -7.3249,  -53.3164,    0.5549
    6.5360,   18.4047,   -5.2800,    6.5341,   18.2765,   -5.1488,    0.1835
    7.4000,   15.0277,  -16.6114,    7.5295,   15.0881,  -16.6353,    0.1449
   17.3620,   -3.7909,   36.3262,   17.5405,   -4.5561,   36.4041,    0.7896
  -12.7553,    4.8237,   -8.0599,  -12.7656,    4.8876,   -8.0564,    0.0648
   -1.7601,   -7.7260,  -36.9155,   -1.5404,   -7.7124,  -36.9029,    0.2205
   -1.0767,   -6.3489,  -30.9511,   -1.1270,   -6.3427,  -30.9302,    0.0548
    4.4520,   -2.5303,   45.3868,    4.6042,   -2.1914,   45.4124,    0.3724
   10.0891,   -3.6024,   51.1348,   10.0901,   -3.5912,   51.1345,    0.0113
   17.7109,   22.0007,   41.5654,   17.4514,   21.8265,   41.5320,    0.3144
  -14.7236,    3.7514,   -7.5140,  -14.8001,    3.8705,   -7.4562,    0.1529
  -39.6102,  -10.3013,  -37.5689,  -39.6485,  -10.2979,  -37.6198,    0.0638
   17.3511,   21.1406,   56.2797,   17.0951,   20.7293,   56.2192,    0.4882
    5.9546,   17.8382,   -4.1862,    5.5389,   18.1720,   -4.0667,    0.5464
   -1.5869,  -10.5179,    1.9507,   -1.8374,  -10.2780,    1.6491,    0.4596
    3.4290,  -10.0548,   11.3293,    3.2381,   -9.2017,   11.3788,    0.8756
   23.7164,   -4.6358,   17.6721,   23.6916,   -4.0570,   17.5103,    0.6015
  -30.8266,    9.7658,  -27.9160,  -30.6446,    9.5556,  -27.9738,    0.2840
  -37.7957,  -14.4989,  -17.8454,  -37.8392,  -14.5028,  -17.8138,    0.0538
   -7.0489,  -27.7239,  -31.6636,   -7.3437,  -27.3093,  -31.6140,    0.5111
    8.1431,   11.7823,   -6.3664,    8.1650,   11.4991,   -5.9512,    0.5031
   -3.0562,   18.4123,   17.2557,   -3.1477,   18.5710,   17.1508,    0.2111
   19.3579,   21.0849,   21.8032,   19.5691,   21.2926,   21.9081,    0.3143
   22.8233,   13.2169,   37.0417,   23.0301,   13.3344,   37.0672,    0.2392
  -12.6312,   23.1492,   33.0533,  -12.7138,   23.2590,   33.0401,    0.1380
  -17.2781,  -32.5318,  -28.2075,  -17.3115,  -32.3953,  -28.2380,    0.1437
    6.1523,   14.2482,   -3.5153,    6.1934,   14.1992,   -3.4389,    0.0996
    2.5335,  -18.5382,  -23.7912,    2.8851,  -18.7245,  -23.9661,    0.4347
    9.2032,   21.5708,   -5.1281,    9.0994,   21.7335,   -5.1576,    0.1952
   -1.8864,   18.3063,   15.6591,   -1.8883,   18.3096,   15.6569,    0.0044
   19.3901,   -3.4061,   39.4902,   19.4801,   -3.6417,   39.5324,    0.2558
   25.2237,   19.2061,   -2.9235,   25.4445,   19.4149,   -2.9086,    0.3043
  -27.0222,  -18.1948,  -50.5493,  -26.9723,  -18.1545,  -50.4120,    0.1516
   25.4683,    7.7459,  -26.0898,   25.7621,    7.6733,  -26.3004,    0.3687
   18.8487,   -1.8408,   60.9769,   18.8857,   -1.6144,   60.9454,    0.2316
    8.3912,   -4.5919,   28.5548,    8.4976,   -5.0703,   28.6657,    0.5025
   16.8491,   -3.8702,   47.8979,   16.7988,   -4.0393,   47.9079,    0.1766
   13.9867,   11.8722,  -27.7086,   13.9966,   11.8851,  -27.8052,    0.0979
  -28.7879,  -24.4825,  -15.6994,  -28.0757,  -24.0436,  -16.4791,    1.1436
  -38.7770,  -19.0290,  -21.8815,  -38.7767,  -19.0288,  -21.8817,    0.0004
    3.1504,  -20.0855,  -21.3339,    3.2585,  -20.1689,  -21.2991,    0.1409
   -2.2659,   21.0619,   19.2575,   -2.0546,   20.6579,   19.4454,    0.4932
    1.7729,   -5.5302,  -26.3919,    2.0131,   -5.6407,  -26.7547,    0.4490
   -3.7876,    8.5069,   63.5916,   -3.5063,    8.3124,   63.5792,    0.3423
   13.7584,   23.4838,   -4.3361,   13.9852,   22.9269,   -4.3802,    0.6029
   20.9258,   10.5348,  -26.7574,   21.0613,   10.6904,  -26.8966,    0.2490
   27.7042,   17.0299,   -1.8828,   27.6069,   16.9643,   -1.8858,    0.1174
   -4.2340,   13.9044,   11.4786,   -4.2140,   13.8680,   11.4853,    0.0421
   -2.0845,   17.7536,   15.6154,   -2.2199,   17.9883,   15.4602,    0.3122
  -11.2842,  -28.0700,  -41.6957,  -11.4771,  -28.0341,  -41.4108,    0.3459
   -1.0719,   16.9920,   54.2417,   -1.2414,   17.1914,   54.2729,    0.2635
   -2.7345,  -17.3143,  -41.7968,   -3.1314,  -17.2755,  -41.4404,    0.5349
    0.3711,   13.3128,    2.9416,    0.3341,   13.4732,    2.8818,    0.1751
   -6.0519,  -11.9829,   -1.8922,   -6.0163,  -11.3811,   -2.1478,    0.6548
  -25.0425,   11.7499,  -27.1613,  -25.0292,   11.5508,  -27.2022,    0.2037
   29.5471,   -7.5844,  -19.8539,   29.0743,   -7.3812,  -19.7578,    0.5235
    5.9368,   17.8895,   -4.1875,    5.5550,   18.1961,   -4.0777,    0.5018
    9.2616,    7.2340,   67.5218,    9.2800,    7.2433,   67.5344,    0.0242
  -36.4167,  -24.3594,  -37.1924,  -36.3562,  -24.2754,  -37.1462,    0.1133
   -2.8380,  -24.4418,  -22.1178,   -3.1636,  -23.7503,  -22.0847,    0.7649
   16.2619,   12.1638,   65.0982,   16.2770,   12.1559,   65.3255,    0.2279
  -11.3108,   23.4986,   36.4434,  -11.3087,   23.4888,   36.4415,    0.0102
    6.3560,    2.7239,  -16.6145,    6.1939,    2.2585,  -16.3119,    0.5784
    1.9220,    5.8823,  -13.9849,    2.0582,    6.2746,  -14.1356,    0.4418
   11.5072,  -14.1435,   -2.6193,   11.5109,  -14.3142,   -2.5973,    0.1722
   -5.8840,   -7.8018,    4.5639,   -5.9783,   -7.9887,    4.6802,    0.2395
   30.6439,   -5.3207,   -3.4725,   30.5274,   -5.2735,   -3.5121,    0.1318
   18.1241,   20.2324,   33.6281,   18.7075,   20.7579,   33.4486,    0.8054
   -6.1959,   24.4638,   34.6084,   -6.2588,   24.2151,   34.5809,    0.2580
  -36.0062,  -24.9918,  -37.2065,  -35.6562,  -24.7155,  -36.9964,    0.4929
    7.9932,   21.5673,   41.7696,    7.9971,   21.4696,   41.7580,    0.0985
   31.1875,   12.5969,   -5.6951,   31.5820,   13.0222,   -5.7695,    0.5849
    3.7143,   22.3264,   26.9822,    3.6857,   22.2535,   26.9970,    0.0797
    4.7942,   -3.7087,   64.7331,    4.8393,   -3.4916,   64.7490,    0.2222
  -26.9677,   11.1123,  -25.6810,  -26.9675,   11.1091,  -25.6817,    0.0033
   -7.4613,    7.1265,    0.5566,   -7.6226,    7.2674,    0.2853,    0.3457
   23.8039,    0.3997,   34.8223,   22.7275,    0.8735,   34.6407,    1.1900
   33.7784,   -0.2640,   -9.8429,   34.3513,   -0.7291,   -9.8582,    0.7381
  -37.7462,  -17.4726,  -41.2128,  -37.9747,  -17.1635,  -41.1939,    0.3848
    3.9723,   20.4992,    9.6626,    4.2001,   20.1853,    9.7823,    0.4059
   -4.9081,  -11.6036,   -2.1723,   -4.9007,  -11.4799,   -2.2249,    0.1346
   21.8804,    1.5101,   49.7245,   21.9334,    1.4883,   49.7335,    0.0580
   -6.0605,  -16.8489,   -9.8176,   -6.1543,  -17.1564,   -9.2149,    0.6830
  -37.0610,  -19.0055,  -19.2734,  -36.8405,  -18.8798,  -19.4638,    0.3172
    1.4696,   -1.6340,   59.4239,    1.6433,   -1.2645,   59.4073,    0.4087
  -13.1361,   10.8732,  -27.6503,  -13.1670,   10.7626,  -27.6416,    0.1152
   10.9818,   -5.1519,   21.8886,   10.7762,   -5.9842,   22.2441,    0.9282
   12.6684,   22.8099,   36.2166,   12.6789,   22.6537,   36.1812,    0.1605
    2.9226,  -10.1658,    8.9732,    3.1426,   -9.6642,    8.8403,    0.5636
  -20.8368,  -30.1585,  -19.0185,  -20.6827,  -30.2856,  -18.6355,    0.4320
   27.1505,   17.4549,  -12.6758,   27.1081,   17.3940,  -12.6353,    0.0845
    3.6297,  -14.9478,  -23.9501,    3.6030,  -14.9453,  -23.9417,    0.0281
   22.9760,   15.0590,   26.0279,   22.6533,   14.8900,   25.9788,    0.3676
   23.3308,   12.8922,   41.3178,   23.5159,   12.9829,   41.2894,    0.2080
    0.4637,   17.7361,   12.4594,    0.2351,   17.8873,   12.3400,    0.2989
  -21.8906,    9.8160,  -20.7636,  -21.8590,    9.8794,  -20.6860,    0.1051
   22.6736,    8.6818,  -26.5679,   22.6552,    8.6923,  -26.5997,    0.0382
    4.1383,  -17.4787,  -11.2747,    4.5075,  -18.1471,  -11.0847,    0.7869
  -30.7563,  -29.8298,  -31.3684,  -30.9425,  -30.2926,  -31.3809,    0.4991
  -16.4562,  -30.1824,  -40.4861,  -16.4494,  -30.2522,  -40.5153,    0.0760
  -31.7598,  -14.5021,  -11.3131,  -31.8686,  -14.6183,  -11.8025,    0.5146
  -40.1917,  -14.0836,  -20.6136,  -39.9745,  -14.1070,  -20.7748,    0.2715
  -28.7326,  -30.1670,  -24.0235,  -28.8880,  -30.4319,  -23.9220,    0.3235
   16.9592,  -11.8231,   -2.2599,   17.0708,  -12.4822,   -2.0391,    0.7040
   -8.3805,  -24.6025,  -17.4706,   -8.3037,  -24.2235,  -17.9080,    0.5837
   25.6439,    4.4187,   29.1858,   25.7677,    4.4052,   29.2253,    0.1306
   -1.1524,    7.5186,   -8.6688,   -1.2024,    7.6492,   -8.7009,    0.1436
  -29.8190,  -27.7864,  -20.1113,  -29.5392,  -27.5225,  -20.4032,    0.4828
  -17.9762,  -28.5606,  -43.7308,  -17.9450,  -28.7158,  -43.8248,    0.1841
   30.6699,    0.0841,   12.4307,   30.9655,   -0.0719,   12.6449,    0.3970
  -26.7874,  -14.6069,  -51.3483,  -26.7470,  -14.5908,  -51.2337,    0.1226
    2.4726,   -3.3352,   39.0497,    2.4158,   -3.2108,   38.9969,    0.1465
   23.7329,   12.9588,   31.3770,   23.1126,   12.7532,   31.3895,    0.6536
   22.6411,   14.1284,  -22.7390,   22.7106,   14.2081,  -22.7806,    0.1136
   21.0980,    7.0319,   66.0189,   21.1108,    6.9293,   65.7523,    0.2859
  -27.3485,    1.3070,  -14.7248,  -27.3810,    1.1199,  -15.0311,    0.3604
   19.6417,   10.4049,   65.8701,   19.6297,   10.3577,   65.1712,    0.7006
   -6.4798,   14.3361,   15.9698,   -6.6737,   14.6868,   15.5755,    0.5622
  -26.4615,    9.4684,  -39.4104,  -26.3167,    9.1661,  -39.3332,    0.3440
  -39.9506,   -2.5666,  -40.8680,  -40.0702,   -2.6224,  -40.9187,    0.1413
   -0.0078,  -13.5539,  -32.2287,    0.1131,  -13.5161,  -32.2863,    0.1392
   27.9092,   10.0633,  -21.6883,   27.9226,   10.0255,  -21.6857,    0.0402
   15.6560,   -8.4758,  -25.5238,   15.7558,   -8.4602,  -25.3887,    0.1687
   19.4221,    1.1820,  -26.0949,   19.2235,    1.1804,  -26.3636,    0.3342
   -2.9237,    5.4402,   42.6782,   -3.2610,    5.4583,   42.7153,    0.3398
  -27.4966,  -30.7016,  -36.8069,  -27.4909,  -30.6799,  -36.7990,    0.0238
   -0.2716,   -8.8664,   11.9482,   -0.5121,   -9.5948,   12.0089,    0.7695
   16.4773,    4.6883,  -24.2096,   16.5439,    4.8227,  -24.1053,    0.1827
   15.9148,    9.6102,   66.1970,   15.8611,    9.5581,   65.4093,    0.7912
  -27.5175,  -23.2115,  -47.4800,  -27.3273,  -23.0821,  -47.3484,    0.2650
   20.6743,    4.0581,  -27.0437,   20.6720,    4.0588,  -27.0458,    0.0032
    9.2322,   11.8280,  -12.1816,    9.6318,   12.0223,  -12.1341,    0.4469
   22.9323,   20.7706,   11.8485,   22.9205,   20.7442,   11.8413,    0.0298
   -0.6837,   16.0879,   11.1706,   -0.7231,   16.1190,   11.1448,    0.0565
  -18.8003,    0.1852,  -51.5330,  -18.7471,   -0.2384,  -51.1075,    0.6027
   26.2335,   10.6356,   19.0599,   25.6044,   10.6972,   18.7538,    0.7024
  -21.3168,  -31.2622,  -21.8472,  -21.3268,  -31.9181,  -21.7816,    0.6593
    2.9675,   19.4432,   62.1603,    3.0022,   19.3062,   62.1690,    0.1415
   -4.1076,  -12.7054,  -44.2506,   -4.3485,  -12.7527,  -44.0407,    0.3230
  -32.7816,  -20.8100,  -45.2681,  -32.8223,  -20.8458,  -45.3088,    0.0678
  -38.9986,    2.5415,  -33.7142,  -39.2041,    2.7799,  -33.6329,    0.3251
    4.9910,   -0.9625,  -21.1571,    5.2937,   -0.9663,  -21.2637,    0.3209
  -25.6678,    6.3687,  -17.9224,  -25.6774,    6.3991,  -17.8303,    0.0974
  -11.6193,  -28.6384,  -41.5741,  -11.7814,  -28.2565,  -41.3859,    0.4556
  -17.1645,  -32.4753,  -33.7225,  -17.1922,  -32.3461,  -33.7044,    0.1334
  -32.3886,  -11.6048,  -11.5383,  -32.6274,  -11.6775,  -12.1250,    0.6376
   -0.0925,   17.8379,   55.8669,   -0.1331,   17.8857,   55.8742,    0.0631
   13.3542,   -4.1936,   29.8654,   13.2657,   -4.8888,   29.9292,    0.7037
  -34.9468,   -1.9625,  -46.3215,  -34.7489,   -2.0073,  -45.9236,    0.4466
  -31.9489,  -26.5653,  -20.5009,  -31.7335,  -26.3427,  -20.6106,    0.3286
   -1.7330,  -21.0797,  -38.3301,   -2.3109,  -20.9097,  -38.0453,    0.6663
   28.9084,    9.1130,  -21.8587,   28.7889,    9.0527,  -21.7957,    0.1480
   11.2724,    1.3101,  -16.7428,   11.3702,    1.2944,  -16.7031,    0.1067
   -4.3730,   10.3412,   46.3887,   -4.4237,   10.3147,   46.3850,    0.0573
    4.4239,   21.5930,   35.9749,    4.4630,   21.8931,   36.0393,    0.3094
   -6.6670,   15.9965,   18.4226,   -6.9677,   16.5491,   17.9625,    0.7793
  -24.9080,  -20.5928,  -50.1687,  -25.0449,  -20.6728,  -50.4170,    0.2947
   32.8046,   -1.7106,    7.7206,   33.0490,   -2.0191,    8.0246,    0.4973
    1.0857,   -1.0412,   58.5846,    1.1710,   -0.9496,   58.5747,    0.1255
  -13.1552,    9.5679,  -38.6779,  -13.1677,    9.5361,  -38.6707,    0.0349
  -43.3243,   -5.4322,  -30.3484,  -43.0381,   -5.5610,  -30.3819,    0.3156
  -18.9693,  -31.1925,  -22.3067,  -18.8444,  -31.8105,  -22.2441,    0.6336
  -21.5573,  -20.2036,  -10.4287,  -21.6377,  -20.3744,  -10.1706,    0.3198
   31.9179,   -4.4669,    4.1942,   32.1885,   -4.7232,    3.9772,    0.4313
  -14.3540,    8.0086,  -18.0238,  -14.4007,    8.2407,  -17.9008,    0.2668
   -3.0281,   -6.0968,   22.3799,   -3.0386,   -6.1076,   22.3808,    0.0151
  -21.0553,  -24.1198,  -13.2448,  -21.0750,  -24.1770,  -13.1831,    0.0865
   31.0835,   -2.1769,  -20.3367,   31.3580,   -2.3516,  -20.4211,    0.3362
   -4.4459,   17.9405,   47.0052,   -4.8682,   17.9662,   47.2968,    0.5137
   22.8135,   21.3996,    8.8213,   22.9067,   21.6057,    8.8816,    0.2342
  -40.0544,  -21.9352,  -33.0774,  -40.0749,  -21.9625,  -33.0794,    0.0342
   10.7529,   23.9381,   16.2505,   10.8398,   23.6685,   16.2235,    0.2846
    0.8696,   -2.5470,   40.8405,    0.6875,   -2.8106,   40.8463,    0.3204
    5.2999,  -14.4376,  -21.9563,    5.1802,  -14.3761,  -21.7019,    0.2878
  -29.9937,  -26.5344,  -42.4668,  -29.9810,  -26.5109,  -42.4520,    0.0306
   -9.3929,  -24.2423,  -44.3611,   -8.6888,  -24.8990,  -44.7075,    1.0233
  -14.1527,    1.6539,  -50.0460,  -14.3632,    1.1863,  -49.2828,    0.9195
   29.5793,   14.3049,   -3.9994,   29.8369,   14.6711,   -4.0567,    0.4514
   11.7722,   22.4658,   26.2963,   11.8299,   21.7987,   26.2241,    0.6735
   16.8472,   24.0744,   -0.7701,   16.6288,   23.5526,   -0.5090,    0.6229
   24.4234,   20.8911,   -0.0480,   24.4816,   20.8948,   -0.0961,    0.0756
  -33.2084,   -9.7819,  -12.1739,  -33.1473,   -9.7879,  -12.0152,    0.1702
   32.7240,    4.4477,  -15.9523,   32.7275,    4.4468,  -15.9558,    0.0050
  -20.9792,  -22.2685,  -11.9042,  -20.9876,  -22.3825,  -11.7149,    0.2212
  -42.5050,  -11.4206,  -26.4197,  -42.5572,  -11.4206,  -26.4075,    0.0536
    9.2357,   23.5633,   15.5572,    9.3422,   23.2524,   15.5507,    0.3287
   25.9594,   -9.1595,  -22.0541,   26.0327,   -9.1765,  -22.1212,    0.1009
  -19.5171,  -11.8777,  -53.3712,  -19.5409,  -11.6934,  -52.9089,    0.4983
    9.8338,   20.9325,  -15.3166,    9.3938,   21.4720,  -15.3020,    0.6962
   24.1148,    5.2057,  -27.8270,   23.8665,    5.5731,  -28.4963,    0.8029
  -13.7805,  -23.2023,  -13.7806,  -14.0298,  -23.5332,  -13.4128,    0.5540
    1.4965,   -9.8400,   12.0721,    1.5067,   -9.8604,   12.0724,    0.0229
   20.9186,   -4.2464,   25.5960,   20.7371,   -3.9562,   25.5601,    0.3442
   -8.6127,   19.5812,   23.5813,   -8.5971,   19.5581,   23.6057,    0.0371
   14.3201,   24.0061,   43.6001,   14.3336,   23.9548,   43.5955,    0.0532
   16.3872,   -2.6332,  -23.2585,   16.3499,   -2.5549,  -23.5485,    0.3027
  -21.3472,   11.1170,  -38.7682,  -21.3467,   11.1647,  -38.7784,    0.0488
   22.2277,    5.3935,   63.6312,   22.5193,    5.3192,   63.5377,    0.3151
  -12.5969,   -8.1732,  -52.3770,  -12.6753,   -8.1667,  -52.2165,    0.1787
   -3.7402,    8.5314,   46.1940,   -3.5165,    8.6646,   46.1799,    0.2608
  -10.5329,   19.6930,   42.7589,  -10.5734,   19.7090,   42.6538,    0.1137
   17.7724,   24.4383,    4.1157,   17.7777,   24.3935,    4.1112,    0.0454
  -35.0945,   -1.3736,  -45.7747,  -34.9993,   -1.3869,  -45.6976,    0.1232
   -9.3226,  -25.7268,  -18.2289,   -9.6458,  -25.2381,  -18.4370,    0.6218
   29.3543,   -6.5933,   -0.6446,   29.1337,   -6.5042,   -0.7117,    0.2472
  -23.7515,   -3.8146,  -51.7990,  -23.8508,   -3.7865,  -51.0384,    0.7676
   33.5831,   11.5777,   -0.4554,   33.3302,   11.3923,   -0.4598,    0.3136
   33.3463,    3.8910,    7.7576,   33.6045,    3.9174,    7.8470,    0.2745
    3.8501,   -2.7713,   58.8816,    4.0065,   -2.4645,   58.8792,    0.3444
  -21.8183,    9.8374,  -41.7842,  -21.7711,    9.4934,  -41.5037,    0.4463
    2.9644,    2.1020,  -19.6820,    3.3763,    2.4660,  -19.9341,    0.6047
  -27.5805,  -25.1291,  -15.5475,  -27.1081,  -24.9235,  -15.6664,    0.5287
   11.6675,    4.7901,  -16.8850,   11.9918,    4.7163,  -16.7541,    0.3574
   -2.4095,   -3.1117,  -31.4584,   -2.6152,   -3.1653,  -31.4278,    0.2148
   33.6530,    8.5381,  -11.0909,   33.3647,    8.5719,  -10.9942,    0.3059
  -33.6979,    7.3299,  -35.4973,  -33.6296,    7.2447,  -35.4584,    0.1160
   20.1710,   23.1691,    6.7459,   20.3467,   23.6295,    6.6957,    0.4953
    7.2631,   20.5549,   59.3966,    7.0778,   21.2283,   59.3341,    0.7013
  -30.9385,    8.1662,  -36.7266,  -30.8695,    7.9713,  -36.6501,    0.2204
  -13.9026,    4.1476,   -7.0103,  -13.9348,    4.1977,   -6.9859,    0.0643
   26.3521,   18.3722,   -9.2230,   26.4956,   18.5134,   -9.2234,    0.2014
    0.8987,  -11.0236,  -29.0335,    0.7567,  -11.0137,  -29.0023,    0.1457
  -18.8792,   11.5889,  -25.5186,  -18.8799,   11.6653,  -25.5219,    0.0765
  -34.9350,  -19.1760,  -16.6389,  -34.7915,  -19.0918,  -16.7302,    0.1898
  -13.5373,   11.4827,   34.2075,  -13.4237,   11.7552,   34.1648,    0.2983
   26.2167,   11.1434,  -22.2062,   26.1695,   11.0963,  -22.1825,    0.0708
    5.3367,   -2.8422,   42.0092,    5.4515,   -2.3889,   41.9977,    0.4677
   -3.0925,    6.8377,   52.2840,   -3.2497,    6.8693,   52.2616,    0.1619
  -16.6556,   -8.0946,  -52.8953,  -16.6391,   -8.1172,  -53.2384,    0.3442
   21.2555,   22.4647,    2.3265,   21.5063,   23.0187,    2.3735,    0.6099
   10.9241,    7.7796,   65.9627,   10.4440,    7.3169,   65.5613,    0.7784
    1.7622,    7.0860,   66.2586,    1.7959,    7.0900,   66.7122,    0.4549
  -21.0937,  -10.3737,   -7.5618,  -21.4040,  -10.5311,   -7.2152,    0.4911
   17.1362,   21.4771,   62.4833,   17.0433,   21.4023,   62.5204,    0.1249
    6.5306,   22.6922,   13.9919,    6.6553,   22.3654,   13.9826,    0.3499
   18.3820,   -2.5653,   50.1511,   18.7451,   -3.2497,   50.2359,    0.7793
   14.7526,   -3.6113,   55.2029,   14.7216,   -3.3911,   55.2094,    0.2224
    2.2242,  -13.2485,  -26.2221,    1.8800,  -13.3692,  -25.8209,    0.5422
  -26.1015,  -11.5470,  -52.3188,  -25.9132,  -11.4284,  -52.2022,    0.2513
