       Inf,  138.9889,  -41.9876,   32.6302,  -65.5508,    4.9324, -107.6748
   33.8354,   16.7445,    3.7806,   33.7379,   16.6647,    3.7481,    0.1302
   -8.7327,    8.5458,  -27.8893,   -8.6432,    8.6067,  -27.9125,    0.1107
   11.1805,   -5.2804,  -24.8342,   11.1809,   -5.3404,  -24.7104,    0.1376
   14.5063,  -12.7869,    3.7537,   14.5541,  -12.9085,    3.9097,    0.2035
    4.5543,    4.6228,   71.6333,    4.6044,    4.4907,   71.5429,    0.1677
   26.8047,   15.6536,  -31.7792,   26.9696,   16.6610,  -32.1363,    1.0815
   18.1504,   16.3758,  -26.4538,   18.0179,   15.6112,  -26.2025,    0.8157
   -2.4856,   14.2428,   38.5521,   -2.3033,   13.6270,   38.1524,    0.7564
   -0.5654,   19.6340,   26.9204,   -0.3488,   20.1462,   27.0499,    0.5710
  -12.3570,    8.1361,   10.0127,  -11.9788,    8.2626,   10.1617,    0.4256
   23.9160,    7.6340,   24.7992,   23.6621,    7.5374,   24.7081,    0.2865
   20.9654,   10.4234,  -24.4500,   20.8671,   10.4331,  -24.5021,    0.1117
  -12.8778,  -16.0244,   -1.7737,  -12.7928,  -16.4897,   -1.3031,    0.6673
   -6.4267,  -21.0844,  -37.7910,   -6.5814,  -20.8889,  -37.7379,    0.2549
  -23.1665,   -0.6669,  -46.5260,  -23.1546,   -0.6249,  -46.5604,    0.0555
   39.4062,    4.8979,    1.8478,   38.8406,    5.4589,    1.5229,    0.8603
    8.3207,   13.7147,   -6.7395,    7.9922,   13.7938,   -7.2075,    0.5772
   -8.4630,   -0.1549,   28.8330,   -9.1668,   -0.7945,   28.8543,    0.9512
  -29.4800,  -31.9832,  -33.7748,  -29.3801,  -31.7633,  -33.6790,    0.2599
   20.4034,    7.5805,   42.5966,   20.1666,    7.5527,   42.5652,    0.2405
   26.8300,  -11.2083,   -9.5682,   26.8474,  -11.2204,   -9.5594,    0.0230
   17.3512,    0.2664,   62.5877,   17.8686,    0.0681,   62.6127,    0.5547
   -6.3681,   -3.9258,  -36.4699,   -6.2274,   -3.8574,  -36.7512,    0.3219
   14.3762,  -14.3893,    1.6417,   14.7158,  -14.8787,    1.9320,    0.6626
   31.7113,   -5.6760,  -31.1661,   31.7437,   -5.6428,  -30.9406,    0.2302
   18.8349,    3.3577,   59.4649,   18.4155,    3.4548,   59.4185,    0.4330
   -7.1975,   20.3232,   11.9869,   -7.1373,   20.7519,   11.5013,    0.6505
  -19.3050,  -18.3995,  -47.4068,  -19.3034,  -18.4021,  -47.4183,    0.0118
   28.5763,   -4.8047,   -0.3578,   28.5822,   -4.8143,   -0.3558,    0.0115
   16.9778,  -12.0970,    3.7175,   16.9927,  -12.1349,    3.7661,    0.0635
    3.4395,    2.7140,  -24.8230,    3.3569,    2.7317,  -24.7776,    0.0959
   -9.5158,  -19.1053,  -43.5416,   -9.5202,  -19.0825,  -43.5084,    0.0406
    6.5027,   -5.3031,   31.4133,    6.5770,   -5.6505,   31.3825,    0.3566
   37.7404,   -0.6317,  -11.4785,   37.5507,   -0.5705,  -11.4643,    0.1998
   19.3710,    6.0737,  -25.7999,   19.5074,    5.8956,  -25.7319,    0.2343
   10.6964,  -11.9522,  -22.7593,   10.6367,  -11.8627,  -22.6969,    0.1243
   13.4201,  -11.8990,  -21.2898,   13.3804,  -11.8433,  -21.2165,    0.1003
   -5.1933,   -0.9465,   39.1356,   -5.2883,   -1.3539,   39.2085,    0.4246
    2.1078,   13.8231,   52.4861,    1.8877,   14.0887,   52.5663,    0.3542
  -10.7319,    9.1077,  -34.6441,  -10.4350,    9.3616,  -34.7970,    0.4196
  -34.8763,   -1.0274,  -43.4548,  -34.7495,   -1.2569,  -43.0355,    0.4945
  -31.2215,  -28.9461,  -14.0038,  -31.1553,  -28.8030,  -14.0531,    0.1652
   19.7512,   22.8927,   12.5547,   19.7625,   23.2240,   12.6829,    0.3555
    2.8451,   -0.1083,  -25.4397,    2.8336,   -0.0044,  -25.5650,    0.1632
   29.3470,   16.3421,   11.2864,   29.5277,   16.3501,   11.3522,    0.1925
  -20.4465,   -8.5998,   -2.8199,  -19.9965,   -8.7251,   -3.1124,    0.5512
   31.7217,   15.2479,    7.8961,   31.7715,   15.2931,    7.9367,    0.0786
  -17.2785,   -6.5907,   -1.3360,  -17.2022,   -6.3007,   -2.1509,    0.8683
   -2.4159,  -23.8443,  -10.3972,   -2.4112,  -23.6467,  -10.3960,    0.1977
  -29.4736,  -27.5726,   -9.4274,  -29.4822,  -27.5913,   -9.4186,    0.0224
   -1.9312,   -3.2898,   59.1768,   -2.2084,   -3.8618,   59.1401,    0.6367
    1.8997,  -13.3186,  -32.3452,    1.6102,  -13.4559,  -32.1049,    0.4006
  -27.7861,   -7.3973,  -48.4672,  -27.9012,   -7.2994,  -48.9660,    0.5212
  -15.6481,  -31.5929,  -15.4307,  -15.6415,  -31.6078,  -15.4227,    0.0181
   34.7981,   17.0895,   -5.1718,   34.7466,   17.0258,   -5.1806,    0.0823
   17.5270,   16.3368,  -20.5496,   17.1939,   15.8823,  -20.6027,    0.5660
   -6.1579,  -21.6505,  -36.5847,   -6.5228,  -21.1894,  -36.4596,    0.6012
   18.1406,  -17.4984,  -13.0121,   17.9802,  -16.9843,  -12.8705,    0.5569
  -11.6244,  -12.3828,    0.3982,  -11.6925,  -12.7894,    1.1131,    0.8252
   36.2394,   -2.3305,   -1.3166,   35.5278,   -1.9901,   -1.7552,    0.9026
   20.7472,   -2.0483,   27.0714,   20.8280,   -2.1672,   27.0649,    0.1439
   21.1298,  -13.8798,  -19.5190,   21.1292,  -13.9026,  -19.5456,    0.0350
  -20.2889,    4.9562,  -11.3756,  -20.2915,    5.0453,  -11.2256,    0.1744
  -30.5853,  -11.0375,   -1.7731,  -30.5006,  -11.0388,   -1.6193,    0.1756
   15.6499,   -3.3850,  -26.1745,   15.8197,   -3.4761,  -25.6412,    0.5670
   22.8661,    5.2085,   30.8502,   22.8832,    5.2055,   30.8532,    0.0176
  -38.1296,   -6.2480,   -7.5868,  -38.4276,   -6.0058,   -7.0092,    0.6935
   34.9759,   -6.2009,  -29.7642,   34.9843,   -6.2061,  -29.7618,    0.0101
    5.9417,   -7.0097,   71.1739,    5.9554,   -7.1440,   71.2183,    0.1421
  -11.7117,    1.8706,   12.2763,  -12.2389,    1.5711,   12.5450,    0.6633
   32.2627,    4.4356,    9.8427,   31.7782,    4.6801,    9.4197,    0.6881
   10.9326,   17.6374,   -9.1321,   10.9292,   17.6242,   -9.1428,    0.0173
   26.9068,   25.0549,  -20.2083,   27.0106,   25.2572,  -20.2123,    0.2273
   -7.9600,  -22.6096,  -38.0568,   -8.1849,  -22.5309,  -37.9981,    0.2454
   14.4795,   -6.1587,   18.1911,   14.1749,   -5.6704,   17.7731,    0.7113
   40.0227,    7.8293,    0.9046,   40.1002,    7.8137,    0.9110,    0.0793
   13.3581,   14.6761,   60.1781,   13.2146,   14.3979,   60.1144,    0.3194
   18.8135,   -4.2309,   21.3018,   19.2031,   -4.6944,   21.3552,    0.6078
   21.5261,   26.1939,  -20.0631,   21.4617,   26.6241,  -20.0303,    0.4362
   11.9513,    5.1754,  -19.7560,   11.9435,    5.2187,  -19.7651,    0.0450
    1.0577,   -3.7953,   45.7411,    1.4930,   -3.1307,   45.9246,    0.8153
   23.0155,   -7.1586,    3.1980,   23.1363,   -7.2810,    3.2455,    0.1784
   19.2068,   -3.3215,   24.5379,   19.4259,   -3.5939,   24.6037,    0.3557
  -12.0864,    3.1405,  -41.9881,  -12.1850,    2.8066,  -41.6966,    0.4540
   -4.5423,   -2.8526,   23.3281,   -4.5844,   -3.5147,   23.3645,    0.6645
    8.2250,  -16.4636,  -11.6892,    7.9318,  -15.9851,  -11.7379,    0.5633
  -28.7479,  -29.0221,  -11.7148,  -28.7223,  -28.9589,  -11.7417,    0.0732
   -5.0363,    9.6699,    3.5954,   -5.0099,    9.6082,    3.6301,    0.0755
  -18.6691,  -28.1752,  -39.5411,  -18.7320,  -27.9828,  -39.4001,    0.2467
  -30.4708,  -31.5563,  -17.0019,  -29.5069,  -31.5023,  -17.2892,    1.0073
  -10.5231,   11.9073,  -22.3057,  -10.0583,   12.5535,  -22.4612,    0.8111
  -14.5604,   -0.1420,    1.3689,  -14.4714,   -0.3006,    1.2091,    0.2421
  -11.9870,   23.4659,   22.0668,  -11.9744,   23.4332,   22.0693,    0.0351
    0.0759,   14.6864,    2.9001,    0.1389,   13.9276,    2.9582,    0.7636
   23.9194,   -3.6216,   11.3421,   24.0120,   -3.7971,   11.3876,    0.2035
  -28.6210,    6.0652,  -39.9987,  -28.8459,    6.3941,  -40.1030,    0.4119
   24.5083,  -10.6836,   -3.6024,   24.6671,  -10.8925,   -3.4983,    0.2823
   -8.5819,  -25.6415,  -11.8776,   -8.5817,  -25.6754,  -11.8510,    0.0431
   40.8363,    5.7263,   -6.6497,   41.2950,    5.5208,   -6.6292,    0.5031
  -23.3305,  -32.8327,  -34.0070,  -23.3969,  -33.0805,  -34.2283,    0.3388
    9.6693,    5.2545,   72.7884,    9.6924,    4.7293,   71.9276,    1.0086
  -33.1566,    5.6680,  -38.1683,  -32.9395,    5.1654,  -37.9337,    0.5956
   22.2256,    1.8846,   33.4607,   21.8054,    2.0487,   33.3201,    0.4725
    0.6447,    4.4769,   69.9237,    0.6383,    4.4499,   69.9087,    0.0316
   19.1801,   -4.4916,   19.3725,   19.4852,   -4.8405,   19.4467,    0.4695
    8.5037,   20.4789,   21.4698,    8.7409,   19.5719,   21.7664,    0.9833
   12.6173,   -3.9320,   70.5601,   12.4855,   -3.7231,   70.2955,    0.3620
  -14.2873,   12.3260,  -33.5984,  -14.3079,   12.2677,  -33.5690,    0.0684
    3.0096,   -6.1019,   28.2891,    2.8345,   -6.5725,   28.6513,    0.6192
    6.1514,   -1.7043,  -25.2078,    5.6753,   -1.6106,  -24.9039,    0.5726
    7.7374,   -4.7256,   41.0357,    7.7453,   -4.6635,   41.0359,    0.0626
   -2.6909,   14.4386,    6.5559,   -2.7030,   14.3418,    6.5730,    0.0990
  -27.1880,  -31.8161,  -33.9776,  -27.2574,  -32.0947,  -34.2262,    0.3797
  -13.9351,    0.1085,  -45.3593,  -14.0979,   -0.1698,  -44.9757,    0.5011
    6.2828,   17.3306,   57.0149,    6.5834,   16.9190,   57.0239,    0.5098
   12.7150,   -3.1959,   70.6648,   12.6584,   -3.1240,   70.4517,    0.2319
   33.5438,    1.4481,    8.0255,   33.5159,    1.4584,    7.8971,    0.1318
  -26.9626,  -16.8076,  -47.9205,  -26.9923,  -16.8308,  -47.9607,    0.0551
   20.0578,   -2.8850,   24.9848,   20.1091,   -2.9488,   25.0002,    0.0833
  -17.9542,  -10.8699,  -47.9114,  -17.9055,  -10.9270,  -48.0071,    0.1217
   28.7054,   17.6099,   10.8450,   28.9939,   17.8137,   11.2161,    0.5123
    4.2894,   -4.9891,   32.6270,    4.2013,   -5.5483,   32.5729,    0.5687
  -30.6494,    9.9616,  -17.0377,  -30.7178,   10.0432,  -16.9532,    0.1359
  -29.1735,  -19.5005,  -46.5223,  -29.0209,  -19.4152,  -46.1165,    0.4418
   10.3400,   11.7492,   72.0943,   10.3302,   12.2092,   72.4917,    0.6080
   18.4533,   21.7049,   23.0003,   18.5463,   22.2517,   23.0752,    0.5598
   -9.0663,    7.5086,   66.0308,   -9.4832,    7.6872,   66.0264,    0.4536
    6.1043,   -8.4412,   18.6828,    6.0780,   -9.2253,   18.8977,    0.8134
  -30.2224,  -16.1207,   -2.9740,  -30.1422,  -16.1784,   -3.5051,    0.5402
   16.3677,   21.8642,   27.3602,   16.3697,   21.8389,   27.3600,    0.0254
   15.9869,   17.7469,  -15.4118,   15.5833,   17.7670,  -15.4514,    0.4060
   18.8397,   -0.6027,   43.5668,   18.6474,   -0.5609,   43.5820,    0.1974
   24.3156,   11.0286,   22.8814,   23.7174,   10.8945,   22.5068,    0.7184
  -29.1309,  -32.3130,  -33.1913,  -29.0580,  -32.1525,  -33.1214,    0.1897
   -2.5760,   -1.9590,   55.1495,   -3.1867,   -2.5308,   54.9298,    0.8649
  -30.9483,    9.3092,  -16.2942,  -30.9053,    9.2579,  -16.3473,    0.0854
   -3.4299,  -13.9290,   -0.3141,   -3.4496,  -14.2232,   -0.1130,    0.3570
    7.2651,   -5.3714,   26.9445,    7.5320,   -5.7961,   26.9957,    0.5042
   -6.6320,   -0.1440,   52.4777,   -6.9330,   -0.4868,   52.5359,    0.4599
   -4.2834,   -2.1963,   32.6043,   -4.3600,   -2.5145,   32.8093,    0.3862
    3.8335,   15.4258,   -0.5834,    3.9606,   15.1647,   -0.3682,    0.3614
   32.6906,   17.4690,  -25.8233,   32.5811,   17.3818,  -25.7619,    0.1528
    6.1810,    6.8680,  -18.6586,    6.2143,    6.9063,  -18.7053,    0.0690
  -43.3395,   -9.1526,  -39.6037,  -42.8246,   -9.3761,  -39.6029,    0.5613
    3.5300,   -8.4515,   15.2155,    3.0903,   -8.6703,   15.1257,    0.4993
   17.9297,   -6.9363,  -25.1812,   17.9360,   -7.0243,  -25.2730,    0.1273
    6.3273,   17.2468,   40.9660,    6.1871,   17.5582,   41.0286,    0.3472
   14.4724,   24.8612,   -4.1081,   14.8855,   24.4315,   -3.9603,    0.6141
   15.2448,   27.2198,    3.2614,   15.0978,   26.8135,    3.0729,    0.4714
   17.2963,   25.2614,  -11.5636,   17.0425,   25.5188,  -11.7487,    0.4061
   -8.2944,  -27.5317,  -13.7372,   -8.3072,  -27.5217,  -13.8727,    0.1365
    4.7996,   15.8777,   42.7661,    4.6354,   16.0068,   42.8141,    0.2144
   40.9608,    4.6767,   -8.2702,   41.0820,    4.6831,   -8.2612,    0.1217
   22.1416,   10.4774,  -28.8980,   22.0599,   10.3528,  -29.0662,    0.2246
   18.0432,   24.1759,  -27.1235,   18.3115,   24.0018,  -26.9771,    0.3517
   -6.4258,   -0.2400,   53.4952,   -6.7207,   -0.5823,   53.5231,    0.4526
  -36.1224,  -16.3853,   -6.5098,  -36.4797,  -16.5987,   -6.2689,    0.4809
   34.2468,   17.5512,   -5.9534,   34.3037,   17.5920,   -5.9340,    0.0726
   19.4961,    9.8956,   43.2299,   19.7815,    9.9340,   43.2742,    0.2914
   -5.4638,  -23.0200,  -33.9951,   -5.5854,  -22.9085,  -33.8221,    0.2391
   14.0025,   -2.3198,   70.1650,   14.0476,   -2.3771,   70.3349,    0.1849
   31.2155,   -8.6199,  -11.7037,   31.2325,   -8.6583,  -11.6959,    0.0427
   22.2076,   24.3875,  -27.7494,   22.1399,   24.2525,  -27.5913,    0.2186
   15.8069,   21.7788,   26.2761,   15.8049,   21.8046,   26.2764,    0.0259
   10.0996,   20.1698,   34.3514,    9.7305,   20.7035,   34.3271,    0.6494
  -29.2301,  -32.9530,  -27.2412,  -29.0838,  -32.4069,  -27.2160,    0.5659
   40.7036,    4.8856,   -6.0971,   40.9390,    4.7801,   -6.0866,    0.2582
   37.8830,   15.7210,  -10.7579,   37.4832,   15.2188,  -10.7544,    0.6419
    6.6160,   -7.0397,   68.5269,    6.6386,   -7.0651,   68.5318,    0.0343
    0.7753,   -4.6554,   32.9370,    0.9077,   -4.5017,   32.9537,    0.2035
   41.1079,   10.5473,  -11.7644,   41.6017,   10.3361,  -11.5964,    0.5628
    0.2971,  -15.5744,   -3.0826,    0.3191,  -15.8337,   -2.8269,    0.3648
   -6.9794,  -20.3941,  -39.3588,   -6.9315,  -20.4283,  -39.3865,    0.0651
  -13.7367,  -11.4913,  -46.5575,  -14.5255,  -11.0849,  -46.1402,    0.9806
  -10.6481,    3.3814,   41.2823,   -9.5857,    3.4802,   41.1067,    1.0813
    1.5693,   11.3209,   -0.7363,    1.6750,   11.2293,   -0.7616,    0.1422
  -11.7467,    7.4410,   28.6927,  -12.0314,    7.4317,   28.8346,    0.3183
  -18.7674,   17.1940,   22.9627,  -19.4432,   17.2954,   23.1506,    0.7088
   18.5505,    0.0337,   51.6025,   18.5165,    0.0338,   51.6033,    0.0341
  -10.5043,    2.8176,   53.3350,   -9.7865,    2.8847,   53.4558,    0.7309
   32.7656,   20.0605,   -2.6053,   32.3412,   19.8332,   -2.6004,    0.4815
   33.3182,   20.8242,  -20.2470,   34.0958,   21.4829,  -20.1019,    1.0294
   -3.3265,   -1.7260,   47.2441,   -3.1773,   -1.1077,   47.3356,    0.6426
   17.0771,   24.0339,  -16.0112,   17.5747,   23.4747,  -16.1906,    0.7697
   15.1669,   24.4563,   -9.5850,   15.2081,   24.4205,   -9.5791,    0.0549
   -0.0160,  -20.1957,  -35.5859,    0.0594,  -20.1270,  -35.5436,    0.1104
  -13.4761,  -28.5820,  -37.2292,  -13.4767,  -28.6020,  -37.2728,    0.0479
   -4.1046,  -22.4468,   -6.4712,   -3.9778,  -22.8726,   -6.3085,    0.4731
   20.0620,   21.5053,  -31.7302,   20.2200,   21.5496,  -31.8037,    0.1798
   23.7502,   -8.9743,  -26.2906,   23.7598,   -8.9540,  -26.2764,    0.0266
   -9.0542,    0.9185,   62.8142,   -9.2069,    0.5626,   62.8055,    0.3873
   -1.7760,   -4.7768,   70.3714,   -1.5422,   -4.4142,   70.2895,    0.4391
   14.1316,   10.3722,   71.3912,   14.1665,   10.4061,   71.4458,    0.0731
  -23.0029,  -14.4152,  -48.5317,  -22.9986,  -14.4362,  -48.6362,    0.1067
   21.9102,   13.6654,  -31.4369,   21.9865,   13.7924,  -31.2282,    0.2559
    0.5237,   -5.9562,   24.1923,    0.4119,   -6.0850,   24.2173,    0.1723
   -7.5974,    8.2653,   59.2507,   -8.1197,    9.3750,   58.7164,    1.3378
  -37.1371,    7.2824,  -26.2636,  -37.1470,    7.2963,  -26.2585,    0.0178
   20.3867,   21.8089,   16.1225,   20.4170,   21.9057,   16.1572,    0.1072
  -37.8075,   -0.4325,  -41.1599,  -37.8384,   -0.3870,  -41.3276,    0.1765
   -1.4402,   14.3084,    3.7024,   -1.1522,   14.0812,    3.9000,    0.4166
   25.5261,  -14.6171,  -20.1342,   25.4093,  -14.3381,  -19.9589,    0.3496
  -36.6019,  -26.5913,  -18.1757,  -36.8291,  -26.8938,  -18.1188,    0.3826
  -39.0291,  -24.2678,  -30.0111,  -39.2445,  -24.4718,  -30.0036,    0.2968
   -6.9382,   -7.2442,    7.0045,   -7.1773,   -7.6266,    7.1919,    0.4884
   39.8599,   11.5237,   -1.5284,   40.0032,   11.8021,   -1.4993,    0.3145
  -43.1615,  -13.7577,  -28.4336,  -43.3846,  -13.7815,  -28.4247,    0.2246
  -34.2891,  -29.5573,  -31.3337,  -34.2937,  -29.5659,  -31.3365,    0.0101
   35.9838,   -2.8450,  -31.1119,   35.7221,   -2.9840,  -30.3267,    0.8392
   -8.6647,  -24.2859,   -8.5510,   -8.9699,  -23.9145,   -8.7675,    0.5273
  -11.1511,    4.1629,   64.4391,  -11.1765,    4.1631,   64.4389,    0.0254
   -0.1710,    8.9152,   -3.8721,   -0.1623,    8.8912,   -3.8546,    0.0309
   -0.8892,   16.4380,   35.6693,   -1.0360,   16.7367,   35.8432,    0.3755
   17.6511,    5.5743,   64.1237,   17.9512,    5.6081,   64.1657,    0.3049
    9.9198,   -2.1307,  -24.2290,    9.5718,   -2.4110,  -24.5669,    0.5602
   21.2017,   10.9658,   33.4862,   21.2226,   10.9900,   33.5069,    0.0381
   13.0860,   21.5584,   28.3079,   13.0417,   21.8353,   28.2788,    0.2820
   13.0390,   -4.7441,   34.8901,   12.8523,   -4.4647,   34.8553,    0.3378
   13.1448,   -4.5296,   53.7200,   13.0120,   -3.9951,   53.8067,    0.5575
   31.2960,   18.8795,    5.1031,   31.3633,   18.9361,    5.1352,    0.0936
   -2.4403,   -5.8456,   15.1365,   -2.2534,   -5.5454,   14.9631,    0.3939
   15.7546,   -8.1323,   12.4339,   15.5242,   -7.8488,   12.2844,    0.3948
    8.5286,   -6.5248,   69.8226,    8.5349,   -6.2660,   69.8714,    0.2635
  -33.7905,    8.8387,  -31.8007,  -33.5529,    8.5418,  -31.5672,    0.4462
  -37.9490,   -8.4736,  -44.9172,  -38.1999,   -8.5280,  -45.1936,    0.3772
   12.4862,   -4.5582,   63.5204,   12.4205,   -4.3890,   63.4967,    0.1831
  -25.4745,   -9.2252,   -3.4328,  -25.4829,   -9.3691,   -3.7170,    0.3187
   16.4300,  -17.9151,   -5.7205,   16.4336,  -18.0345,   -5.7051,    0.1205
   28.1712,   -9.3752,   -7.0140,   27.8916,   -9.1261,   -7.1221,    0.3897
   19.7842,   -7.1683,  -25.3917,   19.7755,   -7.1822,  -25.3984,    0.0177
  -16.6744,   16.7090,   27.3286,  -16.7116,   16.7179,   27.3401,    0.0399
   37.5326,   14.5035,   -2.1919,   37.2069,   14.2839,   -2.2958,    0.4064
    1.9121,  -11.6765,    1.2602,    2.1404,  -12.0107,    1.4614,    0.4520
   -6.2036,  -22.5284,   -5.6573,   -6.1963,  -22.5156,   -5.6659,    0.0171
    7.9254,   -1.3857,  -24.5715,    7.9213,   -1.3722,  -24.3967,    0.1754
  -25.9303,   -2.3058,   -7.9438,  -25.9111,   -2.4421,   -8.0809,    0.1943
   22.7687,   -2.7633,   17.9984,   22.8365,   -2.8443,   18.0324,    0.1110
  -42.3852,  -19.1892,  -31.1905,  -42.7832,  -19.4006,  -31.2713,    0.4579
  -25.9751,   10.1356,  -35.6173,  -26.0544,   10.5671,  -35.9051,    0.5247
   13.3597,  -15.1640,  -15.5369,   13.3527,  -15.1877,  -15.5415,    0.0251
    6.3440,    2.2594,  -22.8921,    6.4029,    2.0854,  -22.5664,    0.3740
   -0.8530,   14.9244,    4.3338,   -1.2633,   14.1429,    4.1435,    0.9029
  -41.3245,   -0.5037,  -39.7252,  -41.3185,   -0.5075,  -39.7184,    0.0099
   34.6341,   -8.1333,  -21.9157,   34.2346,   -7.3955,  -21.9908,    0.8424
   37.4228,   -2.7550,  -27.0372,   37.1096,   -2.5350,  -26.9323,    0.3969
    1.0937,  -11.2357,  -31.4726,    1.0794,  -11.2376,  -31.4613,    0.0183
    2.6044,   -7.4664,   17.6297,    2.6112,   -7.4603,   17.6285,    0.0092
   19.8845,   25.0444,    6.7967,   19.9012,   25.1193,    6.8235,    0.0813
   -1.3517,   -3.1837,  -28.9609,   -1.3578,   -3.0634,  -28.9496,    0.1210
  -26.5412,   -2.6103,  -46.7174,  -26.8192,   -2.2804,  -47.6298,    1.0092
   17.7446,   -6.4337,   12.9530,   17.7344,   -6.4754,   12.9695,    0.0460
  -32.9532,    6.0567,  -37.7024,  -32.7104,    5.4948,  -37.4401,    0.6660
    3.5294,   -0.8406,   71.3111,    3.8172,   -0.8930,   70.8648,    0.5336
    1.0124,   14.7687,   42.0109,    0.8725,   15.1283,   42.0946,    0.3948
  -15.9658,   21.7923,   22.4577,  -15.9995,   21.8352,   22.4628,    0.0547
   21.8559,   26.4425,  -20.5131,   21.8155,   26.7123,  -20.4925,    0.2736
   -5.4761,   10.0573,   59.8557,   -5.3817,   10.4290,   59.8528,    0.3835
  -32.6578,  -17.2859,   -4.9594,  -32.6904,  -17.3290,   -4.8537,    0.1188
    3.6572,   10.5519,   -4.8539,    3.7361,   10.3730,   -4.7958,    0.2040
   -9.5673,    2.1278,   45.7189,   -8.7251,    2.3656,   45.6792,    0.8760
   25.6206,   20.5548,   11.6438,   25.6480,   20.5864,   11.6603,    0.0450
   -1.2820,   10.3018,   -0.0815,   -0.9465,    9.6894,    0.0644,    0.7134
  -38.3951,  -25.2126,  -19.0112,  -38.7305,  -25.6934,  -18.9119,    0.5946
    2.7179,   14.1343,   72.0949,    2.7635,   13.9534,   71.7775,    0.3681
   -1.6533,    4.1237,   71.1328,   -1.7377,    4.1569,   70.6382,    0.5029
  -34.0750,  -16.4862,   -4.8581,  -34.0700,  -16.4756,   -4.8784,    0.0235
   -3.7313,   19.3787,   29.7447,   -3.6450,   19.8450,   30.0504,    0.5642
   13.9922,   13.9317,  -12.3986,   13.6725,   13.8366,  -12.7144,    0.4593
   10.1083,   -5.2967,   70.4277,   10.1664,   -5.3549,   70.5366,    0.1365
  -12.1212,    0.6499,    4.7725,  -12.6071,    0.7351,    4.8246,    0.4960
   13.1702,   -4.3370,   28.5684,   13.1706,   -4.3357,   28.5683,    0.0015
  -11.8188,   -2.1713,    8.8828,  -12.1225,   -2.2883,    9.0463,    0.3642
   16.0475,    7.9966,  -18.4168,   16.0581,    7.9869,  -18.4060,    0.0180
   22.2131,   27.0850,   -2.1325,   22.0513,   26.5758,   -2.2966,    0.5590
   16.7748,    7.2677,   67.3773,   17.4520,    7.2940,   67.4436,    0.6809
  -14.3556,   22.5191,   20.6266,  -14.3506,   22.4936,   20.6269,    0.0260
   -4.2067,   -2.1038,   34.6998,   -4.1619,   -1.9209,   34.7002,    0.1883
   31.9078,   14.1246,    8.9552,   31.9450,   14.1582,    8.9854,    0.0586
   12.6039,  -17.0299,   -2.1155,   12.6267,  -17.5561,   -1.9936,    0.5406
  -15.1466,   21.3890,   24.2594,  -15.4545,   21.7040,   24.4606,    0.4843
   16.3932,   11.1466,   57.7403,   17.1653,   11.4897,   57.8483,    0.8518
   -6.8082,  -27.5796,  -27.7920,   -6.6042,  -27.7025,  -27.9203,    0.2705
   36.4213,   -2.5307,  -16.7395,   36.1025,   -2.1567,  -16.8238,    0.4986
   18.6167,    5.8406,  -25.0222,   19.0424,    5.8266,  -24.8702,    0.4523
   17.4374,   -4.7511,   20.5603,   17.2082,   -5.1926,   20.5767,    0.4978
    6.5562,   -5.0984,   46.1432,    6.5334,   -5.0527,   46.1446,    0.0511
  -30.1223,  -28.4084,  -11.7433,  -30.0991,  -28.3602,  -11.7643,    0.0575
    8.8922,   -6.0553,   57.7233,    8.6877,   -5.7081,   57.7320,    0.4030
    0.5829,   -0.9962,  -27.6935,    0.5317,   -0.9009,  -27.7908,    0.1455
   21.3364,   -4.3577,  -28.5279,   21.2900,   -4.3524,  -28.6505,    0.1312
  -32.5772,  -12.0993,   -1.5301,  -32.0763,  -12.1963,   -1.8247,    0.5892
   -6.8224,    2.5656,  -34.8667,   -6.6916,    2.5906,  -34.9538,    0.1591
   24.2222,   -3.6293,   10.4260,   24.3422,   -3.8570,   10.4851,    0.2640
   -4.7633,    7.9650,  -21.5388,   -4.5960,    8.3960,  -21.5761,    0.4639
   -4.8673,    5.3947,   71.4632,   -4.9620,    4.8753,   70.8639,    0.7987
    3.6228,  -17.9238,  -30.9851,    3.4409,  -17.7244,  -30.7920,    0.3318
   29.0978,   17.9108,  -29.3695,   29.3388,   18.1630,  -29.2292,    0.3761
   -7.7002,   -8.5918,    5.8736,   -7.5332,   -8.4969,    5.6522,    0.2932
    9.5357,   -3.2196,  -24.4684,    9.4304,   -3.2589,  -24.2954,    0.2063
  -41.7195,  -20.5491,  -28.1026,  -41.8341,  -20.6042,  -28.1290,    0.1298
   14.7230,   23.1969,  -12.3066,   15.4327,   22.9601,  -11.9941,    0.8109
   -1.1621,  -24.3279,  -13.7731,   -1.1462,  -23.6566,  -13.7690,    0.6715
   37.6502,   -2.3399,  -24.4017,   37.6593,   -2.3450,  -24.4002,    0.0105
   23.7598,   18.3290,   18.4679,   23.7044,   18.2998,   18.4492,    0.0653
    4.5555,   -9.0669,   13.0570,    4.1838,   -9.4889,   12.9288,    0.5768
  -34.0385,  -29.6920,  -31.3744,  -34.0376,  -29.6902,  -31.3738,    0.0021
   15.5642,   -5.7314,   17.8940,   15.2610,   -5.2455,   17.4781,    0.7079
  -30.4730,  -13.2849,  -47.4938,  -30.5050,  -13.4829,  -47.8489,    0.4078
   -7.2556,    4.2712,  -33.9691,   -7.1040,    4.3312,  -33.9750,    0.1631
   19.7751,    6.9128,   44.6435,   20.0057,    6.9414,   44.6676,    0.2336
   10.0578,   -5.1308,   70.4099,   10.1612,   -5.2343,   70.6038,    0.2429
    3.8865,   -6.6931,   67.1783,    3.8449,   -6.9917,   67.1248,    0.3062
   38.2625,   -0.2358,  -27.9522,   37.9039,   -0.0877,  -27.7908,    0.4201
   16.3558,    7.6616,  -18.8084,   16.2920,    7.7203,  -18.8738,    0.1086
   37.0485,   -1.4597,   -6.9765,   37.5468,   -1.6205,   -7.0140,    0.5249
    4.6667,    3.2509,   69.7370,    4.3585,    3.4354,   70.0231,    0.4593
   35.0329,   10.7290,  -32.1944,   34.9725,   10.5144,  -32.8893,    0.7298
   23.2854,   16.0694,   21.7643,   23.3689,   16.0592,   21.7823,    0.0860
  -11.5882,    1.5144,  -42.5824,  -11.7078,    1.4975,  -42.3499,    0.2620
   12.6314,   -3.7865,   67.5181,   12.4102,   -3.5738,   67.5057,    0.3071
  -15.9501,  -25.2152,  -41.9978,  -15.9422,  -25.2957,  -42.0642,    0.1047
   30.1455,   11.4666,   12.7253,   30.3116,   11.4420,   12.8110,    0.1885
   25.2322,   20.7461,  -30.2173,   25.0906,   20.3777,  -30.0046,    0.4484
   -6.0202,   22.3842,   16.3679,   -6.0180,   22.3335,   16.3764,    0.0515
   33.5561,   18.6724,   -6.3043,   33.6173,   18.7162,   -6.2834,    0.0781
  -12.9998,    2.8789,   -5.8457,  -12.8165,    2.5735,   -5.9816,    0.3812
   12.6536,   21.2324,  -10.1814,   13.1513,   20.4217,  -10.1555,    0.9516
  -43.7114,  -14.4894,  -31.7792,  -43.4443,  -14.4607,  -31.7897,    0.2688
   -2.2124,   -5.9220,  -31.6780,   -1.9050,   -5.4967,  -31.6126,    0.5288
   18.0966,  -10.3265,  -22.3425,   18.0908,  -10.3584,  -22.4021,    0.0679
    0.6977,   -4.7586,   30.9299,    0.8577,   -4.3906,   30.8291,    0.4138
   25.3371,   25.5940,   -9.6971,   25.3277,   25.5722,   -9.6977,    0.0237
  -29.4163,  -31.4050,  -13.8374,  -28.8896,  -31.0040,  -14.0208,    0.6869
   23.3493,    8.9660,   24.9459,   23.1013,    8.8717,   24.8570,    0.2799
   21.6410,    7.4088,   35.1376,   21.6937,    7.4183,   35.1583,    0.0574
   29.2994,   14.0916,   12.6844,   29.8120,   14.4359,   12.8677,    0.6441
   39.6355,    0.7510,  -15.6833,   39.4589,    0.8815,  -15.6818,    0.2196
  -13.6249,   21.0813,   26.6513,  -13.7720,   21.2841,   26.7985,    0.2906
   10.1286,   18.1140,   56.9042,   10.0457,   18.0064,   56.8805,    0.1379
    6.7477,   -5.9691,   53.5986,    6.7410,   -6.0418,   53.5902,    0.0735
   -8.1188,   15.6748,    8.6450,   -8.0634,   16.1485,    9.4113,    0.9026
   12.8599,   -4.6448,   44.4482,   12.6280,   -4.3893,   44.4305,    0.3455
   21.6981,    5.5155,  -28.1602,   21.9345,    5.4512,  -27.8922,    0.3631
   -8.0465,    7.9070,   60.9262,   -9.0983,    8.3518,   60.8952,    1.1423
   22.6357,   23.4008,  -28.6382,   22.5009,   23.2024,  -28.7313,    0.2572
  -41.6143,    3.8320,  -24.6581,  -41.1907,    3.4005,  -24.8215,    0.6264
  -38.1125,    6.1402,  -29.5859,  -38.3437,    6.6835,  -29.7008,    0.6016
  -10.8391,  -28.7580,  -14.3564,  -10.5474,  -29.3392,  -14.1908,    0.6710
   35.5058,   15.9937,    2.8958,   35.3175,   15.7477,    2.8099,    0.3215
  -14.1569,    8.3895,   24.8844,  -14.3847,    8.1487,   24.8469,    0.3336
   39.5256,    5.8824,  -22.8048,   39.5711,    5.8779,  -22.8221,    0.0489
   11.9905,   21.6746,   30.0224,   12.0432,   21.5699,   30.0065,    0.1182
  -34.3248,    3.9440,  -10.3579,  -34.2966,    3.9593,  -10.3924,    0.0471
   21.0534,    3.5677,  -27.6437,   21.1626,    3.5608,  -27.5087,    0.1738
    2.5745,    4.5317,   69.1801,    2.5523,    4.4368,   69.1273,    0.1109
  -28.0293,  -30.9069,  -36.1402,  -27.9070,  -30.5243,  -35.6504,    0.6334
   37.1317,   15.2406,  -21.1782,   37.3480,   15.4261,  -21.2541,    0.2949
  -20.8179,  -33.8818,  -25.2157,  -20.8171,  -33.8789,  -25.2161,    0.0030
  -26.9678,   -0.8123,  -46.1576,  -27.1024,   -0.4663,  -46.6347,    0.6045
   13.7576,   12.1518,  -13.4439,   13.5486,   12.3327,  -13.6477,    0.3434
   -7.3261,    5.8151,   -0.7583,   -7.2050,    5.6441,   -0.7309,    0.2113
   24.3663,  -10.1180,   -3.1223,   24.6266,  -10.3107,   -2.8887,    0.3993
   -4.2251,   -3.1821,   67.5651,   -4.2005,   -3.0804,   67.5585,    0.1048
   -5.0565,   -9.1903,    6.4164,   -5.1328,   -9.3019,    6.4709,    0.1458
   16.6988,    0.1668,   67.7617,   17.3013,   -0.0706,   67.8600,    0.6550
   -9.9883,    3.0138,   44.4658,   -9.0426,    3.2808,   44.4213,    0.9836
   13.4270,   -3.5910,   59.8846,   13.7017,   -3.7984,   59.9019,    0.3447
  -22.1651,  -24.9570,   -6.4106,  -22.2980,  -24.8459,   -6.7815,    0.4094
   17.9033,   24.2306,  -28.8773,   17.9135,   24.1413,  -28.7933,    0.1231
  -42.6568,  -18.4158,  -31.0129,  -43.1281,  -18.1262,  -30.9088,    0.5629
   22.3681,    9.2602,  -28.1368,   22.1757,    9.0660,  -28.5441,    0.4905
   14.7355,  -17.9734,  -10.4477,   14.7042,  -18.0376,  -10.4653,    0.0735
   -4.3087,  -23.1636,  -33.1528,   -4.4643,  -23.0188,  -32.9552,    0.2902
  -27.1614,    4.9012,  -41.3186,  -27.4269,    5.2054,  -41.8037,    0.6312
   29.7547,   14.3105,   11.7884,   30.0887,   14.5349,   11.9079,    0.4198
   34.7802,   -4.8369,  -15.5342,   34.7405,   -4.8215,  -15.5308,    0.0427
  -33.6843,  -25.4488,  -11.9835,  -33.7350,  -25.0590,  -12.3271,    0.5221
    0.1771,   -3.4018,   44.4250,    0.3462,   -2.7917,   44.4638,    0.6344
  -16.3726,  -24.7482,   -7.5296,  -16.4256,  -24.6866,   -7.6167,    0.1192
   28.2555,   -4.6049,    1.1611,   28.1279,   -4.4185,    1.0455,    0.2537
   22.1788,   26.2872,  -18.6072,   22.0858,   26.6583,  -18.6128,    0.3826
  -31.2845,   -9.1325,   -2.6256,  -31.2880,   -9.1043,   -2.5840,    0.0504
   10.3840,   -3.6928,   71.1296,   10.4155,   -3.7125,   71.1895,    0.0706
   33.4180,   -5.7217,   -9.4547,   33.5484,   -5.8186,   -9.3591,    0.1885
   -0.9578,   -2.9113,   39.9577,   -0.7738,   -2.4103,   39.9090,    0.5359
  -13.2381,    6.3608,  -40.5110,  -13.2280,    6.3643,  -40.3867,    0.1248
   27.4484,   14.7492,   15.3282,   27.6979,   14.9593,   15.5740,    0.4084
  -45.6634,   -2.2656,  -28.2318,  -45.2172,   -2.5508,  -28.3012,    0.5340
   -1.3976,   -9.3815,  -33.5109,   -1.4047,   -9.3244,  -33.6009,    0.1068
  -43.5731,    0.7729,  -27.0307,  -43.3832,    0.4564,  -27.0084,    0.3697
   -3.2335,   -1.7443,   45.5816,   -2.8148,   -1.4734,   45.5487,    0.4997
   29.1814,   14.0754,   13.3981,   29.5345,   14.3567,   13.5865,    0.4892
  -15.2541,  -31.8559,  -29.1917,  -15.1600,  -32.2231,  -29.2491,    0.3834
  -37.9830,    2.1134,  -38.9301,  -37.8501,    2.5063,  -39.1182,    0.4555
  -13.8841,   21.3373,   25.8773,  -14.0728,   21.5976,   26.0663,    0.3729
   -7.7354,    7.9541,  -10.7026,   -7.7344,    7.9522,  -10.7050,    0.0032
   32.1090,    0.1953,  -31.8851,   31.9808,    0.3753,  -31.7059,    0.2845
   17.1039,   11.7205,  -16.2931,   16.9533,   11.8971,  -16.5459,    0.3432
   33.5578,   20.7003,  -17.1409,   33.7765,   20.8787,  -17.0557,    0.2948
  -38.4616,   -3.2793,   -8.1916,  -38.4692,   -3.2731,   -8.1768,    0.0178
