       Inf,   36.5351, -113.5150,   86.5637,    4.3453,  -86.0231,   60.3170
   11.3587,   25.5698,   -9.7544,   11.5166,   25.4945,   -9.6832,    0.1889
   -2.3790,  -16.3478,   -6.6755,   -2.2836,  -16.7306,   -6.6409,    0.3960
   -4.9630,   18.9688,    3.5380,   -4.9526,   18.9752,    3.4531,    0.0858
  -11.6214,    7.9672,   -4.5309,  -11.7879,    8.1348,   -4.5025,    0.2380
    0.6577,   -9.3807,   25.0048,    0.4293,   -8.9230,   24.8385,    0.5378
   22.8515,   26.2362,   -7.5545,   22.5709,   25.8227,   -7.5743,    0.5002
   32.2463,  -13.8815,  -23.1086,   32.0773,  -13.6035,  -23.0978,    0.3256
  -41.6348,  -20.3281,  -18.6811,  -41.5787,  -20.3083,  -18.6745,    0.0599
  -38.8831,  -21.1224,  -33.1799,  -38.9632,  -21.2371,  -33.2974,    0.1827
    6.0441,   -9.2184,   46.5213,    6.1721,   -9.8287,   46.5126,    0.6236
   26.2920,  -11.9889,  -23.7265,   26.2372,  -12.0627,  -23.7772,    0.1050
   10.2714,   15.5516,   60.5020,   10.4046,   15.7412,   60.6043,    0.2533
  -26.2068,  -13.6159,  -43.6292,  -26.1696,  -13.5851,  -43.3387,    0.2945
    1.5136,  -11.9907,   10.1291,    1.2047,  -12.1177,    9.8901,    0.4106
   11.3987,  -13.6035,    3.1738,   11.3045,  -13.3117,    2.8347,    0.4572
   35.6068,    5.9217,   18.5338,   35.8135,    6.0211,   18.6835,    0.2739
   -9.1200,    8.6916,  -18.8322,   -9.1222,    8.8948,  -18.8212,    0.2035
   11.8978,   -4.2837,  -22.2711,   11.9000,   -4.3173,  -21.9339,    0.3389
  -12.5371,   16.4024,    5.8192,  -11.6810,   16.6383,    6.1294,    0.9407
   28.2495,    9.8749,   31.9837,   28.3012,    9.9026,   31.9998,    0.0608
   -1.4736,   27.2054,   26.0951,   -1.5047,   26.8618,   25.8168,    0.4432
   19.3047,   -9.7344,    2.0998,   19.1570,   -9.3478,    1.7864,    0.5191
   21.1324,   26.3510,  -13.5104,   21.6368,   26.9462,  -13.5074,    0.7802
   19.6241,   26.7900,  -11.5667,   19.6903,   27.4174,  -11.4335,    0.6448
  -27.5701,  -29.5581,  -34.4666,  -27.5569,  -29.3827,  -34.4145,    0.1835
    7.5059,    8.6366,  -15.9613,    7.4954,    8.6165,  -15.9247,    0.0431
   15.5531,   27.4503,    9.5703,   15.5189,   27.1718,    9.5216,    0.2848
  -26.5901,  -32.0464,  -18.0444,  -26.4537,  -31.4435,  -18.0367,    0.6181
    1.1380,  -12.8764,    5.5129,    1.1462,  -12.8603,    5.5168,    0.0184
   20.5709,   -6.5485,  -23.5907,   20.4677,   -6.5685,  -23.4357,    0.1873
  -12.2440,  -31.0426,  -17.1914,  -12.1708,  -31.3182,  -17.1401,    0.2897
   43.4436,    4.7642,    6.5540,   43.4987,    4.7620,    6.5494,    0.0553
   16.3039,    1.6170,   64.7162,   16.2862,    1.6078,   64.8989,    0.1838
   28.4601,   -2.1855,  -30.4671,   28.3786,   -1.9596,  -30.0880,    0.4487
   23.2005,    5.7493,   59.4437,   23.8514,    5.7821,   59.5233,    0.6565
    1.9813,   -9.2643,   38.1513,    1.9837,   -9.5536,   38.1617,    0.2895
   -6.7756,  -16.1131,   -4.9404,   -6.7432,  -16.8762,   -5.0184,    0.7678
   -2.0985,  -12.5961,    7.1481,   -2.0776,  -12.7714,    7.1039,    0.1819
   -5.5337,    3.1884,  -26.3352,   -5.4321,    3.0912,  -26.2418,    0.1688
   43.0662,    4.1124,   -0.2281,   42.6263,    4.0188,   -0.2101,    0.4501
  -38.6289,  -23.6763,  -17.4567,  -38.6048,  -23.6428,  -17.4595,    0.0413
    6.2260,  -12.0219,  -20.0049,    6.2643,  -12.1515,  -20.0984,    0.1644
  -30.8558,  -29.6047,  -31.3805,  -30.9127,  -29.7161,  -31.3949,    0.1259
  -30.5122,  -30.6444,  -19.0121,  -30.2516,  -30.2234,  -19.1230,    0.5074
    0.9705,   29.5502,   15.8671,    0.9973,   29.5979,   15.8430,    0.0598
   32.8070,   19.8347,  -11.6404,   32.8343,   19.8588,  -11.6405,    0.0364
   36.5134,    1.5864,  -19.7840,   37.0507,    1.4632,  -19.8635,    0.5569
  -13.9178,   -6.0730,   12.1937,  -13.9134,   -6.0714,   12.1916,    0.0051
   26.7991,    0.9761,   40.7755,   26.5578,    1.0553,   40.7302,    0.2580
  -10.4558,   -1.2109,   38.7751,  -10.0307,   -1.2153,   38.7519,    0.4257
   39.0906,   11.6391,   -7.2699,   38.9828,   11.5795,   -7.2674,    0.1232
   34.0168,   18.1714,  -14.5646,   33.9885,   18.1526,  -14.5628,    0.0341
   14.4178,   22.9373,   27.9625,   14.4360,   22.5214,   27.7315,    0.4761
   21.5871,   -1.5582,   61.5370,   21.3068,   -1.4384,   61.3616,    0.3517
    2.8276,   27.1152,    8.7315,    2.8261,   26.9038,    8.7999,    0.2222
   -3.5224,    0.0572,  -27.6223,   -3.2547,    0.4808,  -27.7401,    0.5147
  -20.0109,  -16.3238,   -3.9794,  -19.9321,  -16.2005,   -4.2040,    0.2680
   -2.8059,    4.8500,  -22.9972,   -2.8274,    4.6666,  -22.7786,    0.2862
    9.5706,   -0.9886,  -21.8976,    9.4842,   -1.0216,  -21.6311,    0.2821
   -6.4297,  -12.9413,    6.0456,   -6.3968,  -13.3318,    6.1941,    0.4191
   17.1818,   -6.9645,   52.6598,   17.0343,   -6.7516,   52.6593,    0.2590
   -8.3386,   -7.5087,   61.2914,   -8.4037,   -7.6170,   61.2842,    0.1266
    2.2838,   -7.0440,   63.3357,    2.3004,   -7.0279,   62.9761,    0.3603
   21.7723,    9.1908,   60.5846,   22.0160,    9.6317,   60.5237,    0.5074
   37.9657,   12.6015,  -13.6476,   38.1937,   12.7770,  -13.7222,    0.2972
    1.1060,   -9.7788,   18.8188,    1.0892,   -9.7462,   18.8132,    0.0370
    6.8390,   21.8517,   -7.3326,    7.0458,   21.7695,   -7.1459,    0.2906
   35.7585,   17.3304,   -4.3812,   35.2867,   16.9234,   -4.3647,    0.6233
    4.7273,   12.2906,  -13.5502,    4.7175,   12.3353,  -13.5812,    0.0553
  -17.1339,    8.5948,  -30.7754,  -17.1443,    8.4997,  -30.7509,    0.0987
   -8.1436,  -25.8289,  -14.1756,   -7.8174,  -26.1795,  -14.0540,    0.4941
  -12.7074,    3.9128,   18.9399,  -12.8570,    3.9771,   18.9593,    0.1640
   38.1514,   -3.3108,    5.9872,   38.5124,   -3.6499,    5.9377,    0.4977
   16.5198,   -8.1492,    7.3768,   16.5456,   -7.6334,    7.2995,    0.5222
  -46.0315,  -13.2937,  -28.7778,  -46.0826,  -13.3205,  -28.7514,    0.0635
   -5.4070,    1.9151,  -28.1931,   -5.5122,    1.7403,  -28.1343,    0.2123
  -27.5664,  -22.9751,  -41.3220,  -27.8790,  -23.4460,  -41.8350,    0.7633
   22.9773,    2.9564,  -30.5942,   22.9452,    2.9508,  -30.7801,    0.1887
   -3.4743,   22.4722,    5.3608,   -3.4636,   22.4125,    5.4278,    0.0904
  -15.0044,  -27.1828,  -37.9233,  -15.0151,  -27.1455,  -37.8960,    0.0474
   -4.3312,   -9.4625,   58.5792,   -4.4187,   -9.7013,   58.5784,    0.2543
   10.4660,   -2.5499,   64.0218,   10.5467,   -2.6770,   64.5723,    0.5707
  -15.8954,   -0.4952,    9.5086,  -15.7565,   -0.5062,    9.4748,    0.1433
  -10.6535,   -9.5504,   15.4579,  -10.4520,   -9.3471,   15.4396,    0.2869
    0.4328,    5.6729,  -20.2491,    0.3111,    5.4909,  -19.9865,    0.3420
   -1.7379,   11.4317,  -13.1340,   -1.7582,   10.5810,  -12.9059,    0.8810
  -11.4995,   19.0849,   25.5884,  -11.4878,   19.0904,   25.5835,    0.0138
  -34.6851,  -27.8003,  -28.0947,  -34.4742,  -27.5404,  -28.0732,    0.3355
  -11.0350,  -14.7405,   -0.4899,  -11.1736,  -14.8943,   -0.5361,    0.2121
   26.2361,    7.1820,   43.3946,   25.8954,    6.9785,   43.3501,    0.3993
   33.4023,   20.5329,   -1.7474,   33.2879,   20.4989,   -1.7457,    0.1194
  -18.8385,    7.3299,  -17.9236,  -18.8769,    7.4833,  -17.8148,    0.1919
   16.0145,    9.2520,  -18.7079,   16.4770,    9.1488,  -18.6171,    0.4825
  -11.3292,    6.5580,   19.0102,  -11.3763,    6.5971,   19.0321,    0.0651
   -8.8761,   33.5827,   10.3946,   -8.8766,   33.5862,   10.3946,    0.0035
   18.3711,  -14.6763,  -14.2979,   18.4333,  -14.5359,  -14.1251,    0.2312
  -37.2373,   -4.4968,  -36.9245,  -37.3579,   -4.2757,  -37.1111,    0.3134
   21.0797,   26.6935,  -23.1894,   20.9823,   26.5764,  -23.2164,    0.1547
   -2.5676,   24.7381,   30.7975,   -2.5564,   24.7949,   30.8107,    0.0594
  -33.6050,  -15.3231,  -41.3062,  -33.5975,  -15.3201,  -41.2922,    0.0162
   28.1622,   -6.3604,   15.6319,   28.1392,   -6.4791,   15.7054,    0.1415
   11.2496,   21.7683,   35.2122,   11.2479,   22.0106,   35.3089,    0.2608
  -22.1700,   -9.7831,   -0.5258,  -22.0655,   -9.4513,   -1.1647,    0.7275
   15.6592,   26.1059,  -15.2184,   15.1189,   26.3263,  -15.5729,    0.6828
   26.4971,   24.5067,  -22.5078,   26.2399,   24.0574,  -22.5786,    0.5225
   -4.2243,   -5.8311,  -38.9253,   -4.2413,   -5.8448,  -38.9201,    0.0224
   -0.4111,   20.6577,    1.7329,   -0.3894,   20.6377,    1.7581,    0.0388
   32.6712,   -3.1571,  -25.4482,   32.5011,   -3.1898,  -25.3817,    0.1856
   -4.1946,    2.7628,  -25.8883,   -4.1561,    2.7988,  -25.9573,    0.0868
   -9.6203,  -12.4857,    6.4913,   -9.7068,  -12.7072,    6.6234,    0.2720
  -11.0508,  -31.1504,  -20.2763,  -10.7952,  -31.3028,  -20.1175,    0.3373
   25.3384,   17.7132,   25.7095,   25.2084,   17.5858,   25.6136,    0.2057
   -2.9709,  -21.0576,  -33.7975,   -3.3621,  -20.8278,  -33.6261,    0.4850
   33.5715,    2.8974,  -24.0795,   33.4683,    3.1765,  -23.6924,    0.4882
  -22.6830,    9.2373,  -20.0720,  -22.6142,    9.4611,  -19.9611,    0.2591
  -11.5816,   -1.6244,   59.3272,  -11.3965,   -1.6843,   59.3456,    0.1955
    8.3339,  -14.7575,    2.6355,    8.3099,  -14.6330,    2.5289,    0.1657
   -3.3119,  -10.3590,   24.0222,   -3.3298,  -10.0410,   23.9635,    0.3239
  -17.1473,   25.1753,   11.4167,  -17.1770,   25.1649,   11.3820,    0.0468
   -6.3652,  -27.1577,  -21.0798,   -6.3839,  -27.1352,  -21.0836,    0.0295
   42.6410,    5.4997,   -3.4627,   42.3159,    5.4215,   -3.4646,    0.3344
  -22.5156,  -18.9962,   -4.3700,  -22.4952,  -19.0261,   -4.6562,    0.2885
   29.1766,   23.3710,   -3.6182,   28.9103,   23.0423,   -3.6484,    0.4241
   19.7806,   -6.9556,   20.3920,   19.7822,   -6.1714,   20.3523,    0.7852
   -4.6356,   12.7841,   -5.2658,   -4.5639,   12.5474,   -5.1358,    0.2794
   12.0112,   17.6606,  -24.1566,   12.2114,   17.7526,  -24.2126,    0.2273
   31.7481,    8.7560,  -30.2899,   31.8410,    8.7706,  -30.3724,    0.1251
   -5.9444,  -27.4363,  -23.5796,   -6.0065,  -27.3616,  -23.5981,    0.0989
  -16.2695,   24.5809,   20.4408,  -16.8738,   24.6501,   20.5047,    0.6116
  -18.9939,   10.2433,  -23.3926,  -18.9923,   10.2618,  -23.3929,    0.0185
  -11.4390,  -20.0103,   -6.7396,  -11.4332,  -19.9560,   -6.8483,    0.1216
   11.8350,   -7.9634,   12.1704,   11.7907,   -7.6221,   12.2130,    0.3468
    8.7923,   -2.3701,  -21.9549,    8.8118,   -2.3627,  -22.0151,    0.0637
   12.0573,  -16.3167,   -5.5002,   12.1952,  -16.6082,   -5.5249,    0.3234
   -2.5589,  -14.6429,  -37.4656,   -2.5181,  -14.6787,  -37.5521,    0.1021
   34.7919,   -5.3815,   15.7885,   34.8765,   -5.4184,   15.9382,    0.1759
   16.7054,   15.2491,   48.8611,   16.8482,   15.4491,   48.9121,    0.2510
  -10.5917,    1.2824,   53.5435,  -10.8628,    1.3223,   53.4142,    0.3030
  -35.8462,  -27.3091,  -25.3144,  -35.8939,  -27.3952,  -25.3556,    0.1067
   32.0429,    5.8314,   24.5632,   31.4776,    5.7404,   24.2192,    0.6680
  -40.4282,  -11.3713,  -37.3195,  -40.3353,  -11.1951,  -37.1697,    0.2492
  -21.3089,   -7.8759,    0.3147,  -21.1113,   -7.8181,    0.2407,    0.2188
  -35.1196,    1.1166,  -14.7161,  -34.9924,    1.2445,  -14.5130,    0.2717
    5.8790,   -8.5881,   27.3782,    5.8745,   -8.4775,   27.4048,    0.1138
  -40.6110,   -2.2778,  -33.7207,  -40.5817,   -2.5407,  -33.4935,    0.3487
   25.0034,   -6.9669,   15.0821,   24.9641,   -7.1738,   15.0570,    0.2121
   20.2831,   11.0044,   58.9456,   20.4498,   11.3380,   58.9766,    0.3743
  -20.2005,  -32.2829,  -14.9269,  -20.1993,  -32.2763,  -14.9287,    0.0070
   -6.7147,   -1.2329,  -37.1855,   -6.7162,   -1.2293,  -37.1914,    0.0070
   20.2356,   15.2922,   42.0966,   20.1027,   15.1280,   42.0522,    0.2159
