       Inf,   30.9845,  -29.7124,  -82.0190,   79.7487,   18.3823,  -87.3880
    5.6556,  -10.0763,   16.4305,    5.6707,  -10.0322,   16.4166,    0.0487
   26.6392,  -11.9255,   -3.9003,   26.7496,  -12.4916,   -3.8756,    0.5773
   33.2745,   -9.6466,   -8.6008,   33.2418,   -9.5989,   -8.6010,    0.0578
   31.5577,   -8.7417,   -5.2289,   31.5026,   -8.8284,   -5.1762,    0.1154
   21.2967,   24.0217,    5.0182,   21.3430,   24.1534,    5.0598,    0.1456
   29.2442,  -13.2641,  -10.5318,   29.2813,  -13.3362,  -10.5139,    0.0830
   14.0925,   -7.8074,   22.0075,   14.0925,   -7.8023,   22.0066,    0.0052
   29.5272,   20.7480,  -13.5309,   29.3008,   20.3765,  -13.4566,    0.4413
   -7.7345,   14.3376,   11.1637,   -7.7394,   14.3107,   11.1568,    0.0282
   27.5260,   -9.5180,   -2.1325,   27.4652,   -9.4971,   -2.1553,    0.0682
  -14.8803,   15.4857,  -21.1496,  -14.9470,   15.3827,  -21.1695,    0.1243
  -32.1552,   -6.6488,   -5.1770,  -32.1952,   -6.9106,   -5.4585,    0.3865
   -6.5683,   18.9562,   22.9683,   -6.6326,   19.2041,   22.9173,    0.2611
   -4.9865,  -10.9049,    2.0451,   -5.0450,  -10.5569,    1.8019,    0.4286
   12.2811,   -8.0941,  -23.1658,   12.2966,   -8.1050,  -23.0355,    0.1317
   39.0273,    7.6175,    2.2491,   39.3585,    7.6732,    2.4095,    0.3721
   -0.5704,   15.9713,    1.2760,   -0.5652,   15.9678,    1.2765,    0.0063
   32.3182,   -7.8869,  -26.1614,   32.2562,   -7.8752,  -26.1545,    0.0634
   14.4637,  -16.4601,  -19.4497,   14.4388,  -16.6099,  -19.6437,    0.2463
  -38.2619,    5.5396,  -28.1424,  -37.9412,    5.3761,  -28.1172,    0.3608
   18.9786,  -13.8357,    4.0201,   18.9526,  -13.7803,    3.9952,    0.0660
    8.1942,   -6.0350,   38.6411,    8.0510,   -6.3768,   38.6412,    0.3706
   10.5869,   22.8814,   22.6145,   10.4943,   23.1242,   22.5654,    0.2645
  -25.0058,    6.0512,  -42.9733,  -24.8700,    5.8550,  -42.7935,    0.2988
  -36.4622,   -8.5454,  -29.4538,  -36.3315,   -8.5184,  -29.4834,    0.1367
  -19.8504,  -26.5190,   -9.7728,  -19.8138,  -26.2472,   -9.9757,    0.3411
    3.6292,  -12.5179,  -32.2652,    3.5362,  -12.4977,  -32.2176,    0.1065
    6.4390,    9.1013,   64.1481,    6.4445,    9.1170,   64.2213,    0.0751
  -21.1950,   14.4540,  -33.8285,  -21.1793,   14.4138,  -33.7882,    0.0591
   -6.2508,  -22.8958,   -9.7537,   -6.2497,  -22.9038,   -9.7507,    0.0086
   -1.0187,   -3.0848,   42.0887,   -1.1529,   -3.4885,   42.1115,    0.4260
   16.3718,   23.0753,   13.4858,   16.4695,   23.5264,   13.5880,    0.4728
   -4.5163,   14.6785,    7.7142,   -4.5014,   14.6580,    7.7275,    0.0286
  -37.5918,   -0.9667,  -13.3290,  -37.5726,   -0.9706,  -13.3351,    0.0206
  -11.2409,  -10.9795,  -47.2529,  -11.1745,  -10.9753,  -47.3960,    0.1578
   -4.9694,   10.4677,   -3.1716,   -4.6892,   10.0445,   -2.9950,    0.5374
   14.3073,   23.0448,   20.0482,   14.3042,   23.2861,   20.0729,    0.2426
  -41.4089,   -3.7379,  -18.9433,  -41.1845,   -3.8132,  -19.1578,    0.3194
  -17.2791,    0.6426,  -47.3464,  -17.3041,    0.9185,  -47.6749,    0.4297
  -35.5456,    4.5758,  -36.8077,  -35.6439,    4.6516,  -36.8734,    0.1405
   16.0271,   -8.4918,   18.4828,   16.0044,   -8.2113,   18.4541,    0.2829
  -41.2650,   -0.6651,  -23.8376,  -41.1584,   -0.6885,  -23.8596,    0.1114
   21.5541,    0.9680,   45.2474,   21.2543,    1.0623,   45.2618,    0.3146
    9.5091,   14.0333,  -27.8939,    9.3687,   13.9139,  -27.9165,    0.1857
   10.7431,  -13.4048,    6.1719,   10.7475,  -13.3635,    6.1669,    0.0419
   33.2851,  -12.4018,  -17.0852,   33.4833,  -12.5058,  -17.0903,    0.2239
   17.1838,   -5.6279,   40.8256,   17.0829,   -5.4651,   40.8338,    0.1918
    0.6888,  -10.3657,    6.9170,    0.7099,  -10.2983,    6.8945,    0.0742
   22.8605,   -3.4474,   29.8783,   22.6779,   -3.2703,   29.8727,    0.2544
  -23.1346,    5.2576,  -10.4298,  -23.1482,    5.1402,  -10.6991,    0.2940
  -16.3728,  -31.3276,  -19.9541,  -16.3263,  -31.0884,  -19.9992,    0.2478
   39.5177,    7.4656,  -15.3022,   39.6122,    7.6730,  -15.4555,    0.2747
   38.0221,    2.9054,  -21.3803,   37.9100,    3.1043,  -21.5372,    0.2769
    8.7411,   -6.5302,   28.4761,    8.7545,   -6.5054,   28.4903,    0.0315
    0.4625,   20.2593,   13.3290,    0.4716,   20.2394,   13.3349,    0.0227
  -21.5185,   15.7876,  -17.9722,  -21.5250,   15.5149,  -17.9641,    0.2729
   13.1189,    6.2212,  -17.4710,   13.2370,    6.1636,  -17.3972,    0.1507
  -13.9246,  -11.1898,   -1.4206,  -14.0164,  -11.2389,   -1.1747,    0.2670
   12.8060,   -5.9982,   61.5059,   12.8469,   -6.2134,   61.7996,    0.3664
   21.6370,    6.5543,   53.8590,   21.7240,    6.5351,   53.8709,    0.0899
  -32.8165,   -2.7320,   -7.0722,  -32.9330,   -2.7807,   -7.0239,    0.1352
    1.5713,   -4.2989,  -28.6554,    1.4889,   -4.5501,  -28.7748,    0.2901
   -8.3057,    9.3614,   -9.2398,   -8.2998,    9.7443,   -9.0346,    0.4345
   15.1893,   -6.8577,   33.8782,   15.2029,   -6.7937,   33.8456,    0.0730
   38.0313,   -0.1244,    5.8067,   38.1693,   -0.1877,    5.8794,    0.1684
  -38.1549,    4.3064,  -19.8142,  -38.0797,    4.2531,  -19.8153,    0.0922
   25.5826,   -5.3307,   14.0320,   25.5999,   -5.3535,   14.0377,    0.0292
   -0.0927,  -23.9456,  -17.0498,   -0.0791,  -24.1242,  -17.0282,    0.1804
  -34.5450,    9.3701,  -30.1720,  -34.5925,    9.4197,  -30.1937,    0.0720
  -33.9189,  -21.3039,  -13.5673,  -34.0369,  -21.4372,  -13.4274,    0.2264
   24.6254,   21.2929,  -23.8946,   24.9915,   21.6684,  -24.0807,    0.5564
  -15.2374,   11.1248,   41.5654,  -15.2065,   11.1687,   41.3976,    0.1762
    8.2450,   21.0035,  -15.7179,    8.2531,   20.9996,  -15.7178,    0.0090
   17.0871,   18.4623,   60.0611,   16.9096,   18.3210,   60.0086,    0.2329
  -37.2648,    4.0602,  -34.5597,  -37.4017,    4.1297,  -34.6036,    0.1597
   19.3786,   17.5868,   44.3643,   19.6095,   17.7697,   44.3651,    0.2946
   -8.1766,   20.0539,   36.0653,   -8.3491,   19.6283,   35.9803,    0.4670
   28.2317,   10.3950,   18.7345,   27.9923,   10.2815,   18.6729,    0.2720
   15.6550,  -19.0870,  -13.6883,   15.5994,  -19.3108,  -13.7468,    0.2378
   -5.1554,   -5.6260,   15.3912,   -5.2943,   -5.7428,   15.4052,    0.1820
  -38.9256,    4.2379,  -28.9415,  -38.7542,    4.1087,  -28.9252,    0.2153
  -20.4575,  -32.0463,  -25.9290,  -20.4564,  -32.0538,  -25.9272,    0.0078
  -19.1449,  -27.3971,  -39.1819,  -19.1428,  -27.4268,  -39.2070,    0.0390
  -14.0089,   -0.2482,   11.5689,  -13.7485,    0.0776,   11.5474,    0.4176
  -16.6385,  -31.5901,  -28.6379,  -16.6411,  -31.5822,  -28.6368,    0.0084
  -19.6638,  -31.3841,  -19.0652,  -19.6887,  -31.0331,  -19.1507,    0.3621
   32.1855,  -13.7306,  -19.9751,   31.9703,  -13.5518,  -19.8500,    0.3065
   -5.5952,    0.6845,   51.1653,   -5.4241,    0.8609,   51.1375,    0.2473
   18.6794,   -9.5296,   13.3257,   18.6942,   -9.1766,   13.1471,    0.3959
   10.9451,   22.6561,   37.5624,   10.9547,   22.6449,   37.5655,    0.0150
   -4.4214,  -11.6124,    0.9277,   -4.4823,  -11.2501,    0.6745,    0.4462
    7.1042,   -8.0839,   21.1916,    7.1664,   -8.2000,   21.2592,    0.1480
   41.0177,    8.6280,   -5.1980,   40.7674,    8.5812,   -5.2470,    0.2593
    3.2728,   -3.5404,  -25.9011,    3.0018,   -3.7612,  -25.8439,    0.3541
  -10.8726,  -22.2901,  -42.3847,  -10.9631,  -22.1928,  -42.1549,    0.2654
  -37.0698,    4.1011,  -16.8920,  -37.1809,    4.1433,  -16.8555,    0.1243
   -4.4149,   14.6573,    7.3883,   -4.3565,   14.5770,    7.4405,    0.1122
   33.4632,  -10.6639,  -10.4252,   33.5777,  -10.8329,  -10.2089,    0.2974
    3.1593,   -4.3703,  -26.5378,    3.0234,   -4.4324,  -26.3487,    0.2410
    5.3866,   -7.0339,   26.0068,    5.4076,   -7.2526,   26.0485,    0.2236
   31.9709,   10.0348,  -27.2358,   31.7927,   10.0068,  -27.1197,    0.2145
   17.9857,   26.1909,   -6.5244,   17.9464,   26.0083,   -6.5090,    0.1873
   14.1552,    9.7764,  -28.0910,   14.2960,    9.9030,  -27.9977,    0.2111
  -17.3645,  -29.4626,  -13.8340,  -17.4325,  -29.2748,  -13.8991,    0.2101
   12.8807,   -8.5419,  -23.1170,   12.8777,   -8.5384,  -23.1412,    0.0246
  -16.8661,    4.9207,  -44.2459,  -16.9051,    4.6960,  -44.0056,    0.3313
   -7.8263,   18.4404,   20.5612,   -7.8165,   18.3982,   20.5698,    0.0442
  -39.6042,   -8.9942,  -22.5763,  -39.6948,   -8.9710,  -22.6507,    0.1195
  -12.3807,  -28.7453,  -17.1076,  -12.3080,  -28.5953,  -17.1890,    0.1855
  -38.3072,   -9.9181,  -13.0603,  -38.5863,   -9.9571,  -12.8120,    0.3755
    8.7377,   22.3153,   24.7801,    8.5673,   22.7924,   24.7343,    0.5087
   34.7571,   -8.4359,  -12.6662,   35.0447,   -8.5776,  -12.6894,    0.3215
  -35.0519,  -23.2859,  -16.9435,  -35.2780,  -23.5373,  -16.8267,    0.3577
   25.4405,    0.5063,   28.8340,   25.3075,    0.5986,   28.8022,    0.1651
    5.7628,   21.0552,   38.3635,    5.7434,   21.1269,   38.3829,    0.0768
    7.1646,   -8.9194,   19.1055,    7.5852,   -9.3188,   19.4498,    0.6745
   20.7626,   20.2728,   17.2507,   21.1259,   20.6472,   17.4553,    0.5604
    9.2065,   17.0126,  -31.3548,    8.8757,   16.9638,  -31.5352,    0.3799
  -16.3736,  -31.3551,  -20.0596,  -16.3257,  -31.1087,  -20.1061,    0.2553
   10.0696,   -6.4272,   37.0597,   10.0335,   -6.7572,   37.0697,    0.3321
   -7.1258,    3.0935,   50.0970,   -7.3216,    2.9410,   50.1180,    0.2490
   17.3202,   -7.4267,   28.4490,   17.3100,   -7.6927,   28.4601,    0.2664
   31.0911,    0.3451,  -29.5973,   31.0130,    0.3784,  -29.4567,    0.1643
   10.0226,   22.3699,   39.8734,   10.0444,   22.3336,   39.8711,    0.0424
    6.5846,  -19.3259,  -24.7205,    6.3366,  -19.2495,  -24.6359,    0.2730
   27.6550,  -16.1645,  -19.4320,   27.6495,  -16.1490,  -19.4285,    0.0168
   -5.5312,    8.2049,  -26.3254,   -5.4540,    8.3387,  -26.3803,    0.1639
   -6.2071,    6.8661,  -33.0043,   -6.2091,    6.8629,  -33.0042,    0.0038
  -27.4115,  -21.2693,   -7.5869,  -27.2851,  -20.9937,   -7.7054,    0.3255
  -23.5757,    7.1107,   31.9276,  -23.1199,    7.3592,   31.8910,    0.5205
  -15.3498,  -28.6276,  -36.4787,  -15.3483,  -28.4947,  -36.3602,    0.1781
   30.4323,    3.8303,   16.5263,   30.4402,    3.8290,   16.5303,    0.0091
   33.2382,   17.1990,   -0.9989,   33.0937,   17.0379,   -0.9892,    0.2166
    6.8420,   23.5657,    6.8479,    6.8805,   23.5239,    6.8391,    0.0575
   -5.4725,   -7.3573,  -41.5094,   -5.6408,   -7.4201,  -41.4177,    0.2016
   13.5299,   22.9724,   36.8103,   13.4644,   22.7423,   36.8576,    0.2439
  -36.9701,  -16.6705,  -38.1945,  -36.9944,  -16.6883,  -38.2096,    0.0337
    5.9572,   12.7769,   63.0657,    5.9560,   12.8114,   63.1648,    0.1049
   40.7508,    7.4509,  -13.2674,   40.9169,    7.4336,  -13.3355,    0.1804
  -25.5864,  -27.2440,  -37.9390,  -25.5906,  -27.4336,  -38.0476,    0.2185
  -15.5629,    7.3925,   36.8323,  -15.5599,    7.3495,   36.8440,    0.0447
   22.1047,   -8.2733,   12.9444,   22.4516,   -8.6645,   13.0472,    0.5329
   22.1454,  -17.3580,   -4.0605,   22.1036,  -17.3693,   -4.0923,    0.0537
  -19.6442,   12.9620,  -13.4267,  -19.6373,   12.9807,  -13.3877,    0.0438
   -0.7227,   -8.3670,   13.6899,   -0.6875,   -8.1618,   13.7320,    0.2124
   39.4093,   11.4284,   -9.0904,   39.5105,   11.7087,   -9.2017,    0.3181
   20.3088,   15.5249,   52.0398,   20.5202,   15.7527,   52.1404,    0.3267
  -22.2839,  -31.2128,  -30.4488,  -22.2932,  -31.3375,  -30.4995,    0.1350
   34.9173,   13.9286,    7.9256,   34.7424,   13.9383,    7.7174,    0.2721
   23.8274,   15.1968,  -30.3169,   23.9145,   15.2503,  -30.4682,    0.1826
