    1.0000,  138.8499,   41.3170,   76.4594,  117.2445,   69.4602,   79.6903
   -6.3139,    3.9188,  -27.5898,   -6.2558,    4.2374,  -27.4956,    0.3373
   30.6622,   -4.1715,   18.5985,   30.6892,   -4.4172,   18.5970,    0.2472
   11.9514,   -2.8947,   36.8096,   12.2043,   -3.5979,   36.8404,    0.7479
    4.8995,  -11.2556,  -24.1917,    4.6970,  -11.0940,  -24.1246,    0.2676
   -9.6323,  -25.8206,  -32.2451,  -10.1226,  -25.8017,  -32.3447,    0.5007
   11.2820,   -4.1228,  -21.5824,   11.1163,   -4.3367,  -21.4069,    0.3224
   26.5113,    3.9598,   48.5416,   26.5581,    3.9483,   48.5477,    0.0485
   -1.6378,    2.7771,  -25.4741,   -1.3453,    2.9166,  -25.5485,    0.3325
   -7.7899,   12.8842,   10.2840,   -7.7212,   12.9066,   10.3153,    0.0787
   -6.2521,    9.3137,   -0.5021,   -6.2524,    9.3142,   -0.5023,    0.0006
  -40.1388,   -0.5615,  -27.9380,  -40.4378,   -0.3863,  -27.8651,    0.3541
   -4.4566,    4.9605,  -21.2948,   -4.4485,    4.7366,  -21.2720,    0.2252
  -15.4514,   17.1723,   26.9719,  -15.9056,   17.4266,   27.0172,    0.5225
  -29.9767,  -23.1163,  -16.0639,  -29.5155,  -23.1709,  -16.7928,    0.8643
   -3.3979,   17.2830,   46.5474,   -2.8684,   16.7507,   46.4864,    0.7533
   21.1951,    0.1510,   60.5135,   21.0312,    1.1848,   60.4479,    1.0488
   18.1653,   14.3100,  -31.0634,   17.9526,   13.9634,  -30.6488,    0.5807
  -14.4791,    6.1235,  -28.3747,  -14.4791,    6.1267,  -28.3759,    0.0034
  -18.2867,    6.0330,  -23.3204,  -18.2040,    6.7396,  -23.2498,    0.7149
  -12.9718,   -3.0465,   15.3235,  -13.1580,   -3.2120,   15.4305,    0.2710
   25.2684,   -0.9599,  -27.5054,   25.1846,   -1.0675,  -27.6517,    0.1999
  -15.1205,    2.4879,    1.4289,  -14.7858,    2.0291,    1.4768,    0.5699
    2.8334,    1.8026,  -22.7076,    2.3546,    1.1624,  -22.4067,    0.8541
    6.7364,   17.7329,  -11.5473,    6.5672,   17.8445,  -11.6347,    0.2207
  -14.9109,   17.9423,   22.9218,  -15.4067,   18.3946,   22.9235,    0.6711
  -10.1676,   -6.7313,  -44.8444,  -10.3345,   -6.6783,  -44.5013,    0.3852
   24.9212,    2.4021,  -30.1363,   24.8780,    2.3985,  -29.6646,    0.4737
   34.1414,    9.1642,   15.4693,   34.0950,    9.1438,   15.4315,    0.0632
   -5.4835,   19.4192,   19.5881,   -5.7233,   20.0213,   19.1516,    0.7813
  -27.9375,  -17.5572,  -10.3137,  -27.9286,  -17.5539,  -10.4591,    0.1457
    4.4559,   20.4916,   24.2926,    4.3815,   19.8075,   24.1157,    0.7105
  -28.0468,  -24.5260,  -16.8502,  -28.0286,  -23.7894,  -17.1723,    0.8042
   -6.9990,    9.8271,   46.4431,   -6.9509,    9.8154,   46.4422,    0.0495
    4.2427,    8.6544,  -14.1663,    4.2465,    8.6330,  -14.1514,    0.0264
   24.0443,   -1.6479,   37.8968,   24.0595,   -1.7284,   37.9051,    0.0824
  -28.8663,  -27.2169,  -31.6741,  -28.7231,  -26.9959,  -31.6112,    0.2708
   -6.0512,   -9.3812,    9.9094,   -6.0276,   -9.3375,    9.9268,    0.0526
  -12.8537,   -0.3645,   19.0294,  -13.0963,   -0.3243,   19.1749,    0.2858
  -22.7879,   -9.3684,   -6.5869,  -22.6532,   -9.2494,   -6.8339,    0.3055
  -35.0901,   -7.5488,  -14.2168,  -35.2684,   -7.5285,  -14.1593,    0.1884
   -9.6763,  -14.0644,  -44.0302,   -9.6391,  -14.0711,  -43.8945,    0.1409
  -37.0206,  -20.4688,  -36.3765,  -36.7348,  -20.1198,  -36.3314,    0.4533
  -10.5951,  -24.3529,  -24.5078,  -10.5728,  -24.3920,  -24.5033,    0.0453
   23.9608,   17.2346,   26.4530,   24.3626,   17.3035,   26.3850,    0.4133
   13.6575,   11.8590,  -28.2770,   13.6630,   11.9590,  -28.0574,    0.2413
   -6.7374,   10.6186,   58.2273,   -6.5355,   10.5491,   58.1907,    0.2166
  -16.6081,  -26.7011,  -19.4052,  -16.6206,  -26.7036,  -19.3873,    0.0219
   -3.8627,  -15.3760,  -24.4012,   -3.8761,  -15.3190,  -24.4103,    0.0593
  -23.1558,    4.5724,  -16.3838,  -23.4206,    4.3006,  -16.7427,    0.5223
    2.7469,   20.1510,   40.6412,    2.7064,   20.2896,   40.6691,    0.1470
  -13.9992,    6.0226,   28.1961,  -13.9307,    5.6326,   28.3296,    0.4178
   -9.9816,   -0.7944,   36.8078,  -10.4112,   -1.0710,   36.9710,    0.5363
   30.4112,   18.7547,   -2.8527,   30.4933,   18.9506,   -2.9794,    0.2473
  -18.0284,   -5.8034,   -2.0218,  -18.2746,   -5.8239,   -1.9706,    0.2523
    3.8511,   -5.7921,   21.1105,    4.2208,   -6.5657,   21.1980,    0.8618
  -16.4258,  -28.7237,  -31.7364,  -16.0750,  -28.9556,  -31.8063,    0.4263
  -38.4492,   -0.1683,  -23.8202,  -38.1223,   -0.1585,  -24.3167,    0.5945
   26.3365,    2.7214,  -29.8670,   26.3413,    2.7313,  -29.5870,    0.2802
   16.6982,   11.4209,  -31.5472,   16.3637,   11.2384,  -31.5960,    0.3842
  -40.5576,   -4.4070,  -36.7667,  -40.5873,   -4.3465,  -36.8363,    0.0969
   27.3995,    8.5579,  -29.7396,   27.4706,    8.6626,  -29.8434,    0.1637
   -5.3769,   -1.1495,  -41.2226,   -4.9933,   -0.9484,  -41.3155,    0.4430
   -1.0012,    0.6163,  -25.7819,   -1.0074,    0.3981,  -26.1159,    0.3990
   -8.4820,  -21.6748,  -21.0939,   -8.8415,  -21.3118,  -21.0420,    0.5135
  -14.6475,    3.2188,   16.5788,  -14.3875,    3.2129,   16.6699,    0.2757
   -2.3153,   16.3640,    4.9942,   -2.3607,   16.4049,    4.9753,    0.0639
    5.9822,   -9.0253,    6.8208,    5.9802,   -9.0151,    6.8185,    0.0106
  -13.0368,    4.3331,  -16.6791,  -13.1677,    4.5647,  -16.6350,    0.2696
    7.4774,    9.5137,  -14.1639,    7.2990,    9.5228,  -13.2429,    0.9381
   -8.8433,    4.1424,  -35.5006,   -8.9481,    4.0528,  -35.3473,    0.2062
   37.9237,   10.2376,   -4.6273,   38.2141,   10.3983,   -4.7613,    0.3579
   14.4842,   -3.4376,   45.3212,   14.3687,   -2.8180,   45.3015,    0.6306
  -13.4044,  -27.4707,  -30.9929,  -13.3604,  -27.7180,  -31.0466,    0.2569
   -4.0051,    1.4008,  -36.0933,   -4.1437,    1.4004,  -36.2039,    0.1774
  -14.3717,    5.0366,   16.1715,  -14.4813,    4.9959,   16.1377,    0.1216
   39.0201,   -2.5924,  -13.1735,   38.5764,   -2.4572,  -13.1782,    0.4639
   12.3964,   21.0817,   51.1821,   12.3958,   21.3161,   51.1812,    0.2344
   19.4853,   -8.8766,  -22.1916,   19.5080,   -8.8988,  -22.1654,    0.0411
   21.8328,   21.2579,   -7.7164,   21.9058,   21.5000,   -7.7413,    0.2540
  -11.6153,   -8.0670,    2.5186,  -11.5698,   -7.7629,    2.4124,    0.3253
   20.5483,   -8.7042,  -22.3117,   20.3848,   -8.4482,  -22.4895,    0.3520
   -4.9860,   -0.7455,   57.0199,   -5.0345,   -0.8997,   57.1140,    0.1870
  -30.8410,    4.9196,  -17.9005,  -30.5275,    4.4432,  -18.1650,    0.6286
    0.4506,   -3.5514,  -28.6897,    0.3989,   -3.9937,  -28.6329,    0.4489
   19.9397,   -9.4505,    0.9832,   20.3858,  -10.1340,    1.1211,    0.8278
   -6.2591,   11.3278,    5.9839,   -5.8897,   11.2470,    6.1198,    0.4018
   17.0821,    3.7249,   71.2483,   17.1837,    3.6408,   70.8453,    0.4240
   11.4123,   20.2314,   14.3526,   11.5724,   19.5769,   14.3958,    0.6752
   15.9221,   -3.5673,   26.7193,   15.9327,   -3.6003,   26.7235,    0.0349
   41.7226,    1.1224,  -11.1058,   41.7020,    1.1500,  -11.1030,    0.0346
  -41.7638,  -15.8808,  -31.9481,  -41.6963,  -15.8837,  -31.8101,    0.1536
  -17.8537,  -26.2651,  -18.2449,  -17.8248,  -26.3097,  -18.2020,    0.0683
  -24.7625,   -4.1986,  -45.1058,  -24.8306,   -4.2604,  -44.9865,    0.1507
  -38.0014,  -12.9771,  -40.8646,  -38.1681,  -12.9057,  -41.0954,    0.2935
  -39.6076,   -0.3412,  -30.0342,  -40.0769,    0.5670,  -30.2229,    1.0395
  -31.3600,  -23.9862,  -18.0549,  -31.1578,  -23.6694,  -18.2766,    0.4363
    9.1543,   13.6439,  -18.7193,    9.1608,   13.6631,  -18.7135,    0.0210
  -36.7840,  -13.1329,  -42.2798,  -36.7173,  -13.1651,  -42.1804,    0.1239
    6.1310,    9.7422,  -14.1722,    6.0002,    9.7488,  -13.4966,    0.6882
   36.5830,   -0.6990,  -19.4300,   36.0237,   -0.9808,  -19.1937,    0.6693
  -10.5528,  -15.1090,  -10.0883,  -10.5517,  -15.2532,   -9.8663,    0.2647
  -25.3033,  -25.5361,  -17.0066,  -25.2443,  -25.4725,  -17.0428,    0.0940
   -5.4524,  -14.3262,  -39.8461,   -6.0322,  -13.8273,  -39.7205,    0.7751
  -33.5555,  -22.9723,  -20.0701,  -33.6766,  -23.1809,  -19.8981,    0.2963
   -6.0106,  -17.9554,  -27.7074,   -6.0995,  -17.9279,  -27.7275,    0.0951
   22.4788,   -1.2045,  -22.8601,   22.3112,   -1.3717,  -22.9464,    0.2520
  -43.0513,   -9.0447,  -28.2136,  -42.9325,   -9.0883,  -28.2028,    0.1270
  -40.0111,  -19.4563,  -30.7748,  -40.1691,  -19.1426,  -30.8372,    0.3568
   26.6273,    9.1838,   47.2015,   26.6316,    9.1851,   47.2019,    0.0045
   -8.9155,    6.5227,   37.4257,   -9.4869,    6.7729,   37.7617,    0.7085
   21.5747,    4.1081,  -28.8019,   21.3210,    3.9118,  -28.9994,    0.3767
   37.9538,    7.4495,   -7.9871,   38.3524,    7.5601,   -8.0936,    0.4272
   -0.3621,   -9.1565,   12.4195,   -0.5150,   -9.4452,   12.3085,    0.3450
   -2.9939,   11.8361,   -0.9403,   -3.2133,   11.9683,   -1.0474,    0.2776
  -12.2055,    5.4456,  -22.1090,  -12.1974,    5.7388,  -22.0815,    0.2945
  -32.8168,   -0.1959,  -39.6894,  -32.6062,   -0.6460,  -39.2271,    0.6788
    5.5406,   -3.3647,   70.9971,    5.5345,   -2.8646,   70.8703,    0.5160
   27.2934,   10.9213,   38.9944,   26.9824,   10.8066,   38.9354,    0.3367
  -36.3327,  -15.7495,  -16.4921,  -36.2965,  -15.7412,  -16.5088,    0.0408
   12.8580,   -5.3415,   13.6385,   13.0401,   -5.9753,   13.9424,    0.7261
  -29.2370,  -27.3639,  -25.8732,  -29.0597,  -27.2342,  -25.8976,    0.2210
   25.3962,   -6.9760,    5.9649,   25.4053,   -7.0387,    5.9636,    0.0634
  -43.2500,  -12.4658,  -29.8476,  -42.7723,  -12.3024,  -29.7525,    0.5138
   17.5052,   -3.0960,   45.9595,   17.3067,   -2.1887,   45.9302,    0.9292
    7.4867,   -0.3437,  -20.6405,    7.3651,   -0.4677,  -20.4851,    0.2330
   22.9911,  -11.9779,  -14.4569,   22.7159,  -11.5560,  -14.4424,    0.5040
   22.6481,   16.1164,   67.7028,   22.5898,   16.1036,   67.6973,    0.0599
   -5.8172,  -18.0584,  -34.1225,   -5.8396,  -17.9684,  -34.1007,    0.0954
  -31.1893,    6.3106,  -26.0632,  -31.1392,    6.0741,  -26.0148,    0.2466
   29.6960,   -4.5111,   17.1355,   29.6966,   -4.5172,   17.1355,    0.0061
  -37.1434,   -9.1232,  -17.2250,  -37.1691,   -9.1333,  -17.1989,    0.0380
    1.7675,   20.7061,   28.5336,    1.8036,   20.9022,   28.5790,    0.2045
   33.1521,   14.2342,   10.2244,   33.2280,   14.2571,   10.3266,    0.1293
  -33.8342,   -0.9067,  -39.5179,  -33.7082,   -1.1760,  -39.2413,    0.4061
   -3.8090,    2.3200,   71.7342,   -3.8154,    2.3224,   71.4976,    0.2367
   37.2980,   -0.7135,  -17.3913,   36.8459,   -0.9413,  -17.2003,    0.5411
   -4.1872,   18.9669,   37.6307,   -4.0953,   18.7418,   37.5929,    0.2461
   -8.3102,    4.6384,  -24.6343,   -8.2873,    5.0231,  -24.7064,    0.3920
   -8.8484,   -5.7379,   26.8773,   -9.1032,   -5.7868,   26.9519,    0.2700
   26.6661,   11.1539,   47.9232,   26.3132,   11.1751,   47.8989,    0.3543
   27.1087,   18.8781,  -20.4471,   27.2284,   19.0978,  -20.5339,    0.2649
   11.4823,   15.1533,  -21.2631,   11.5529,   14.9521,  -21.1132,    0.2607
   -9.7426,   17.9048,   30.3400,   -9.7431,   17.8383,   30.2964,    0.0795
  -11.3784,  -26.2826,  -26.0194,  -11.5889,  -26.1587,  -26.0615,    0.2478
   14.4837,   20.9279,   38.0430,   14.4846,   20.9305,   38.0435,    0.0028
  -40.3617,   -1.4261,  -32.0093,  -40.7321,   -1.1924,  -32.1769,    0.4690
   -1.6910,   20.7753,   24.1573,   -2.1223,   21.7239,   23.9495,    1.0626
  -40.0113,  -11.2726,  -37.2051,  -40.0268,  -11.2828,  -37.2095,    0.0190
    4.9257,   16.0478,  -10.8250,    4.8394,   16.1892,  -10.8562,    0.1686
   -7.5295,  -20.3213,  -23.4029,   -7.7091,  -20.0923,  -23.4225,    0.2917
    4.6335,    4.3286,   71.4521,    4.4388,    4.4577,   70.8743,    0.6231
  -30.3990,    2.4442,  -15.1979,  -30.6958,    2.6785,  -15.1035,    0.3897
  -26.8706,  -18.1083,  -10.7894,  -26.9209,  -18.2366,  -10.3225,    0.4869
   -5.1800,   17.5141,   39.1837,   -5.5273,   17.8907,   39.2041,    0.5127
   -6.8833,  -21.5029,  -28.4691,   -7.1795,  -21.3413,  -28.3571,    0.3555
  -39.9543,   -2.9713,  -35.5688,  -39.9900,   -2.8419,  -35.6993,    0.1873
  -20.9929,  -27.6663,  -37.3562,  -21.1089,  -28.3353,  -37.2255,    0.6914
   21.0433,   19.8437,    3.1199,   21.2625,   20.7874,    3.1936,    0.9716
  -28.4820,  -27.8497,  -26.0189,  -28.4829,  -27.8507,  -26.0185,    0.0014
   19.0054,   14.9245,  -30.4687,   19.0031,   14.6569,  -29.9031,    0.6257
   -7.2841,   10.3813,   67.8086,   -6.9110,   10.1967,   67.6392,    0.4494
  -21.7407,  -10.5311,  -46.2932,  -21.7128,  -10.4882,  -46.1387,    0.1627
   -5.8672,  -17.8358,  -27.8773,   -6.0152,  -17.7900,  -27.9108,    0.1586
   21.8710,   -2.6224,   34.5102,   21.8641,   -2.5695,   34.5039,    0.0537
  -32.3598,   -2.0059,  -15.2652,  -32.6117,   -2.1046,  -15.0800,    0.3278
   39.6312,   -0.6166,   -2.7320,   39.9861,   -0.9663,   -2.7696,    0.4997
   -4.4283,   -9.7136,   15.8140,   -4.3316,  -10.2352,   15.6659,    0.5508
  -15.7186,   -8.4436,   -0.6767,  -15.7238,   -8.4532,   -0.6691,    0.0133
   22.3362,   -6.1247,    8.0689,   22.3198,   -6.2830,    8.1015,    0.1624
   25.6166,   13.5373,   39.7211,   25.7625,   13.5886,   39.7544,    0.1582
   21.5277,   -8.5349,  -22.6075,   21.2795,   -8.1462,  -22.8774,    0.5344
  -10.7874,   -3.0903,   19.8888,  -11.1254,   -3.2317,   19.8961,    0.3664
   13.3964,   15.2277,  -22.3345,   13.9960,   15.0178,  -22.2529,    0.6405
   14.9228,   20.4512,    7.6577,   14.9080,   20.4842,    7.6557,    0.0362
  -10.8384,   -1.0048,   26.5421,  -10.8548,   -1.0168,   26.5474,    0.0210
   33.9828,   18.0511,    4.4524,   34.2311,   18.3795,    4.4119,    0.4138
   18.8663,   -2.1037,   49.7592,   18.6900,   -1.5470,   49.6231,    0.5996
   37.3618,    7.8450,   11.6605,   37.3232,    7.7463,   11.5456,    0.1564
   31.5112,   17.7026,    8.4403,   31.7271,   17.6845,    8.7214,    0.3550
   41.1050,    3.9993,   10.3828,   41.1226,    4.0089,   10.4030,    0.0284
   18.1786,   -0.7444,   66.0753,   17.6715,   -0.3644,   66.0496,    0.6342
   -7.0262,   -8.2736,    5.6417,   -6.9487,   -8.0819,    5.6284,    0.2072
  -30.8667,  -18.7645,  -44.6705,  -30.7317,  -18.4877,  -44.2057,    0.5575
  -19.3823,  -23.9592,  -16.0114,  -19.1087,  -24.6029,  -15.5981,    0.8124
   26.9726,   -6.2259,    8.8111,   26.9167,   -6.6821,    8.9026,    0.4686
  -11.9531,   -9.4450,   -2.0555,  -11.9878,   -9.6792,   -1.9436,    0.2619
   17.0987,   -9.7825,  -20.7591,   16.7557,  -10.2718,  -21.2781,    0.7914
   30.4770,   -8.6029,  -21.9739,   30.4579,   -8.4413,  -21.9924,    0.1637
   24.0051,   19.2795,    9.7388,   24.1972,   19.6436,    9.7762,    0.4133
  -38.5454,   -2.1469,  -23.1884,  -38.7050,   -2.5996,  -23.9308,    0.8841
   -7.0553,  -11.3762,   -6.9561,   -6.9633,  -12.2246,   -6.7171,    0.8862
   -2.7817,   -1.0038,  -29.6313,   -2.6130,   -0.7002,  -29.7507,    0.3673
   -3.0483,  -10.4059,  -39.9572,   -3.2572,  -10.0792,  -39.5685,    0.5490
   33.0583,   18.3619,    5.8292,   33.5725,   19.0419,    5.7454,    0.8566
   -7.4625,    5.6577,   63.0920,   -7.1108,    5.5877,   63.0076,    0.3684
   22.3926,   19.6979,   11.7204,   22.8076,   20.3910,   11.7501,    0.8084
   -8.9444,    4.7116,   38.8610,   -9.5188,    4.3694,   38.8634,    0.6685
  -21.9873,    7.1077,  -27.2217,  -22.0632,    6.9932,  -27.3002,    0.1582
  -16.7120,  -29.5254,  -28.4525,  -16.3259,  -29.8847,  -28.2652,    0.5597
    3.4047,   18.3868,   -2.2560,    2.8854,   19.1628,   -2.4563,    0.9550
   38.9314,   -1.9441,  -13.4599,   38.7524,   -1.8896,  -13.4618,    0.1871
   39.0357,   12.7271,   11.5216,   38.6890,   12.5118,   11.0371,    0.6335
   34.4067,   16.5407,    9.5614,   34.4232,   16.4639,    9.4197,    0.1620
  -24.4048,    0.5587,  -43.0661,  -24.4384,    0.8363,  -43.2773,    0.3504
  -35.3277,    2.1546,  -33.2229,  -35.2480,    2.0499,  -33.1368,    0.1572
   -0.0346,   -1.7622,  -26.9247,   -0.5533,   -2.2657,  -27.0233,    0.7296
   -5.1230,    4.4937,  -23.6001,   -5.1288,    4.6885,  -23.5979,    0.1949
  -23.1116,  -11.1582,   -8.0053,  -23.1318,  -11.8950,   -7.5851,    0.8484
   29.8421,   13.2870,   16.8139,   29.8690,   13.3034,   16.8276,    0.0344
   -2.2474,   -0.3369,  -27.1795,   -2.1080,   -0.2035,  -27.3784,    0.2771
   -3.3746,   20.4578,   25.7950,   -3.7414,   21.2792,   25.6842,    0.9064
   20.4413,   18.6806,   40.9834,   19.8186,   17.9891,   41.0800,    0.9356
   -5.5848,   -4.7098,   45.8271,   -5.2784,   -4.0141,   45.6141,    0.7894
   39.9733,   -2.4944,   10.4342,   39.4248,   -2.1061,   10.6025,    0.6927
    7.3956,   -6.2277,  -25.2448,    7.4137,   -6.1874,  -25.2724,    0.0521
    1.4695,   20.3760,   30.3045,    1.5329,   20.6551,   30.3003,    0.2863
   18.5206,  -14.9698,  -14.7933,   18.2446,  -14.6198,  -14.6645,    0.4640
   -1.2312,   10.9056,   -7.7565,   -1.5774,   11.3354,   -7.8705,    0.5636
   -2.4881,   12.1237,   -1.5216,   -2.7381,   12.2743,   -1.6436,    0.3163
   -3.7717,    1.6408,  -27.6930,   -3.0356,    1.6523,  -27.8119,    0.7458
    7.2786,    5.3188,  -16.6990,    7.2884,    5.3226,  -16.7079,    0.0137
    7.7497,   -3.6039,   38.2886,    7.8541,   -4.1882,   38.3723,    0.5995
   42.7352,    5.6772,    4.3246,   43.3406,    5.7234,    4.1765,    0.6250
  -22.8141,    5.9939,  -38.0294,  -22.7780,    6.2397,  -38.4748,    0.5100
    6.8130,  -11.1774,  -22.5144,    6.7850,  -11.1383,  -22.4992,    0.0504
   17.1370,   -1.6293,   60.3504,   16.8450,   -1.2452,   60.3545,    0.4825
   22.2747,   16.8868,   67.3625,   22.4401,   16.9232,   67.3782,    0.1700
  -38.2034,   -0.7512,  -22.7189,  -37.4399,   -0.7283,  -23.8786,    1.3886
  -25.9952,  -17.6316,  -45.1587,  -26.0004,  -17.9877,  -45.5256,    0.5112
   22.7111,   -3.0300,   29.0733,   22.7230,   -2.9760,   29.0737,    0.0552
   25.2453,    2.0128,  -30.1522,   25.1983,    2.0089,  -29.6383,    0.5161
  -30.8039,  -14.7268,  -45.3626,  -31.0391,  -14.5390,  -45.7010,    0.4529
  -26.0225,  -16.6745,  -45.8737,  -25.9141,  -16.5491,  -46.4032,    0.5548
   36.3368,   -5.6725,   14.3160,   35.8874,   -5.1288,   14.4235,    0.7135
   -8.2561,    4.1856,  -27.7792,   -7.8949,    4.5049,  -27.3353,    0.6553
  -28.0061,    6.8433,  -21.6738,  -28.0032,    6.8907,  -21.6799,    0.0479
  -18.4887,  -27.0646,  -38.1365,  -18.4141,  -27.1639,  -38.2343,    0.1581
   30.7277,    8.1695,  -25.0107,   31.0406,    8.2762,  -25.2997,    0.4391
    8.9220,   -3.7009,   19.6996,    8.9220,   -4.0546,   19.7214,    0.3543
   41.9882,    7.4158,    8.3975,   42.3588,    7.3492,    8.9240,    0.6473
   15.0925,  -11.0878,  -18.4500,   15.0845,  -11.3511,  -18.7149,    0.3736
   -9.2873,    1.3622,   37.1835,   -9.4323,    1.4863,   37.2265,    0.1956
   25.4522,   20.0871,    2.6101,   25.5256,   20.3176,    2.6407,    0.2439
  -41.9145,   -3.8880,  -25.9576,  -42.1812,   -3.8442,  -25.8327,    0.2978
  -26.5532,  -27.4779,  -35.6379,  -26.3886,  -27.2857,  -35.5017,    0.2873
   32.5984,   11.6317,  -16.0668,   33.0521,   11.5837,  -16.2434,    0.4892
   30.0452,   18.8643,   -4.4657,   29.8603,   18.5769,   -4.4011,    0.3478
   37.0556,    6.4113,  -11.3208,   37.5256,    6.6246,  -11.4512,    0.5324
  -11.3575,   19.8222,   21.2589,  -11.3202,   19.7140,   21.2558,    0.1144
  -28.2822,  -24.7826,  -17.0852,  -28.2607,  -23.9120,  -17.4658,    0.9504
   -9.1184,    8.8543,   37.0317,  -10.2901,    8.2679,   37.6594,    1.4528
   -7.5207,   18.5006,   29.8679,   -7.7120,   18.7030,   30.0053,    0.3105
  -14.8846,  -28.0811,  -24.6756,  -14.7443,  -28.5766,  -24.5078,    0.5416
  -17.2672,    5.9832,  -38.4375,  -17.2685,    5.9910,  -38.4331,    0.0090
   -1.4709,   -5.7553,  -40.0967,   -1.8912,   -5.8897,  -39.8982,    0.4838
    1.4223,   11.0155,  -12.0613,    1.4353,   11.0024,  -12.0530,    0.0203
   22.5955,   17.8522,   32.9896,   23.0439,   17.9297,   33.2104,    0.5058
   12.7302,   11.2069,  -24.8934,   12.8643,   11.2191,  -24.8652,    0.1375
   36.4945,   -4.4464,    3.4408,   36.4896,   -4.2454,    3.5499,    0.2287
  -11.3601,  -26.2181,  -32.8524,  -11.3615,  -26.3439,  -32.9242,    0.1448
   29.8103,   13.6187,  -22.9973,   30.2237,   14.0032,  -23.1925,    0.5974
    2.6059,   -3.2770,   70.9403,    2.6014,   -2.9065,   70.8463,    0.3822
   17.7091,   -2.9559,   46.7204,   17.5253,   -2.1162,   46.6933,    0.8599
   36.7035,    4.1685,  -14.2332,   37.4000,    4.1654,  -14.3916,    0.7143
  -18.1405,   -7.2302,   -2.1243,  -18.1872,   -7.2340,   -2.1146,    0.0478
   16.3354,   20.4766,   69.3536,   16.5711,   20.9267,   69.0578,    0.5879
   -5.2097,   -9.2665,    9.4768,   -5.3333,   -9.4958,    9.3854,    0.2761
   12.6291,   20.9198,   71.6167,   12.6413,   20.6679,   70.8916,    0.7676
  -38.1167,  -15.5441,  -40.9016,  -38.0984,  -15.5290,  -40.8822,    0.0306
   -9.6800,    0.8741,   38.0187,   -9.7028,    0.8935,   38.0254,    0.0307
  -21.3611,   -4.6296,  -45.9009,  -21.2281,   -4.6252,  -45.7645,    0.1906
   14.7357,   10.2956,  -28.1699,   14.7094,   10.3256,  -28.1884,    0.0440
   33.5403,   13.1130,  -12.0369,   33.4357,   13.0522,  -12.0129,    0.1234
  -32.4679,   -3.1099,  -14.9274,  -32.8890,   -2.6930,  -14.6371,    0.6598
   16.1764,  -15.8995,  -11.1762,   16.0628,  -15.6064,  -11.2269,    0.3184
    5.7140,  -10.1850,  -25.7662,    4.9943,   -9.5043,  -25.8138,    0.9918
   29.8315,   19.5610,    6.6767,   29.8719,   19.2189,    6.6342,    0.3471
  -32.8901,   -4.6529,  -13.5953,  -32.8788,   -4.6217,  -13.5438,    0.0613
  -21.4576,  -18.6277,  -10.0017,  -21.4171,  -18.7117,  -10.1142,    0.1461
   33.6516,   -0.9773,  -26.9676,   33.9015,   -0.9252,  -27.0887,    0.2826
   20.1059,   -8.8906,  -22.1425,   19.9190,   -8.7074,  -22.3586,    0.3394
   21.5176,   -8.1169,    1.9851,   21.8919,   -8.6522,    2.0335,    0.6549
   -5.9657,    0.7660,   59.1630,   -6.5171,    0.6597,   59.5986,    0.7107
   11.4336,   20.2006,   14.8658,   11.5777,   19.6118,   14.9047,    0.6075
   23.0423,    3.5817,   70.2289,   23.1751,    3.2275,   70.6350,    0.5550
   -1.4555,    3.0293,  -25.3927,   -1.4039,    3.0837,  -25.4023,    0.0756
   19.2235,   18.6399,  -27.6925,   19.2862,   18.0942,  -27.7585,    0.5532
   21.4778,   19.0462,  -24.0578,   21.5155,   18.7789,  -24.0297,    0.2714
  -35.2232,  -23.3355,  -30.7104,  -34.7546,  -22.6493,  -30.5591,    0.8446
  -15.3245,  -27.8662,  -22.4363,  -15.2834,  -28.0113,  -22.3872,    0.1586
   -4.6377,    6.2044,  -15.9655,   -4.7229,    5.8236,  -15.9432,    0.3909
   26.3035,   -1.0250,   35.1380,   26.1482,   -0.9826,   35.1223,    0.1618
    8.4075,   -8.4390,  -24.5565,    8.5349,   -8.9008,  -24.2630,    0.5618
  -39.3783,  -12.9000,  -39.7899,  -39.5803,  -12.9286,  -39.8248,    0.2070
   32.4320,   17.6652,   -2.5783,   32.4410,   17.6750,   -2.5811,    0.0136
   33.1603,   -6.8049,   -0.3129,   32.7248,   -5.9159,   -0.4257,    0.9964
  -21.4500,   -3.0809,  -45.0891,  -21.4404,   -3.0871,  -45.0819,    0.0135
    6.0170,    1.0005,  -20.7173,    5.8591,    0.5947,  -20.4692,    0.5012
   -1.5247,   20.6554,   32.0680,   -1.5960,   20.9853,   32.0635,    0.3375
   -7.5030,  -15.9812,  -41.2085,   -7.4749,  -16.3307,  -41.6087,    0.5321
   10.7052,   17.0304,  -18.6651,   10.7986,   16.9224,  -18.5834,    0.1646
  -29.8865,  -26.3881,  -24.6522,  -29.6835,  -26.1576,  -24.7422,    0.3201
   -5.6270,  -16.7740,  -36.6555,   -5.5992,  -16.7174,  -36.6123,    0.0764
   33.1761,   17.8931,    8.2066,   33.1211,   17.9858,    8.3840,    0.2076
    8.7520,   18.6087,  -14.7892,    8.6901,   18.7429,  -14.8291,    0.1531
   15.3133,   18.2160,  -19.8018,   15.3462,   18.2830,  -19.9926,    0.2048
  -30.6737,  -17.8663,  -11.6402,  -30.3865,  -17.7185,  -12.1365,    0.5922
   31.6936,   12.9570,  -17.5043,   32.0812,   13.1297,  -17.5538,    0.4272
   13.0105,   -9.4412,    6.4758,   12.7485,   -9.6601,    6.5931,    0.3610
  -14.8074,    7.6186,   28.5441,  -14.6789,    7.6046,   28.5454,    0.1293
   25.7355,   13.8862,   35.6863,   26.1773,   14.3484,   35.8448,    0.6588
   19.3998,   -9.9912,  -22.6881,   19.2964,  -10.0905,  -22.8101,    0.1883
   18.5356,   20.9752,  -12.6567,   18.6319,   20.8101,  -12.5650,    0.2121
   24.8691,    8.1834,   60.4617,   25.5267,    8.3549,   60.5396,    0.6841
  -14.9906,    3.4204,    3.9769,  -14.3672,    2.8446,    4.1985,    0.8771
   -9.5330,    7.0138,   -0.9389,   -9.4880,    6.9750,   -0.9397,    0.0594
   22.6778,  -10.6610,   -3.0377,   22.6774,  -10.4352,   -3.1763,    0.2649
   23.5510,   18.2148,   22.5013,   23.8628,   18.2671,   22.6577,    0.3527
   32.5885,    6.8239,   22.1520,   32.4303,    6.7749,   22.1134,    0.1700
   21.2682,   17.4057,   54.8277,   21.3094,   16.5290,   54.8535,    0.8780
   -7.0814,   10.7855,   62.1864,   -6.2548,   10.2582,   61.9891,    1.0002
   12.3815,   21.5603,    0.4055,   12.3659,   21.6246,    0.4126,    0.0666
  -40.5177,  -15.7386,  -35.6137,  -39.7919,  -15.4062,  -35.4652,    0.8120
   -2.6451,   -4.9285,   43.1161,   -2.8957,   -4.3366,   42.9852,    0.6559
   18.9178,   20.7172,   18.2680,   18.8934,   20.6325,   18.2666,    0.0882
   10.4915,   -3.2529,   49.1189,   10.5162,   -3.4033,   49.1382,    0.1536
  -16.6347,  -13.1936,   -7.1820,  -16.6608,  -13.3046,   -7.0018,    0.2132
   -2.5543,   20.4557,   19.5077,   -2.5804,   20.8298,   19.2068,    0.4808
    2.5405,   -1.9283,  -24.7641,    2.6141,   -1.8688,  -24.9177,    0.1804
   -9.5532,   -5.8592,   19.0945,   -9.5152,   -5.8067,   19.1242,    0.0713
   -5.0819,   13.9285,   68.9807,   -4.3995,   13.4448,   68.5465,    0.9424
   40.7933,   -0.8461,   10.3089,   40.3244,   -0.6646,   10.2079,    0.5129
   -7.6216,    9.1013,   68.7534,   -7.1346,    8.8636,   68.5164,    0.5914
   -8.2592,  -19.5807,  -17.8916,   -8.3560,  -19.5624,  -17.8969,    0.0987
  -23.9645,  -29.8795,  -31.3185,  -24.3070,  -30.6736,  -31.3654,    0.8661
  -14.5006,  -24.2722,  -18.3008,  -14.8047,  -24.5518,  -17.8175,    0.6358
   -7.7678,   -8.7437,    0.0911,   -7.9384,   -9.3445,    0.3372,    0.6712
    5.0326,  -10.4661,  -26.7357,    4.6490,   -9.9138,  -26.4875,    0.7169
  -28.9637,  -10.5322,  -10.0044,  -28.9835,  -10.5308,   -9.9335,    0.0737
  -18.0163,    2.6636,  -16.1610,  -18.0006,    2.6498,  -16.1867,    0.0332
    8.2271,   -3.3634,   58.2381,    8.1947,   -4.0390,   58.2060,    0.6771
   -6.7610,  -19.7239,  -40.6348,   -6.8356,  -19.6723,  -40.6049,    0.0955
  -24.3429,  -11.6282,   -8.8023,  -24.5048,  -12.1612,   -8.4853,    0.6409
  -12.4666,    5.1278,    1.6765,  -11.9759,    4.8889,    1.8115,    0.5622
   20.1083,   10.6959,   72.1800,   20.0916,   10.6561,   71.9645,    0.2198
   17.1518,   19.9884,  -16.3740,   17.1521,   20.0827,  -16.3639,    0.0949
    7.1777,   20.9278,    5.9091,    7.1562,   20.6906,    5.8603,    0.2431
  -26.2260,   -0.0950,  -15.6219,  -25.8218,    0.0259,  -15.2659,    0.5521
   17.9240,  -12.9159,  -18.4801,   17.6556,  -13.0727,  -18.6907,    0.3755
   23.6473,   16.0365,   34.5601,   23.6649,   16.1213,   34.5808,    0.0891
   -2.7810,  -10.9070,   -4.9982,   -2.8135,  -11.1251,   -4.9491,    0.2258
   37.9893,    8.2352,   -7.3897,   38.3062,    8.3231,   -7.4743,    0.3395
  -14.9888,   -4.9806,    6.8282,  -14.8945,   -4.9302,    6.7820,    0.1165
   -5.4587,   12.7770,   60.8772,   -5.0862,   12.5394,   60.7882,    0.4507
   26.8459,    2.2110,   43.7988,   27.0807,    2.1504,   43.8024,    0.2425
   -4.8545,  -10.3264,   -4.1335,   -4.8143,  -11.1378,   -3.8190,    0.8711
   10.8314,  -13.8271,   -7.8526,   10.8543,  -13.7901,   -7.8516,    0.0435
   -7.3915,    4.7527,   67.6343,   -6.9441,    4.5845,   67.7328,    0.4880
   31.4512,    4.8603,   28.0637,   30.8074,    4.7637,   27.8873,    0.6745
  -10.5556,    2.3077,  -39.3653,  -10.6315,    2.1965,  -39.2425,    0.1823
   14.8343,   20.4983,   44.8755,   14.7819,   20.2448,   44.8789,    0.2588
   24.4531,   11.6777,  -28.8670,   24.5180,   11.7029,  -28.9462,    0.1054
  -14.6831,  -25.5895,  -19.2904,  -14.5145,  -25.9444,  -19.1025,    0.4356
   15.4155,   11.4871,  -30.6654,   15.9285,   11.7670,  -30.5905,    0.5892
    3.4875,   20.5243,   64.6049,    3.5289,   20.4578,   64.5970,    0.0788
   28.1500,   12.9790,  -25.2046,   28.2005,   13.1571,  -25.4043,    0.2723
   -4.1210,   20.3253,   30.4568,   -4.1501,   20.4384,   30.4681,    0.1173
   -1.1853,   18.3730,   53.2792,   -0.7546,   18.1291,   53.2773,    0.4950
  -41.5213,   -6.3363,  -39.4915,  -41.2998,   -6.9467,  -38.9950,    0.8174
   -7.4463,  -11.8372,   -6.8381,   -7.1704,  -12.2407,   -6.6945,    0.5094
   34.9415,   17.2153,    5.4831,   34.9847,   17.3733,    5.5467,    0.1757
   -9.0080,    8.6344,   37.1785,  -10.1287,    8.0735,   37.7789,    1.3897
  -20.3750,    7.3271,  -30.9570,  -20.4137,    7.3956,  -30.8336,    0.1464
   27.9514,   18.5051,  -20.6037,   28.0156,   18.6230,  -20.6503,    0.1422
   29.7509,   -2.3911,   24.6488,   29.7048,   -2.5310,   24.6825,    0.1510
   37.1384,    0.9272,  -13.8893,   37.6121,    1.0409,  -14.0097,    0.5018
   -7.7411,   18.2043,   31.8270,   -7.8376,   18.2838,   31.8308,    0.1250
   17.8044,   21.7166,   -5.3237,   17.8827,   22.3771,   -5.4368,    0.6747
  -19.2473,   -1.6231,  -44.1840,  -18.9405,   -1.2294,  -44.8955,    0.8692
   32.2664,    6.0330,  -24.5234,   32.4539,    6.0728,  -24.5838,    0.2010
   11.2375,   20.0122,  -16.4039,   11.6228,   19.7487,  -16.3214,    0.4741
  -28.8032,  -23.2361,  -15.5826,  -28.6862,  -22.9574,  -15.9282,    0.4591
   17.6516,   -8.5198,  -21.5105,   17.2351,   -9.0331,  -22.1879,    0.9464
   40.2979,   -1.5873,    6.9588,   39.9998,   -1.3667,    6.9243,    0.3725
  -34.3732,  -22.4098,  -20.1040,  -34.5616,  -22.5691,  -20.0843,    0.2475
  -26.1279,   -6.1268,  -45.8647,  -26.3068,   -6.0237,  -45.6119,    0.3265
   32.4614,   -8.0236,  -20.3549,   32.4198,   -7.9471,  -20.3531,    0.0871
   10.1410,    5.0284,  -14.9381,   10.0705,    4.8264,  -14.7378,    0.2930
  -41.3534,   -9.5572,  -38.2516,  -41.2570,   -9.6924,  -38.3522,    0.1942
   -6.5874,  -20.4429,  -40.7949,   -7.0302,  -20.4716,  -40.6299,    0.4734
  -24.2887,    5.6344,  -16.8176,  -24.4086,    5.5050,  -16.9759,    0.2371
  -13.7276,    4.0325,  -14.9874,  -13.6865,    3.9598,  -15.0013,    0.0847
  -11.9899,   -8.8262,   -0.6162,  -12.0158,   -9.0015,   -0.5325,    0.1960
   -6.9431,  -18.5525,  -40.0031,   -7.3263,  -18.5088,  -39.9879,    0.3859
   -9.6288,  -18.7611,  -14.4711,   -9.1654,  -19.0742,  -14.2597,    0.5979
  -42.7927,   -9.2839,  -26.7933,  -42.6694,   -9.2953,  -26.8602,    0.1407
   14.9518,   11.8124,  -30.5209,   15.7853,   11.9945,  -30.4600,    0.8553
   16.9579,   -3.5305,   23.5017,   16.9853,   -3.6383,   23.4951,    0.1114
    6.1213,    0.8691,  -20.4975,    6.0209,    0.6109,  -20.3397,    0.3188
   15.3728,   14.7757,  -29.8822,   15.3979,   14.7081,  -29.8354,    0.0860
