-24.34,-31.611,-19.15,-24.342,-31.605,-19.153,0.0070827
-15.196,-18.052,-6.2494,-15.198,-18.047,-6.2552,0.0078572
18.28,26.445,4.5528,18.281,26.448,4.5531,0.0029752
-7.9746,-26.519,-17.823,-7.9564,-26.536,-17.811,0.027585
-27.039,-11.874,-6.4242,-27.039,-11.869,-6.4067,0.018206
20.624,22.593,18.032,20.633,22.621,18.039,0.031044
-10.975,-12.782,-0.76576,-10.969,-12.763,-0.77822,0.023672
15.49,26.914,-3.8514,15.486,26.948,-3.8576,0.035338
-11.616,-13.904,-2.5107,-11.611,-13.885,-2.5302,0.027456
-34.282,1.9495,-39.903,-34.272,1.9369,-39.893,0.018157
27.583,-1.8064,20.294,27.581,-1.8053,20.293,0.0017631
-2.5983,18.238,9.2764,-2.5805,18.224,9.2931,0.028195
-8.9951,17.604,38.773,-9.0428,17.65,38.82,0.081453
-34.606,-2.4201,-10.99,-34.668,-2.4179,-10.951,0.072644
-12.974,-23.419,-10.326,-12.962,-23.432,-10.315,0.021397
-7.248,12.008,41.991,-7.2995,12.007,42.008,0.054325
14.742,21.874,40.152,14.731,21.846,40.144,0.030854
-16.817,-1.0257,0.67937,-16.84,-1.0213,0.69388,0.027759
19.827,-5.9559,-23.834,19.808,-5.9532,-23.872,0.042328
25.717,-6.121,12.67,25.712,-6.075,12.646,0.052207
2.3347,8.685,-14.826,2.3351,8.6979,-14.832,0.01419
-25.936,0.47564,-12.336,-25.951,0.50536,-12.302,0.047584
-1.3508,17.176,51.893,-1.3372,17.155,51.89,0.02509
4.6367,-6.0047,63.108,4.6454,-6.0196,63.146,0.041836
-8.9411,-20.559,-43.019,-8.9062,-20.592,-43.064,0.066318
14.864,25.292,12.604,14.865,25.3,12.607,0.0081176
13.243,11.434,-13.762,13.205,11.446,-13.779,0.043268
-6.8972,5.0824,47.851,-6.8786,5.0856,47.853,0.018986
0.92424,-12.235,4.5691,0.92467,-12.217,4.5656,0.018817
-12.022,-26.989,-38.769,-11.992,-27.041,-38.806,0.07089
-6.245,-8.8802,12.957,-6.2295,-8.8605,12.953,0.02534
16.283,26.912,3.5457,16.284,26.927,3.5472,0.014747
-4.4655,-1.962,63.001,-4.4469,-1.9551,62.98,0.028428
36.327,-0.94729,10.013,36.339,-0.95226,10.02,0.014592
4.7855,-7.6648,26.848,4.7898,-7.6899,26.852,0.025821
13.63,23.809,-12.72,13.596,23.866,-12.74,0.069212
0.31666,17.219,4.1438,0.32415,17.21,4.1514,0.01381
-8.5378,4.1428,27.789,-8.5597,4.1375,27.796,0.023439
-0.6359,8.3663,-15.862,-0.63716,8.3572,-15.86,0.0094153
-31.052,-27.424,-37.182,-31.044,-27.412,-37.175,0.016499
21.612,-5.684,19.953,21.618,-5.701,19.955,0.017919
-7.6559,-5.6963,20.528,-7.6246,-5.6819,20.521,0.035284
26.942,-9.7248,1.9158,26.94,-9.6561,1.8921,0.072737
-6.5163,18.865,13.14,-6.4759,18.826,13.209,0.089374
35.317,-4.2269,6.215,35.318,-4.2276,6.215,0.00096193
5.9087,-14.951,-19.966,5.9434,-14.987,-19.989,0.054943
13.066,-14.639,1.6082,13.068,-14.612,1.5919,0.031653
1.898,-8.0526,27.395,1.9022,-8.0743,27.4,0.022646
13.809,24.551,-10.957,13.781,24.597,-10.973,0.05586
-14.194,-30.798,-21.178,-14.194,-30.798,-21.178,0.00070341
7.3477,18.02,-6.7785,7.3256,18.024,-6.7923,0.026423
39.014,2.1046,6.6633,39.033,2.1003,6.6687,0.020212
-37.73,-11.413,-42.403,-37.717,-11.413,-42.395,0.014872
-16.236,4.1125,-43.143,-16.251,4.0832,-43.101,0.053826
17.726,25.526,-12.964,17.723,25.576,-12.968,0.049975
-18.501,-25.861,-10.691,-18.505,-25.852,-10.702,0.014465
-22.837,-25.703,-10.197,-22.825,-25.655,-10.251,0.073673
-12.85,-15.617,-4.4808,-12.844,-15.596,-4.5028,0.030999
33.178,-6.2939,-18.809,33.183,-6.2973,-18.81,0.0060004
-6.9126,4.5006,50.972,-6.9007,4.5025,50.972,0.011982
14.644,19.891,-30.335,14.647,19.883,-30.321,0.016391
-25.708,11.274,-22.702,-25.711,11.3,-22.695,0.027475
-36.025,2.5091,-37.509,-36.017,2.499,-37.502,0.015481
-38.946,0.57939,-34.744,-38.953,0.58463,-34.748,0.0098399
-2.6876,16.901,8.1923,-2.6761,16.892,8.2019,0.017643
-35.613,-18.881,-11.11,-35.614,-18.882,-11.109,0.0014667
-0.62252,9.7148,-10.928,-0.62247,9.7144,-10.928,0.00049008
27.536,-10.607,-20.986,27.544,-10.619,-20.995,0.016794
25.083,-11.117,-1.1537,25.074,-11.041,-1.1913,0.084995
-42.599,-4.006,-30.542,-42.602,-4.0054,-30.543,0.0028931
-8.8399,-20.36,-43.104,-8.8113,-20.387,-43.141,0.05441
25.807,23.555,-13.041,25.811,23.564,-13.041,0.0097964
7.8278,24.604,1.8912,7.7974,24.641,1.8804,0.049762
-7.7949,5.8512,-30.662,-7.8207,5.8331,-30.662,0.03154
-39.022,-1.8455,-37.52,-39.027,-1.844,-37.522,0.0055486
0.28091,-1.7958,-26.041,0.29517,-1.7835,-26.053,0.022189
20.901,-16.923,-9.8355,20.893,-16.908,-9.8359,0.016829
15.957,9.6284,-20.778,15.935,9.6239,-20.783,0.023437
-38.509,-10.531,-11.681,-38.528,-10.534,-11.668,0.022544
31.597,0.027209,15.658,31.602,0.02551,15.663,0.0070195
-12.405,4.4914,11.776,-12.424,4.494,11.779,0.018632
32.546,-6.3353,6.9521,32.527,-6.2985,6.9379,0.043531
-14.432,20.943,21.549,-14.432,20.943,21.549,0.00017541
-1.8253,12.135,-2.12,-1.8282,12.139,-2.1217,0.0052331
-4.9454,-26.055,-28.454,-4.9025,-26.111,-28.464,0.071352
-28.579,0.4305,-44.37,-28.565,0.41248,-44.342,0.036249
-34.439,-11.796,-45.878,-34.43,-11.797,-45.863,0.017854
29.516,14.72,15.331,29.514,14.719,15.33,0.0024764
-39.058,-11.98,-40.51,-39.041,-11.978,-40.501,0.020045
-22.579,-25.717,-10.167,-22.568,-25.676,-10.212,0.061639
-14.162,-14.888,-47.853,-14.159,-14.894,-47.873,0.021471
-14.549,1.4869,-44.619,-14.56,1.4639,-44.595,0.035352
19.667,-10.278,4.4523,19.659,-10.264,4.4458,0.017895
6.7397,-5.6246,63.437,6.7396,-5.6247,63.42,0.016293
31.273,11.348,15.103,31.295,11.358,15.114,0.026041
-6.7225,-5.2711,24.838,-6.7119,-5.2623,24.832,0.014989
-9.373,-27.709,-18.038,-9.3634,-27.728,-18.033,0.021493
-39.421,2.137,-30.523,-39.429,2.1426,-30.526,0.010142
-10.071,12.21,13.571,-10.063,12.208,13.576,0.0096027
13.89,-16.448,-11.466,13.904,-16.401,-11.448,0.052402
-6.6909,9.7917,1.4476,-6.6982,9.8023,1.4456,0.013021
-25.663,-15.008,-6.4866,-25.655,-15.007,-6.5096,0.024586
35.639,-2.9421,-1.4526,35.632,-2.9351,-1.4513,0.010173
-8.2427,7.4871,33.619,-8.2803,7.4737,33.625,0.040288
1.4969,0.79619,63.417,1.4961,0.79466,63.444,0.026383
-39.879,-15.839,-34.627,-39.863,-15.836,-34.626,0.016087
-7.7489,7.8434,-21.58,-7.7587,7.8302,-21.581,0.01646
21.651,12.488,49.827,21.657,12.49,49.828,0.0060483
21.489,18.168,32.793,21.468,18.156,32.787,0.024458
-13.947,22.084,22.126,-13.958,22.092,22.123,0.013504
-26.273,11.647,-25.987,-26.276,11.667,-25.985,0.020717
18.652,21.027,33.094,18.632,21.002,33.091,0.0325
-8.5458,-13.334,-45.251,-8.5292,-13.342,-45.27,0.026239
30.595,0.15208,17.192,30.598,0.15088,17.194,0.0042741
-0.12348,-0.29077,-25.135,-0.11853,-0.28794,-25.14,0.0074668
-9.0746,5.9025,-35.406,-9.1031,5.8751,-35.39,0.042482
36.62,13.183,6.8677,36.642,13.203,6.8779,0.031432
-3.4442,-9.5243,17.485,-3.4437,-9.5227,17.485,0.0017409
-41.285,-2.4908,-18.16,-41.339,-2.4686,-18.119,0.070507
22.851,8.8101,-30.238,22.865,8.8299,-30.208,0.038546
-17.854,-31.857,-32.334,-17.849,-31.882,-32.34,0.026741
-26.667,-13.896,-6.3246,-26.666,-13.906,-6.297,0.029215
1.8954,18.39,56.638,1.9182,18.328,56.63,0.067042
23.386,15.274,-29.11,23.354,15.26,-29.068,0.054518
-9.2354,-1.7737,20.053,-9.2118,-1.7692,20.048,0.024434
-33.355,1.3517,-41.152,-33.345,1.337,-41.136,0.024164
15.206,-4.519,57.406,15.25,-4.5939,57.413,0.087177
22.119,16.98,33.048,22.115,16.977,33.046,0.0055304
8.1433,21.452,39.06,8.1535,21.403,39.062,0.050102
-17.995,-27.054,-12.041,-17.999,-27.037,-12.056,0.022739
6.7847,-9.1469,17.153,6.7894,-9.1625,17.158,0.017002
21.677,4.0096,53.224,21.754,3.9942,53.238,0.078797
8.1277,-13.24,-19.747,8.1427,-13.266,-19.767,0.036817
-22.843,7.5569,-39.801,-22.849,7.5198,-39.77,0.048943
-38.579,-0.8055,-37.445,-38.582,-0.80376,-37.446,0.0037469
-3.5328,-3.9883,59.353,-3.5334,-3.9887,59.353,0.00073837
10.437,-6.3275,37.108,10.445,-6.3764,37.108,0.049444
-32.738,3.8557,-38.914,-32.725,3.8435,-38.9,0.022743
-9.2161,22.363,34.282,-9.2341,22.418,34.322,0.070951
27.713,-12.397,-16.048,27.71,-12.391,-16.047,0.0063879
-40.23,-20.643,-31.282,-40.198,-20.626,-31.273,0.036946
12.49,-13.585,-16.824,12.501,-13.612,-16.845,0.035657
-14.95,-3.7975,4.2658,-14.969,-3.8076,4.2778,0.024844
1.8653,19.628,45.606,1.8737,19.579,45.606,0.049486
14.549,-5.9304,31.806,14.55,-5.9396,31.808,0.0093765
-32.152,-9.4221,-46.741,-32.14,-9.4182,-46.712,0.031802
28.326,-11.545,-18.329,28.321,-11.538,-18.326,0.00918
30.698,20.451,-1.1836,30.696,20.449,-1.1835,0.0024566
38.483,5.4232,7.8972,38.489,5.4238,7.9015,0.0073277
16.876,24.135,-25.969,16.86,24.092,-25.929,0.061524
16.824,-12.052,3.9716,16.82,-12.047,3.9687,0.007089
-18.339,10.335,-36.161,-18.333,10.306,-36.138,0.037661
11.443,-16.352,-3.2167,11.466,-16.267,-3.2442,0.092433
34.232,2.9477,13.053,34.248,2.9481,13.065,0.020142
-35.054,-15.932,-44.116,-35.036,-15.926,-44.097,0.026417
-6.9858,-24.947,-16.801,-6.9797,-24.956,-16.796,0.011474
-9.3639,15.269,13.651,-9.3325,15.251,13.686,0.05048
22.223,-8.9351,-23.804,22.23,-8.922,-23.791,0.0204
24.316,-4.0878,21.409,24.319,-4.0943,21.411,0.007706
23.296,11.922,40.621,23.307,11.925,40.622,0.010715
-22.702,10.47,-35.217,-22.704,10.477,-35.219,0.0079307
-42.915,-16.536,-26.318,-42.907,-16.532,-26.318,0.0089651
5.1502,21.851,33.387,5.1513,21.834,33.384,0.017593
-14.978,10.75,-31.13,-14.999,10.708,-31.122,0.047835
12.8,-17.077,-4.5623,12.823,-16.987,-4.5837,0.095053
1.3104,-17.81,-24.237,1.3731,-17.85,-24.266,0.07979
11.937,-6.858,24.581,11.94,-6.8803,24.584,0.022725
28.683,-2.7743,-26.616,28.683,-2.7736,-26.615,0.0012631
24.136,16.797,26.068,24.126,16.792,26.065,0.011787
-39.704,-18.674,-16.42,-39.683,-18.665,-16.429,0.024558
-42.797,-3.0325,-26.574,-42.829,-3.0194,-26.574,0.035029
12.742,25.606,-7.1796,12.74,25.617,-7.1837,0.01168
9.2931,-6.7064,30.459,9.2966,-6.7357,30.461,0.029603
-29.759,-28.807,-16.996,-29.744,-28.77,-17.009,0.042274
2.5629,18.259,61.225,2.5891,18.195,61.223,0.069307
32.12,0.48285,15.197,32.124,0.48155,15.2,0.0053679
-33.621,-7.7047,-8.4704,-33.626,-7.6905,-8.4427,0.031495
22.323,9.6394,50.906,22.354,9.6468,50.909,0.031389
15.617,25.568,-10.337,15.604,25.61,-10.343,0.044875
28.776,20.549,9.7911,28.78,20.555,9.7935,0.0074254
-20.87,-20.632,-6.9822,-20.87,-20.627,-6.9914,0.01057
-4.0818,-21.046,-36.82,-4.0314,-21.082,-36.853,0.070238
28.154,-9.7115,1.0958,28.137,-9.6712,1.0807,0.046337
10.291,9.6439,-13.012,10.291,9.6478,-13.016,0.0051192
-38.635,-10.41,-11.836,-38.655,-10.413,-11.821,0.026049
17.948,-17.37,-7.7319,17.939,-17.328,-7.7359,0.043125
12.024,23.266,-11.35,11.963,23.319,-11.373,0.08459
-15.3,-2.2949,-47.14,-15.31,-2.3001,-47.093,0.048025
-29.452,-17.735,-46.464,-29.452,-17.732,-46.458,0.0064097
-28.807,-25.659,-41.139,-28.807,-25.659,-41.138,0.0012364
-36.134,2.802,-15.887,-36.188,2.8401,-15.859,0.071911
-0.035399,17.19,59.073,-0.0040306,17.138,59.068,0.060864
27.462,22.807,-9.7802,27.452,22.793,-9.779,0.017399
-5.4239,21.684,36.476,-5.423,21.712,36.495,0.034202
-17.034,-9.4872,-48.629,-17.034,-9.4868,-48.63,0.0014962
26.79,15.625,19.641,26.792,15.626,19.642,0.0021214
-3.0517,-4.6566,60.992,-3.0505,-4.6555,60.992,0.0016449
3.7545,-7.0516,52.716,3.7469,-7.1081,52.711,0.057285
17.269,18.958,47.533,17.257,18.945,47.528,0.017653
-14.14,-18.409,-6.9494,-14.143,-18.403,-6.957,0.010318
