-6.8586,4.1075,41.6199,-6.8624,4.1069,41.6199,0.0038
20.7829,14.1994,50.3129,20.7718,14.1922,50.3114,0.0133
27.7099,-3.5311,17.2337,27.7072,-3.5281,17.2325,0.0042
0.4067,-10.2023,-29.4014,0.4097,-10.2016,-29.4035,0.0037
-11.4501,6.2745,7.1278,-11.4577,6.2799,7.1283,0.0094
-30.9169,-22.7173,-9.9576,-30.9165,-22.7168,-9.9581,0.0008
13.7384,23.3493,-16.4202,13.7342,23.3546,-16.4213,0.0068
20.4981,3.4989,-26.5181,20.4912,3.4953,-26.5216,0.0086
19.4493,16.2993,49.4827,19.4385,16.2918,49.4816,0.0132
-34.7122,-11.1174,-7.9025,-34.7130,-11.1175,-7.9009,0.0018
6.2103,18.6074,-4.7511,6.2028,18.6091,-4.7555,0.0088
-5.2721,-1.7307,51.5811,-5.2746,-1.7322,51.5812,0.0029
15.4316,-4.6910,53.6163,15.4324,-4.6929,53.6165,0.0021
35.5481,-4.0713,-15.4258,35.5495,-4.0720,-15.4257,0.0016
19.2010,20.4193,-28.5501,19.1976,20.4156,-28.5449,0.0073
38.0185,-0.5494,-12.1274,38.0205,-0.5506,-12.1281,0.0024
-1.3639,-16.6926,-36.1293,-1.3657,-16.6919,-36.1282,0.0022
-36.2835,-3.9248,-42.1316,-36.2827,-3.9251,-42.1306,0.0012
-26.9030,10.9461,-29.2335,-26.9022,10.9433,-29.2329,0.0031
10.4596,-7.8704,19.0412,10.4596,-7.8699,19.0411,0.0005
31.3897,18.5786,-16.4321,31.3857,18.5763,-16.4316,0.0046
17.7674,-17.3009,-11.3087,17.7681,-17.2966,-11.3075,0.0045
21.4816,23.7500,11.7481,21.4774,23.7388,11.7456,0.0122
-11.5898,5.9382,16.2203,-11.5946,5.9389,16.2210,0.0049
19.4393,-6.7008,-23.7383,19.4388,-6.7007,-23.7393,0.0011
35.5782,-3.7497,-17.0875,35.5761,-3.7488,-17.0865,0.0025
8.1872,-15.0716,-17.0081,8.1848,-15.0667,-17.0056,0.0060
0.7327,20.1473,7.0870,0.7283,20.1515,7.0842,0.0067
39.3798,2.4308,4.6031,39.3739,2.4323,4.6029,0.0061
14.1416,21.9703,41.1827,14.1367,21.9593,41.1821,0.0120
9.0956,-11.5016,-20.7884,9.0941,-11.4983,-20.7849,0.0050
38.9995,8.6806,-5.6165,38.9933,8.6782,-5.6153,0.0068
-38.7136,-4.9948,-39.7830,-38.7170,-4.9939,-39.7850,0.0041
27.7161,21.2998,-20.4628,27.7159,21.2996,-20.4626,0.0004
-8.3261,4.9070,-35.6820,-8.3298,4.9034,-35.6800,0.0056
-2.8660,-2.0118,63.4384,-2.8660,-2.0120,63.4291,0.0093
20.8694,12.5612,56.1033,20.8599,12.5580,56.1029,0.0100
-4.9290,17.4386,11.1590,-4.9377,17.4455,11.1505,0.0140
-29.4542,-8.1260,-47.5225,-29.4560,-8.1244,-47.5293,0.0072
17.5350,17.8307,53.0526,17.5232,17.8183,53.0506,0.0172
-26.8728,4.6261,-41.6434,-26.8743,4.6301,-41.6477,0.0060
-10.7741,-10.4733,-47.0795,-10.7756,-10.4729,-47.0747,0.0051
-6.1174,3.1280,62.2845,-6.1289,3.1236,62.2856,0.0123
-40.9528,-11.1344,-15.2298,-40.9527,-11.1344,-15.2299,0.0002
16.0061,-17.2211,-10.4169,16.0038,-17.2318,-10.4200,0.0113
-1.6921,3.1563,-24.4828,-1.6933,3.1549,-24.4799,0.0034
20.9961,-5.9714,19.2982,20.9964,-5.9724,19.2983,0.0010
27.2507,3.3109,26.5614,27.2467,3.3113,26.5602,0.0042
35.7583,-3.4613,-14.5493,35.7537,-3.4594,-14.5496,0.0050
12.7442,-16.1508,-1.8068,12.7448,-16.1487,-1.8075,0.0023
17.2532,11.5095,63.2036,17.2522,11.5095,63.1901,0.0135
13.5089,-9.6504,11.0332,13.5074,-9.6459,11.0312,0.0052
-25.8749,-18.6743,-46.9230,-25.8746,-18.6738,-46.9206,0.0025
25.4079,4.2878,-29.9215,25.4085,4.2867,-29.9254,0.0041
7.4519,-7.0620,29.4615,7.4526,-7.0664,29.4618,0.0044
0.1609,19.1488,6.5990,0.1499,19.1578,6.5923,0.0157
22.2308,-2.5295,33.2540,22.2216,-2.5209,33.2505,0.0130
29.3089,-8.1879,4.2317,29.3092,-8.1898,4.2320,0.0020
-28.8043,-11.3560,-47.6740,-28.8045,-11.3560,-47.6745,0.0005
27.4564,-2.4695,19.6138,27.4504,-2.4651,19.6097,0.0085
-13.4644,-14.3234,-47.5708,-13.4611,-14.3243,-47.5764,0.0065
-36.7147,-21.9048,-37.6009,-36.7138,-21.9041,-37.6003,0.0013
1.7815,23.0075,11.8189,1.7793,23.0107,11.8181,0.0039
-9.2780,-29.3129,-24.9897,-9.2829,-29.3066,-24.9909,0.0080
-8.3793,4.1488,28.4127,-8.3835,4.1478,28.4139,0.0045
22.9378,-13.8606,-4.5085,22.9394,-13.8635,-4.5062,0.0041
-6.6404,9.0565,-3.1393,-6.6413,9.0579,-3.1395,0.0017
34.2399,16.4269,-8.8213,34.2384,16.4255,-8.8215,0.0021
-28.8616,1.1849,-12.7837,-28.8618,1.1856,-12.7821,0.0017
7.9622,23.2282,26.0115,7.9623,23.2244,26.0110,0.0038
-13.9750,-31.0033,-31.4502,-13.9773,-30.9966,-31.4486,0.0073
26.3196,6.7008,30.4431,26.3038,6.6995,30.4389,0.0164
-15.6650,11.5471,-23.9526,-15.6636,11.5536,-23.9514,0.0068
19.3884,-0.6989,56.7647,19.3838,-0.6949,56.7643,0.0062
-27.9927,6.5560,-38.8936,-27.9947,6.5632,-38.8989,0.0092
