  3.4679, 19.5493, 48.5261,  3.4755, 19.5188, 48.5235,  0.0316
 22.3791,  0.4725, 40.3149, 22.4155,  0.4522, 40.3172,  0.0418
 -7.6232,  7.7679,-21.2980, -7.6312,  7.7418,-21.2955,  0.0274
 28.6517,  9.3996, 21.8814, 28.6657,  9.4011, 21.8875,  0.0154
  7.5327, -5.7143, 63.4121,  7.5327, -5.7143, 63.4197,  0.0076
-10.3551,-29.9775,-26.2126,-10.3470,-29.9952,-26.2102,  0.0196
 22.3791, 19.8295, 24.6102, 22.3669, 19.8153, 24.6079,  0.0189
 14.8487,-14.2094,  0.9095, 14.8399,-14.1906,  0.8988,  0.0233
 15.4652, 25.3563, 11.9857, 15.4705, 25.3915, 11.9962,  0.0371
-38.3481, -3.3552,-39.5280,-38.3574, -3.3523,-39.5334,  0.0111
 -4.2803,-25.9122,-24.6984, -4.2720,-25.9250,-24.6971,  0.0153
 -8.2277,-26.8226,-35.0198, -8.1998,-26.8669,-35.0411,  0.0565
 23.9338, 17.7921, 24.8180, 23.9308, 17.7897, 24.8168,  0.0040
-12.9679,-16.1060, -5.0615,-12.9675,-16.1141, -5.0563,  0.0095
-14.1452,-28.3986,-37.9565,-14.1340,-28.4384,-37.9791,  0.0472
  1.1875,-11.7788,-28.2001,  1.2089,-11.7789,-28.2094,  0.0233
 17.9403, 18.0389, 49.0314, 17.9161, 18.0137, 49.0281,  0.0351
 13.3486, -9.7523, 10.9426, 13.3448, -9.7411, 10.9377,  0.0128
 33.6269, 16.6213, -2.6702, 33.6243, 16.6190, -2.6704,  0.0034
-31.3334,-25.5705,-13.5526,-31.3277,-25.5607,-13.5588,  0.0129
 18.8041, 14.9929,-31.2800, 18.8077, 14.9915,-31.2051,  0.0749
 37.0530,  9.3130,  8.2996, 37.0740,  9.3209,  8.3179,  0.0289
  8.2864, 20.6923, 53.5520,  8.2923, 20.6751, 53.5499,  0.0183
 -7.4039,-21.0630,-41.1937, -7.3826,-21.0810,-41.2126,  0.0337
-26.5840,-18.0695, -7.0717,-26.5814,-18.0703, -7.0902,  0.0187
 -0.8198,-14.3993,-35.4788, -0.7879,-14.3955,-35.4997,  0.0383
 10.9001, -9.4873, 13.0214, 10.8989, -9.4833, 13.0199,  0.0044
 14.4082, 26.1098, 10.0494, 14.4153, 26.1510, 10.0626,  0.0438
  8.4397, 22.9652, -4.5181,  8.3661, 23.0178, -4.5481,  0.0953
  7.1948,  0.6411, 63.3285,  7.1941,  0.6403, 63.3747,  0.0461
  4.3909, 23.6033, 23.3697,  4.3905, 23.5901, 23.3679,  0.0133
-39.8610, -0.4500,-17.8000,-39.8736, -0.4374,-17.7897,  0.0205
-21.4412,-11.2393,-49.2144,-21.4421,-11.2385,-49.2165,  0.0024
 11.7221, -7.1076, 22.7536, 11.7226, -7.1124, 22.7541,  0.0049
 -4.2654, 18.4379, 42.3272, -4.2736, 18.4526, 42.3327,  0.0177
  6.2779,-15.0629,-19.0538,  6.2811,-15.0663,-19.0552,  0.0048
 20.9753,  3.8204,-27.8076, 20.9796,  3.8234,-27.8029,  0.0071
-18.5034,-20.7308, -7.3081,-18.5026,-20.7333, -7.3045,  0.0045
  6.3092, -6.9160, 49.0167,  6.3148, -6.9691, 49.0178,  0.0534
 -0.7595, 19.8468,  8.8231, -0.7549, 19.8418,  8.8267,  0.0076
-14.7645,-23.6185,-43.5554,-14.7616,-23.6352,-43.5722,  0.0239
  5.6737, 22.0743, 32.2939,  5.6739, 22.0707, 32.2933,  0.0036
 27.3510, 22.2242,  7.5716, 27.3623, 22.2434,  7.5758,  0.0226
 14.9470, 27.2803,  2.0079, 14.9520, 27.3123,  2.0133,  0.0328
 27.2567,-11.4391, -7.4063, 27.2388,-11.4188, -7.4060,  0.0271
-39.7126,  2.0013,-29.9240,-39.7271,  2.0115,-29.9290,  0.0185
 18.0732,-16.7660,-13.2847, 18.0837,-16.6996,-13.2599,  0.0717
-32.3844,-29.1198,-30.5365,-32.3710,-29.1003,-30.5344,  0.0237
 -7.0729, 11.8089, 42.4410, -7.1421, 11.8079, 42.4644,  0.0731
-26.7678,-11.2417,-48.3143,-26.7645,-11.2408,-48.2910,  0.0236
 -3.7402, -3.8826, 50.9410, -3.7395, -3.8820, 50.9408,  0.0009
  0.7642,-16.4211,-27.9394,  0.8146,-16.4306,-27.9570,  0.0543
 -4.6913,-25.5106,-29.4140, -4.6499,-25.5490,-29.4262,  0.0578
 -2.9386, -4.7237, 56.5705, -2.9351, -4.7202, 56.5704,  0.0050
-33.7263,-14.4668,-45.7004,-33.7287,-14.4710,-45.7087,  0.0095
 -9.3321,-10.4019,-46.5227, -9.3411,-10.4007,-46.5125,  0.0136
 -8.9308,-20.4396, -9.3302, -8.9305,-20.4401, -9.3296,  0.0009
 26.2688, 23.7923, -3.0698, 26.2623, 23.7807, -3.0694,  0.0133
-28.3421,-31.2728,-30.3899,-28.3420,-31.2726,-30.3899,  0.0002
 -2.7383, -4.9583, 59.6892, -2.7295, -4.9499, 59.6895,  0.0122
 33.5722, 15.2146,-16.4092, 33.5197, 15.1883,-16.3868,  0.0629
 35.8901,  6.4687, 10.7500, 35.9130,  6.4767, 10.7718,  0.0327
 11.3885, 23.8304, 21.9009, 11.3899, 23.8542, 21.9047,  0.0241
  3.5784,-12.1838,  6.3577,  3.5791,-12.1765,  6.3576,  0.0073
 36.3768, 11.4163,-12.6030, 36.3158, 11.4070,-12.5952,  0.0622
  7.5876,-16.0850,-14.9595,  7.5871,-16.0840,-14.9592,  0.0012
 11.6483,  8.4562,-14.2044, 11.6424,  8.4322,-14.1675,  0.0444
-13.1541,-27.8885,-38.3684,-13.1431,-27.9280,-38.3907,  0.0467
 36.3895, 13.8801,  0.1669, 36.3826, 13.8753,  0.1674,  0.0085
 -9.3072,-27.5170,-35.0063, -9.2796,-27.5569,-35.0279,  0.0531
  2.2866,-11.2719, 11.3119,  2.2867,-11.2707, 11.3114,  0.0013
-11.5297,  4.1320, 17.0181,-11.5666,  4.1287, 17.0247,  0.0376
-40.0988,-10.6607,-36.8017,-40.1261,-10.6633,-36.8020,  0.0274
  7.1196,  2.1316, 63.2606,  7.1256,  2.1360, 63.3134,  0.0532
-10.5495, 24.3694, 28.4852,-10.5561, 24.3864, 28.4897,  0.0187
 34.5746,  4.5181,-21.9155, 34.5328,  4.5166,-21.8912,  0.0484
 17.5067,  7.1841,-24.7306, 17.5148,  7.1886,-24.7246,  0.0110
-26.1088,-32.1784,-28.8509,-26.1078,-32.1733,-28.8506,  0.0052
  5.5326, 19.5386, 56.4109,  5.5469, 19.4981, 56.4093,  0.0429
 19.2689,-11.3300,-20.3482, 19.2972,-11.3022,-20.3209,  0.0482
 27.4586, 22.7307,-10.6621, 27.4498, 22.7179,-10.6610,  0.0156
 -4.0040,  0.1249,-30.2017, -4.0490,  0.1037,-30.1761,  0.0559
 -0.0998, 17.3244, 57.4341, -0.0842, 17.2983, 57.4303,  0.0307
 -5.0701,  8.8202,-10.7353, -5.0749,  8.8412,-10.7365,  0.0216
 18.7873, -8.5449, 10.0824, 18.7782, -8.5102, 10.0736,  0.0369
 -7.8605,-18.6261, -7.6350, -7.8605,-18.6115, -7.6517,  0.0222
-21.7315, 12.2481,-28.6400,-21.7280, 12.2105,-28.6340,  0.0382
  5.9976,-14.5911,-20.4935,  6.0057,-14.5996,-20.4989,  0.0129
-13.3157, 14.2573, 17.7135,-13.2844, 14.2636, 17.7586,  0.0552
 13.8136, 24.8884, 14.8997, 13.8166, 24.9080, 14.9039,  0.0202
 -2.3401,-14.8813,-38.3708, -2.3147,-14.8834,-38.3858,  0.0296
-19.2319,-32.6368,-28.2870,-19.2288,-32.6625,-28.2883,  0.0258
 23.8982, 11.2788, 37.9144, 23.9066, 11.2818, 37.9161,  0.0091
 34.3842,  0.5661, 12.7005, 34.3929,  0.5653, 12.7070,  0.0109
-24.6153,  2.5472,-44.2825,-24.6071,  2.5229,-44.2507,  0.0408
 23.8469,-11.0607, -0.6818, 23.8309,-11.0082, -0.7065,  0.0601
 37.6087, -1.5896,  6.5963, 37.5765, -1.5661,  6.5896,  0.0404
 20.7211, -8.8547,-23.1143, 20.7413, -8.8192,-23.0773,  0.0552
-28.0385,-31.1821,-31.5791,-28.0369,-31.1785,-31.5784,  0.0039
 22.1158,-13.9071, -3.9044, 22.0919,-13.8605, -3.9404,  0.0635
-29.0521,-21.9459,-44.4128,-29.0593,-21.9573,-44.4289,  0.0210
 30.5524, -8.5783,  0.1941, 30.5272, -8.5410,  0.1885,  0.0454
 29.8696, 21.0697, -1.8241, 29.8593, 21.0562, -1.8233,  0.0170
 24.9870, 19.8834, 16.9459, 24.9858, 19.8825, 16.9455,  0.0015
-19.4128,-18.7911, -6.5246,-19.4131,-18.7907, -6.5279,  0.0033
-20.7321,-24.2144,-44.3746,-20.7354,-24.2239,-44.3848,  0.0143
 29.4695, 20.9370,-17.6669, 29.4338, 20.9026,-17.6581,  0.0505
-11.7788,-28.5096,-17.3129,-11.7800,-28.4780,-17.3321,  0.0370
 -1.1717,-21.7749,-23.4466, -1.1453,-21.8020,-23.4479,  0.0379
 16.9201,-17.6800, -8.4536, 16.9087,-17.6298, -8.4583,  0.0517
-10.4200,  7.9621,-13.3734,-10.4281,  7.9897,-13.3662,  0.0297
 35.1294, 13.7198,  8.6890, 35.1632, 13.7491,  8.7109,  0.0498
-16.9346,-17.9011,-47.1722,-16.9312,-17.9057,-47.1897,  0.0185
-29.2488,-27.3342,-13.8638,-29.2330,-27.3067,-13.8870,  0.0393
 22.6911, 18.0823, 28.1113, 22.6717, 18.0684, 28.1070,  0.0242
 19.1598,  7.1672,-26.8424, 19.1683,  7.1720,-26.8357,  0.0118
 -5.1071, -2.2458, 61.5461, -5.0968, -2.2386, 61.5464,  0.0126
 20.2185,-12.1718,  0.2781, 20.2026,-12.1353,  0.2563,  0.0454
 11.8375,-16.0323, -1.9591, 11.8558,-15.9644, -1.9809,  0.0736
 29.9034, 19.5525,-19.9202, 29.8252, 19.5091,-19.8905,  0.0942
  5.0334, 23.3277, 25.3722,  5.0310, 23.3076, 25.3700,  0.0203
  4.5461, 21.0945,  1.1568,  4.5071, 21.1154,  1.1359,  0.0489
  8.6195, -7.0542, 55.6972,  8.6240, -7.1031, 55.6958,  0.0492
 17.9356,-15.0788,-16.3688, 17.9474,-15.0391,-16.3377,  0.0518
-28.3089,-17.6595, -7.2844,-28.3068,-17.6610, -7.3023,  0.0181
 27.8047,  4.3806, 25.1460, 27.8171,  4.3794, 25.1501,  0.0131
 -3.5564, -9.0236, 20.6922, -3.5618, -9.0388, 20.6942,  0.0162
 31.9618,  8.6514, 15.4937, 31.9725,  8.6524, 15.4989,  0.0119
 -5.1192,  2.9073, 62.9182, -5.1288,  2.9001, 62.9806,  0.0635
-32.4832,  7.3785,-19.2033,-32.5058,  7.4098,-19.1875,  0.0418
 17.9378, -0.2779, 61.9714, 17.9774, -0.3151, 62.0213,  0.0738
 -8.8335, 10.4429,  8.5891, -8.8281, 10.4373,  8.5908,  0.0080
-12.1384,-16.4859, -5.5628,-12.1385,-16.4932, -5.5566,  0.0096
 31.1499, 16.3847, 11.6115, 31.1704, 16.4027, 11.6361,  0.0367
 -1.3538, 21.4346, 37.3837, -1.3568, 21.3988, 37.3761,  0.0368
  8.0337, 24.3063, 18.7614,  8.0319, 24.3309, 18.7654,  0.0250
 14.0912, 17.1050,-30.3942, 14.1127, 17.1242,-30.3406,  0.0609
 13.4325, -5.9652, 45.4393, 13.4536, -6.0148, 45.4399,  0.0539
 34.0237, 16.9119,  3.9483, 34.0241, 16.9124,  3.9483,  0.0006
 -3.2317, -4.8631, 44.6181, -3.2379, -4.8707, 44.6192,  0.0099
  5.0968, -7.2574, 32.2780,  5.1013, -7.2849, 32.2788,  0.0279
 -4.0892, 22.6768, 34.2798, -4.0916, 22.6624, 34.2748,  0.0154
  8.2569, 22.0191, 33.5741,  8.2559, 22.0312, 33.5762,  0.0123
  4.6020,-17.2172,-15.9226,  4.6012,-17.2157,-15.9226,  0.0016
-39.4817,-13.6061,-13.6798,-39.4869,-13.6071,-13.6763,  0.0064
  0.9817, 11.5587, 63.1906,  0.9817, 11.5620, 63.2818,  0.0913
 12.2957, 25.4113, -7.0235, 12.2678, 25.4654, -7.0410,  0.0633
 -0.0516,  8.2060,-16.1877, -0.0537,  8.1912,-16.1838,  0.0155
-35.8792, -8.4681,-44.0029,-35.8723, -8.4709,-43.9948,  0.0110
 30.2050, 20.5099,-16.1363, 30.1776, 20.4842,-16.1314,  0.0379
  0.6543,-10.0283,-28.9597,  0.6688,-10.0249,-28.9697,  0.0179
  8.8285, 20.5643, -8.0815,  8.7618, 20.5896, -8.1136,  0.0782
-40.0199,-11.1813,-37.2315,-40.0322,-11.1826,-37.2344,  0.0127
 19.3989, 17.8071, 42.8239, 19.3918, 17.8012, 42.8221,  0.0094
 25.5414,  4.5035,-30.0347, 25.5318,  4.5210,-29.9726,  0.0653
 25.2387, -6.8129, 11.1126, 25.2356, -6.7406, 11.0907,  0.0756
-32.4039,-25.2003,-39.0695,-32.4085,-25.2064,-39.0742,  0.0090
 16.0609, 22.2634, 30.6734, 16.0569, 22.2397, 30.6749,  0.0241
-37.3076,-25.4040,-28.2596,-37.3003,-25.3965,-28.2583,  0.0105
-40.2030,  1.5142,-23.9040,-40.2377,  1.5335,-23.8970,  0.0404
  6.5183, -3.5200, 63.3864,  6.5181, -3.5196, 63.4025,  0.0161
  1.3680,-10.9624,-27.8164,  1.3826,-10.9625,-27.8227,  0.0159
 -6.2129, 11.0199, 48.1093, -6.2308, 11.0256, 48.1147,  0.0195
-11.6409,-19.8758,-45.0042,-11.6409,-19.8789,-45.0038,  0.0032
-10.9985, -6.0892,  8.8061,-11.0045, -6.0932,  8.8097,  0.0081
-25.0423,  4.4818,-13.9983,-25.0487,  4.5044,-13.9315,  0.0708
 24.6281, 15.5491, 26.5153, 24.6257, 15.5478, 26.5147,  0.0028
 37.9087, 10.4114, -7.2384, 37.9025, 10.4082, -7.2371,  0.0071
 -0.1782, -6.5421, 38.2400, -0.1851, -6.5589, 38.2407,  0.0183
-30.7689,-26.0826,-13.8218,-30.7598,-26.0673,-13.8316,  0.0203
-23.8647,  9.1159,-17.8313,-23.8585,  9.1474,-17.7886,  0.0534
-25.0443, -1.2389,-46.9792,-25.0343, -1.2517,-46.9493,  0.0340
 39.8733,  2.6309, -1.1054, 39.8124,  2.6700, -1.1131,  0.0728
-22.0366,-10.6556,-48.9572,-22.0440,-10.6446,-48.9338,  0.0269
  3.0149,-16.5092,-22.2411,  3.0439,-16.5260,-22.2528,  0.0355
 -2.6687, 20.3130, 39.8155, -2.6696, 20.3201, 39.8185,  0.0078
 23.7394,  1.5931, 37.4078, 23.7679,  1.5810, 37.4140,  0.0316
 -6.5916, 11.3689, 44.4575, -6.6154, 11.3724, 44.4605,  0.0243
 -0.6991,-18.4190,-33.8553, -0.6417,-18.4279,-33.8857,  0.0655
 25.5360, 13.7749,-28.8749, 25.5265, 13.7590,-28.8498,  0.0312
 18.8931,-17.3370, -8.9824, 18.8807,-17.2789, -8.9925,  0.0602
 15.5004,-17.3557, -5.9186, 15.4975,-17.2971, -5.9293,  0.0597
-37.0195,-25.7155,-28.1432,-37.0081,-25.7039,-28.1413,  0.0163
 -0.1596,-19.9593,-26.3713, -0.1159,-19.9824,-26.3767,  0.0497
 29.9616, -9.2224, -1.3583, 29.9321, -9.1789, -1.3647,  0.0529
 -4.5693, -5.1734,-40.5506, -4.5897, -5.1827,-40.5339,  0.0279
 23.7705, 24.6328, -8.3795, 23.7720, 24.6362, -8.3796,  0.0037
 23.1209, 12.1981, 41.5954, 23.1212, 12.1982, 41.5954,  0.0003
 36.9302, 12.9415,  6.6177, 36.9622, 12.9700,  6.6324,  0.0453
 31.1215, 19.6602,  5.2698, 31.1258, 19.6650,  5.2707,  0.0065
-34.3001, -1.0507,-42.5194,-34.2816, -1.0721,-42.4859,  0.0439
 30.0665, 13.8207, 15.3687, 30.0685, 13.8220, 15.3693,  0.0024
-17.7049,-32.3491,-29.2575,-17.6966,-32.3895,-29.2635,  0.0416
  7.8308, 18.4062, -7.4401,  7.7840, 18.4134, -7.4659,  0.0540
 -6.2778,-25.4215,-33.8847, -6.2470,-25.4545,-33.8985,  0.0472
 22.0535, -0.7611,-26.0614, 22.0694, -0.7507,-26.0435,  0.0261
  0.7416, -9.0004, 23.4878,  0.7412, -9.0272, 23.4934,  0.0273
 22.2301, 11.4076, 48.5534, 22.2405, 11.4113, 48.5549,  0.0111
  3.9049, 19.7764, 47.3250,  3.9113, 19.7473, 47.3211,  0.0300
 -0.0778, 17.1637, 58.8986, -0.0537, 17.1237, 58.8950,  0.0468
