27,125,0
193.34,204.77,190.15
0,0,0
98.066,99.944,100.55
100.35,98.469,225.52
102.64,96.995,350.49
95.776,224.91,102.07
98.062,223.44,227.04
100.35,221.96,352.01
93.485,349.88,103.59
95.772,348.41,228.55
98.059,346.93,353.52
223.02,102.26,98.29
225.31,100.79,223.26
227.6,99.312,348.23
220.73,227.23,99.807
223.02,225.76,224.78
225.31,224.28,349.74
218.44,352.2,101.32
220.73,350.72,226.29
223.02,349.25,351.26
347.98,104.58,96.029
350.27,103.1,221
352.55,101.63,345.97
345.69,229.55,97.546
347.98,228.07,222.51
350.26,226.6,347.48
343.4,354.52,99.063
345.69,353.04,224.03
347.97,351.57,349
101.27,100.35,225.39
102.1,101.52,350.39
102.94,102.7,475.38
103.09,225.33,224.2
103.93,226.51,349.19
104.77,227.68,474.19
104.92,350.31,223.01
105.76,351.49,348
106.59,352.67,472.99
226.25,98.507,224.58
227.09,99.685,349.57
227.92,100.86,474.56
228.08,223.49,223.39
228.91,224.67,348.38
229.75,225.85,473.37
229.91,348.47,222.2
230.74,349.65,347.19
231.58,350.83,472.18
351.24,96.668,223.76
352.07,97.847,348.76
352.91,99.025,473.75
353.06,221.65,222.57
353.9,222.83,347.57
354.73,224.01,472.56
354.89,346.63,221.38
355.73,347.81,346.37
356.56,348.99,471.37
99.984,98.177,349.37
99.858,99.045,474.37
99.733,99.913,599.36
97.331,223.15,348.5
97.206,224.02,473.5
97.08,224.88,598.49
94.679,348.12,347.63
94.553,348.99,472.63
94.427,349.86,597.62
224.96,100.83,349.48
224.83,101.7,474.47
224.71,102.57,599.47
222.31,225.8,348.61
222.18,226.67,473.6
222.05,227.54,598.6
219.65,350.77,347.74
219.53,351.64,472.73
219.4,352.51,597.73
349.93,103.48,349.59
349.81,104.35,474.58
349.68,105.22,599.57
347.28,228.45,348.72
347.15,229.32,473.71
347.03,230.19,598.71
344.63,353.43,347.85
344.5,354.29,472.84
344.38,355.16,597.84
98.391,98.389,475.99
99.622,95.797,600.96
100.85,93.206,725.93
98.005,223.36,478.59
99.236,220.77,603.56
100.47,218.18,728.52
97.62,348.33,481.18
98.851,345.74,606.15
100.08,343.15,731.12
223.39,98.799,474.76
224.62,96.207,599.73
225.85,93.616,724.7
223,223.77,477.36
224.23,221.18,602.33
225.46,218.59,727.3
222.61,348.74,479.96
223.85,346.15,604.93
225.08,343.56,729.9
348.38,99.209,473.54
349.61,96.617,598.51
350.84,94.026,723.47
348,224.18,476.13
349.23,221.59,601.1
350.46,219,726.07
347.61,349.15,478.73
348.84,346.56,603.7
350.07,343.97,728.67
101.1,98.127,598.67
103.48,95.218,723.61
105.86,92.309,848.56
99.5,223.08,601.6
101.88,220.17,726.55
104.26,217.27,851.5
97.897,348.04,604.54
100.27,345.13,729.49
102.65,342.22,854.43
226.07,99.788,596.33
228.45,96.879,721.27
230.83,93.97,846.22
224.47,224.74,599.26
226.84,221.83,724.21
229.22,218.93,849.16
222.86,349.7,602.2
225.24,346.79,727.15
227.62,343.88,852.09
351.04,101.45,593.99
353.42,98.539,718.93
355.79,95.63,843.88
349.43,226.4,596.92
351.81,223.5,721.87
354.19,220.59,846.82
347.83,351.36,599.86
350.21,348.45,724.81
352.59,345.54,849.75
99.056,226.58,99.168
97.768,228.3,224.15
96.48,230.01,349.12
97.847,351.57,97.441
96.559,353.28,222.42
95.271,355,347.4
96.639,476.55,95.715
95.351,478.27,220.69
94.063,479.98,345.67
224.04,227.81,100.44
222.76,229.52,225.42
221.47,231.24,350.4
222.84,352.8,98.712
221.55,354.51,223.69
220.26,356.22,348.67
221.63,477.78,96.986
220.34,479.5,221.96
219.05,481.21,346.94
349.03,229.04,101.71
347.74,230.75,226.69
346.45,232.47,351.67
347.82,354.03,99.983
346.53,355.74,224.96
345.25,357.45,349.94
346.61,479.01,98.256
345.33,480.72,223.23
344.04,482.44,348.21
98.23,224.7,225.85
96.181,226.14,350.83
94.131,227.58,475.8
99.246,349.68,224.42
97.196,351.12,349.4
95.146,352.57,474.38
100.26,474.67,223
98.211,476.11,347.97
96.162,477.55,472.95
223.21,223.71,227.92
221.16,225.15,352.89
219.11,226.59,477.87
224.22,348.69,226.49
222.17,350.13,351.47
220.12,351.58,476.44
225.24,473.68,225.06
223.19,475.12,350.04
221.14,476.56,475.01
348.18,222.71,229.98
346.13,224.16,354.96
344.08,225.6,479.93
349.2,347.7,228.55
347.15,349.14,353.53
345.1,350.58,478.51
350.21,472.69,227.13
348.16,474.13,352.1
346.11,475.57,477.08
101.31,223.36,348.84
98.827,220.96,473.79
96.344,218.57,598.74
102.46,348.33,351.26
99.977,345.94,476.21
97.493,343.54,601.16
103.61,473.3,353.67
101.13,470.91,478.62
98.643,468.51,603.57
226.28,222.16,351.31
223.79,219.77,476.26
221.31,217.37,601.21
227.43,347.13,353.72
224.94,344.74,478.67
222.46,342.34,603.62
228.58,472.11,356.14
226.09,469.71,481.09
223.61,467.31,606.04
351.24,220.96,353.77
348.76,218.57,478.72
346.28,216.17,603.67
352.39,345.94,356.19
349.91,343.54,481.14
347.43,341.14,606.08
353.54,470.91,358.6
351.06,468.51,483.55
348.58,466.11,608.5
98.489,224.42,475.05
99.475,226.26,600.03
100.46,228.1,725.02
96.15,349.39,473.23
97.137,351.23,598.21
98.123,353.06,723.19
93.812,474.35,471.4
94.798,476.19,596.38
95.784,478.03,721.36
223.46,226.75,474.03
224.45,228.59,599.01
225.43,230.42,723.99
221.12,351.71,472.2
222.11,353.55,597.19
223.1,355.39,722.17
218.78,476.68,470.38
219.77,478.52,595.36
220.76,480.36,720.34
348.43,229.07,473.01
349.42,230.91,597.99
350.41,232.75,722.97
346.1,354.04,471.18
347.08,355.88,596.16
348.07,357.71,721.14
343.76,479,469.35
344.74,480.84,594.34
345.73,482.68,719.32
101.2,225.74,601.1
101.08,223.41,726.07
100.95,221.07,851.05
103.61,350.69,603.43
103.49,348.36,728.41
103.37,346.03,853.39
106.02,475.65,605.77
105.9,473.31,730.75
105.78,470.98,855.73
226.17,223.32,601.18
226.05,220.99,726.15
225.93,218.66,851.13
228.59,348.28,603.51
228.46,345.94,728.49
228.34,343.61,853.47
231,473.23,605.85
230.88,470.9,730.83
230.75,468.56,855.81
351.15,220.91,601.26
351.03,218.58,726.23
350.91,216.24,851.21
353.56,345.86,603.6
353.44,343.53,728.57
353.32,341.2,853.55
355.97,470.82,605.93
355.85,468.48,730.91
355.73,466.15,855.89
101.19,350.98,98.103
99.366,352.82,223.08
97.544,354.65,348.05
99.737,475.96,96.242
97.914,477.8,221.21
96.092,479.63,346.19
98.285,600.94,94.381
96.462,602.78,219.35
94.64,604.61,344.33
226.17,352.45,99.907
224.35,354.29,224.88
222.52,356.13,349.85
224.72,477.44,98.046
222.89,479.27,223.02
221.07,481.11,347.99
223.26,602.42,96.185
221.44,604.25,221.16
219.62,606.09,346.13
351.15,353.93,101.71
349.32,355.77,226.68
347.5,357.6,351.66
349.69,478.91,99.851
347.87,480.75,224.82
346.05,482.58,349.8
348.24,603.89,97.99
346.42,605.73,222.96
344.6,607.56,347.94
98.116,351.65,223.05
97.701,349.73,348.03
97.286,347.81,473.02
95.876,476.61,224.96
95.461,474.69,349.94
95.045,472.78,474.93
93.636,601.58,226.87
93.22,599.66,351.85
92.805,597.74,476.84
223.09,353.88,223.5
222.68,351.96,348.48
222.26,350.05,473.47
220.85,478.84,225.41
220.44,476.93,350.39
220.02,475.01,475.38
218.61,603.81,227.32
218.2,601.89,352.3
217.78,599.97,477.28
348.07,356.11,223.95
347.66,354.19,348.93
347.24,352.28,473.91
345.83,481.08,225.85
345.42,479.16,350.84
345,477.24,475.82
343.59,606.04,227.76
343.18,604.12,352.75
342.76,602.21,477.73
99.734,350.94,350.31
98.585,351.14,475.31
97.436,351.34,600.3
101.84,475.92,350.13
100.69,476.12,475.13
99.543,476.32,600.12
103.95,600.9,349.95
102.8,601.1,474.95
101.65,601.3,599.94
224.71,348.83,351.47
223.56,349.03,476.46
222.41,349.23,601.45
226.82,473.81,351.29
225.67,474.02,476.28
224.52,474.22,601.27
228.92,598.8,351.1
227.77,599,476.1
226.62,599.2,601.09
349.69,346.73,352.62
348.54,346.93,477.61
347.39,347.13,602.61
351.79,471.71,352.44
350.64,471.91,477.43
349.49,472.11,602.42
353.9,596.69,352.26
352.75,596.89,477.25
351.6,597.09,602.24
98.425,349.43,476.99
94.951,352.75,601.9
91.477,356.07,726.8
97.442,474.38,473.65
93.968,477.7,598.55
90.494,481.02,723.46
96.459,599.33,470.31
92.985,602.65,595.21
89.511,605.97,720.11
223.37,350.5,480.44
219.9,353.82,605.35
216.42,357.14,730.25
222.39,475.45,477.1
218.92,478.77,602
215.44,482.09,726.91
221.41,600.4,473.75
217.93,603.72,598.66
214.46,607.04,723.56
348.32,351.57,483.89
344.85,354.89,608.79
341.37,358.21,733.7
347.34,476.52,480.54
343.86,479.84,605.45
340.39,483.16,730.35
346.35,601.47,477.2
342.88,604.79,602.1
339.41,608.11,727.01
99.108,349.23,601.72
99.762,349.12,726.72
100.42,349.02,851.72
95.878,474.18,601.85
96.532,474.08,726.84
97.186,473.97,851.84
92.648,599.14,601.97
93.302,599.04,726.97
93.956,598.93,851.97
224.06,352.46,601.07
224.72,352.36,726.07
225.37,352.25,851.07
220.83,477.42,601.2
221.49,477.31,726.19
222.14,477.21,851.19
217.6,602.38,601.32
218.26,602.27,726.32
218.91,602.17,851.32
349.02,355.7,600.42
349.67,355.59,725.42
350.33,355.49,850.42
345.79,480.66,600.55
346.44,480.55,725.55
347.1,480.44,850.54
342.56,605.61,600.67
343.21,605.51,725.67
343.87,605.4,850.67
100.76,476.06,101.87
97.323,478.13,226.8
93.892,480.19,351.74
102.61,601.03,99.849
99.173,603.1,224.79
95.741,605.17,349.72
104.46,726,97.832
101.02,728.07,222.77
97.591,730.14,347.71
225.69,474.26,105.33
222.26,476.33,230.26
218.83,478.4,355.2
227.54,599.24,103.31
224.11,601.3,228.25
220.68,603.37,353.18
229.39,724.21,101.29
225.96,726.27,226.23
222.53,728.34,351.17
350.63,472.47,108.79
347.2,474.54,233.73
343.77,476.6,358.66
352.48,597.44,106.77
349.05,599.51,231.71
345.62,601.57,356.65
354.33,722.41,104.76
350.9,724.48,229.69
347.47,726.55,354.63
98.674,475.96,225.52
95.808,472.68,350.45
92.941,469.4,475.37
99.287,600.91,228.81
96.421,597.63,353.74
93.554,594.35,478.66
99.9,725.86,232.1
97.034,722.58,357.03
94.167,719.3,481.95
223.64,475.27,228.37
220.77,471.99,353.29
217.91,468.71,478.21
224.25,600.22,231.66
221.39,596.94,356.58
218.52,593.66,481.5
224.86,725.18,234.95
222,721.89,359.87
219.13,718.61,484.8
348.6,474.58,231.21
345.74,471.3,356.13
342.87,468.02,481.06
349.22,599.53,234.5
346.35,596.25,359.42
343.48,592.97,484.35
349.83,724.49,237.79
346.96,721.21,362.72
344.1,717.93,487.64
101.26,476.52,351
104.4,473.45,475.92
107.53,470.37,600.84
99.598,601.47,354.12
102.73,598.4,479.04
105.87,595.32,603.96
97.931,726.42,357.24
101.06,723.35,482.16
104.2,720.27,607.08
226.22,478.27,347.91
229.35,475.19,472.83
232.48,472.11,597.75
224.55,603.22,351.03
227.68,600.14,475.95
230.82,597.06,600.87
222.88,728.17,354.15
226.02,725.09,479.07
229.15,722.01,603.99
351.17,480.01,344.82
354.3,476.94,469.74
357.44,473.86,594.66
349.5,604.96,347.94
352.63,601.89,472.86
355.77,598.81,597.78
347.83,729.91,351.06
350.97,726.84,475.98
354.1,723.76,600.9
99.439,475.28,473.09
98.897,472.62,598.06
98.356,469.96,723.03
99.976,600.25,475.75
99.434,597.59,600.72
98.892,594.93,725.69
100.51,725.23,478.41
99.971,722.56,603.38
99.429,719.9,728.35
224.44,474.73,473.62
223.9,472.07,598.59
223.35,469.41,723.56
224.97,599.71,476.28
224.43,597.04,601.25
223.89,594.38,726.22
225.51,724.68,478.94
224.97,722.02,603.91
224.43,719.35,728.88
349.44,474.19,474.15
348.89,471.53,599.12
348.35,468.86,724.09
349.97,599.16,476.81
349.43,596.5,601.78
348.89,593.84,726.75
350.51,724.13,479.47
349.97,721.47,604.44
349.43,718.81,729.41
98.998,475.19,600.73
100.27,473.77,725.71
101.55,472.34,850.7
100.02,600.18,602.14
101.29,598.75,727.13
102.57,597.32,852.12
101.04,725.17,603.56
102.31,723.74,728.55
103.59,722.31,853.54
223.98,474.19,599.44
225.26,472.76,724.43
226.54,471.33,849.41
225,599.17,600.86
226.28,597.74,725.84
227.56,596.32,850.83
226.02,724.16,602.28
227.3,722.73,727.26
228.58,721.3,852.25
348.97,473.18,598.15
350.25,471.75,723.14
351.53,470.32,848.12
349.99,598.16,599.57
351.27,596.74,724.56
352.54,595.31,849.54
351.01,723.15,600.99
352.29,721.72,725.97
353.56,720.3,850.96
98.985,598.47,99.466
99.964,600.21,224.45
100.94,601.95,349.43
96.277,723.43,97.747
97.256,725.17,222.73
98.235,726.91,347.71
93.569,848.38,96.029
94.548,850.12,221.01
95.526,851.86,345.99
223.95,601.16,98.45
224.93,602.9,223.43
225.91,604.64,348.42
221.24,726.12,96.731
222.22,727.86,221.71
223.2,729.6,346.7
218.53,851.07,95.012
219.51,852.81,220
220.49,854.55,344.98
348.91,603.85,97.434
349.89,605.59,222.42
350.87,607.33,347.4
346.2,728.81,95.715
347.18,730.55,220.7
348.16,732.29,345.68
343.5,853.76,93.996
344.47,855.5,218.98
345.45,857.24,343.96
101.66,600.34,223.41
99.847,603.18,348.37
98.037,606.02,473.33
104.74,725.27,220.62
102.93,728.11,345.58
101.12,730.95,470.54
107.82,850.21,217.83
106.01,853.04,342.79
104.2,855.88,467.75
226.61,597.3,225.29
224.8,600.14,350.25
222.99,602.98,475.21
229.69,722.23,222.5
227.88,725.07,347.46
226.07,727.91,472.42
232.77,847.16,219.71
230.96,850,344.67
229.15,852.84,469.63
351.55,594.26,227.17
349.74,597.1,352.13
347.93,599.94,477.09
354.64,719.19,224.38
352.83,722.03,349.34
351.02,724.87,474.3
357.72,844.12,221.59
355.91,846.96,346.55
354.1,849.8,471.51
100.8,601.98,351.38
101.42,601.22,476.38
102.04,600.46,601.38
100.42,726.98,352.15
101.04,726.22,477.15
101.66,725.45,602.15
100.04,851.98,352.91
100.66,851.22,477.91
101.28,850.45,602.91
225.8,602.36,350.77
226.42,601.6,475.77
227.04,600.84,600.77
225.42,727.36,351.53
226.04,726.6,476.53
226.66,725.84,601.53
225.04,852.36,352.29
225.66,851.6,477.29
226.28,850.83,602.29
350.8,602.74,350.15
351.42,601.98,475.15
352.04,601.22,600.15
350.42,727.74,350.91
351.04,726.98,475.91
351.66,726.22,600.91
350.04,852.74,351.68
350.66,851.98,476.68
351.28,851.22,601.67
98.439,599.6,473.95
94.898,596.03,598.85
91.357,592.46,723.75
99.485,724.54,477.55
95.944,720.98,602.45
92.403,717.41,727.34
100.53,849.49,481.15
96.99,845.92,606.05
93.448,842.35,730.94
223.39,598.45,477.46
219.84,594.89,602.35
216.3,591.32,727.25
224.43,723.4,481.06
220.89,719.83,605.95
217.35,716.26,730.85
225.48,848.34,484.66
221.94,844.77,609.55
218.39,841.21,734.45
348.33,597.31,480.96
344.79,593.74,605.86
341.25,590.17,730.76
349.38,722.25,484.56
345.84,718.68,609.46
342.29,715.12,734.36
350.42,847.2,488.16
346.88,843.63,613.06
343.34,840.06,737.95
100.43,601.06,598.85
97.176,601.13,723.81
93.919,601.2,848.77
102.29,726.05,598.84
99.033,726.12,723.79
95.777,726.18,848.75
104.15,851.03,598.82
100.89,851.1,723.78
97.634,851.17,848.74
225.38,599.21,602.11
222.12,599.28,727.07
218.86,599.35,852.02
227.23,724.19,602.09
223.98,724.26,727.05
220.72,724.33,852.01
229.09,849.18,602.08
225.83,849.25,727.03
222.58,849.31,851.99
350.32,597.36,605.36
347.06,597.42,730.32
343.81,597.49,855.28
352.18,722.34,605.35
348.92,722.41,730.31
345.66,722.48,855.26
354.04,847.32,605.33
350.78,847.39,730.29
347.52,847.46,855.25
223.08,100.04,99.274
219.87,103.37,224.19
216.67,106.71,349.11
224.14,224.99,95.967
220.93,228.33,220.88
217.73,231.66,345.8
225.2,349.94,92.66
221.99,353.28,217.58
218.78,356.61,342.49
348.03,99.072,102.51
344.83,102.4,227.43
341.62,105.74,352.34
349.09,224.02,99.202
345.89,227.36,224.12
342.68,230.69,349.04
350.15,348.97,95.895
346.95,352.31,220.81
343.74,355.64,345.73
472.99,98.101,105.75
469.78,101.43,230.66
466.58,104.77,355.58
474.05,223.05,102.44
470.84,226.38,227.36
467.63,229.72,352.27
475.11,348,99.131
471.9,351.34,224.05
468.69,354.67,348.97
224.99,99.068,225.98
228.19,98.103,350.94
231.4,97.138,475.89
221.3,224.01,227.04
224.51,223.04,352
227.71,222.08,476.95
217.62,348.95,228.1
220.83,347.99,353.06
224.03,347.02,478.01
349.89,102.78,222.81
353.09,101.81,347.76
356.3,100.85,472.72
346.21,227.72,223.87
349.41,226.75,348.82
352.62,225.79,473.78
342.53,352.66,224.93
345.73,351.69,349.88
348.94,350.73,474.84
474.79,106.49,219.63
478,105.52,344.58
481.2,104.56,469.54
471.11,231.43,220.69
474.32,230.46,345.65
477.52,229.5,470.6
467.43,356.37,221.75
470.64,355.4,346.71
473.84,354.44,471.66
225.21,99.163,351.09
225.61,99.864,476.09
226,100.57,601.08
227.65,224.14,350.38
228.04,224.84,475.38
228.43,225.54,600.37
230.08,349.11,349.67
230.47,349.82,474.66
230.87,350.52,599.66
350.19,96.728,350.72
350.58,97.429,475.71
350.97,98.131,600.7
352.62,221.7,350.01
353.01,222.41,475
353.41,223.11,599.99
355.06,346.68,349.3
355.45,347.38,474.29
355.84,348.08,599.28
475.16,94.293,350.34
475.56,94.995,475.33
475.95,95.696,600.33
477.6,219.27,349.63
477.99,219.97,474.62
478.38,220.67,599.62
480.03,344.25,348.92
480.42,344.95,473.91
480.82,345.65,598.9
224.54,99.112,475.82
226.02,102.77,600.76
227.5,106.43,725.7
221.49,224.02,472.21
222.98,227.68,597.14
224.46,231.34,722.08
218.45,348.93,468.59
219.93,352.59,593.52
221.41,356.25,718.46
349.49,102.11,474.25
350.98,105.77,599.19
352.46,109.43,724.12
346.45,227.02,470.63
347.93,230.68,595.57
349.42,234.34,720.5
343.4,351.93,467.01
344.89,355.59,591.95
346.37,359.25,716.89
474.45,105.11,472.68
475.94,108.77,597.61
477.42,112.43,722.55
471.41,230.02,469.06
472.89,233.68,594
474.37,237.34,718.93
468.36,354.93,465.44
469.85,358.59,590.38
471.33,362.25,715.31
225.72,101.86,598.87
222.28,99.008,723.79
218.84,96.157,848.71
227.33,226.82,601.77
223.9,223.96,726.69
220.46,221.11,851.61
228.95,351.77,604.67
225.51,348.92,729.59
222.07,346.07,854.51
350.66,100.17,602.27
347.22,97.317,727.19
343.79,94.466,852.11
352.27,225.12,605.17
348.84,222.27,730.09
345.4,219.42,855.01
353.89,350.08,608.07
350.45,347.23,732.99
347.01,344.38,857.91
475.6,98.477,605.67
472.17,95.626,730.59
468.73,92.775,855.51
477.22,223.43,608.57
473.78,220.58,733.49
470.34,217.73,858.41
478.83,348.39,611.47
475.39,345.54,736.39
471.96,342.69,861.31
224.26,223.98,98.678
224.12,220.74,223.63
223.99,217.51,348.59
221.16,348.9,101.91
221.03,345.66,226.87
220.89,342.43,351.82
218.06,473.82,105.14
217.93,470.58,230.1
217.79,467.35,355.06
349.22,227.07,98.892
349.09,223.84,223.85
348.95,220.6,348.81
346.13,351.99,102.12
345.99,348.76,227.08
345.85,345.52,352.04
343.03,476.91,105.36
342.89,473.68,230.31
342.76,470.44,355.27
474.19,230.17,99.106
474.05,226.93,224.06
473.92,223.7,349.02
471.09,355.09,102.34
470.96,351.85,227.3
470.82,348.62,352.25
467.99,480.01,105.57
467.86,476.77,230.53
467.72,473.54,355.48
226.2,223.81,224.33
225.34,220.17,349.27
224.48,216.53,474.22
222.71,348.71,227.95
221.85,345.07,352.89
220.99,341.44,477.84
219.22,473.61,231.56
218.36,469.98,356.51
217.5,466.34,481.45
351.15,227.27,225.29
350.29,223.64,350.23
349.43,220,475.18
347.66,352.18,228.91
346.8,348.54,353.85
345.94,344.9,478.8
344.17,477.08,232.52
343.31,473.44,357.47
342.45,469.8,482.41
476.1,230.74,226.25
475.24,227.1,351.19
474.38,223.46,476.14
472.61,355.64,229.86
471.75,352,354.81
470.89,348.37,479.76
469.12,480.54,233.48
468.26,476.91,358.43
467.4,473.27,483.37
224.34,225.9,351.77
223.01,223.29,476.74
221.67,220.69,601.7
227.21,350.84,354.41
225.88,348.23,479.38
224.54,345.62,604.34
230.09,475.77,357.05
228.75,473.17,482.02
227.41,470.56,606.98
349.3,223,353.05
347.97,220.4,478.01
346.63,217.79,602.98
352.17,347.94,355.69
350.84,345.33,480.65
349.5,342.73,605.62
355.04,472.88,358.33
353.71,470.27,483.3
352.37,467.66,608.26
474.26,220.11,354.32
472.92,217.5,479.29
471.59,214.9,604.25
477.13,345.04,356.97
475.79,342.44,481.93
474.46,339.83,606.9
480,469.98,359.61
478.66,467.37,484.57
477.33,464.77,609.54
224.59,224.83,475.83
227.87,222.15,600.76
231.16,219.46,725.68
223.04,349.8,478.56
226.33,347.11,603.49
229.62,344.43,728.41
221.49,474.76,481.29
224.78,472.07,606.21
228.07,469.39,731.14
349.53,226.45,472.57
352.82,223.77,597.5
356.11,221.08,722.43
347.99,351.41,475.3
351.27,348.73,600.23
354.56,346.04,725.16
346.44,476.37,478.03
349.73,473.69,602.96
353.02,471,727.88
474.48,228.07,469.32
477.77,225.38,594.24
481.06,222.7,719.17
472.93,353.03,472.04
476.22,350.34,596.97
479.51,347.66,721.9
471.39,477.99,474.77
474.68,475.3,599.7
477.96,472.62,724.63
224.83,223.99,599.98
223.92,225.85,724.96
223,227.71,849.94
228.13,348.94,598.14
227.22,350.8,723.12
226.31,352.66,848.1
231.44,473.88,596.3
230.53,475.74,721.28
229.61,477.6,846.26
349.78,220.7,600.94
348.87,222.56,725.92
347.96,224.42,850.9
353.09,345.64,599.1
352.17,347.5,724.08
351.26,349.36,849.06
356.39,470.58,597.26
355.48,472.44,722.24
354.57,474.3,847.22
474.73,217.4,601.9
473.82,219.26,726.88
472.91,221.12,851.86
478.04,342.35,600.06
477.13,344.21,725.04
476.21,346.07,850.02
481.34,467.29,598.23
480.43,469.15,723.2
479.52,471.01,848.18
224.53,348.11,99.316
225.97,351.01,224.28
227.42,353.9,349.24
222.22,473.06,96.45
223.67,475.96,221.41
225.11,478.85,346.37
219.92,598.01,93.583
221.36,600.91,218.55
222.8,603.8,343.51
349.5,350.39,97.821
350.95,353.28,222.78
352.39,356.17,347.74
347.2,475.34,94.954
348.64,478.23,219.92
350.08,481.12,344.88
344.89,600.28,92.088
346.33,603.18,217.05
347.77,606.07,342.01
474.48,352.66,96.325
475.92,355.55,221.29
477.36,358.45,346.25
472.17,477.61,93.459
473.61,480.5,218.42
475.05,483.4,343.38
469.86,602.56,90.592
471.3,605.45,215.55
472.74,608.35,340.52
223.08,349.04,226.01
219.7,347.59,350.96
216.32,346.15,475.91
221.78,474.02,227.43
218.4,472.58,352.37
215.02,471.13,477.32
220.48,599,228.84
217.1,597.56,353.79
213.72,596.12,478.73
348.03,350.29,229.41
344.65,348.85,354.36
341.27,347.41,479.31
346.73,475.27,230.82
343.35,473.83,355.77
339.97,472.39,480.72
345.43,600.25,232.23
342.05,598.81,357.18
338.67,597.37,482.13
472.97,351.55,232.81
469.6,350.11,357.75
466.22,348.67,482.7
471.67,476.53,234.22
468.3,475.09,359.17
464.92,473.65,484.11
470.37,601.51,235.63
467,600.07,360.58
463.62,598.63,485.53
226.92,350.66,350.49
224.34,348.41,475.44
221.77,346.16,600.39
223.51,475.59,352.67
220.94,473.35,477.62
218.36,471.1,602.57
220.11,600.53,354.85
217.53,598.28,479.8
214.95,596.03,604.75
351.85,354.02,353.13
349.27,351.77,478.08
346.69,349.52,603.03
348.44,478.95,355.31
345.86,476.7,480.26
343.29,474.45,605.21
345.04,603.89,357.49
342.46,601.64,482.44
339.88,599.39,607.39
476.78,357.37,355.77
474.2,355.12,480.72
471.62,352.87,605.67
473.37,482.31,357.95
470.79,480.06,482.9
468.22,477.81,607.85
469.96,607.24,360.13
467.39,604.99,485.08
464.81,602.75,610.03
223.22,348.82,476.31
219.61,352.14,601.22
215.99,355.46,726.13
221.07,473.76,472.93
217.46,477.08,597.84
213.85,480.4,722.74
218.93,598.69,469.54
215.32,602.01,594.45
211.7,605.33,719.36
348.15,351.06,479.87
344.53,354.38,604.77
340.92,357.7,729.68
346,476,476.48
342.39,479.32,601.39
338.78,482.64,726.3
343.86,600.93,473.1
340.25,604.25,598
336.63,607.57,722.91
473.08,353.3,483.42
469.46,356.62,608.33
465.85,359.94,733.23
470.93,478.24,480.03
467.32,481.56,604.94
463.71,484.88,729.85
468.79,603.17,476.65
465.17,606.49,601.56
461.56,609.81,726.46
224.22,351.42,598.22
226.5,350.21,723.19
228.77,349,848.16
222.41,476.4,599.46
224.69,475.19,724.44
226.96,473.98,849.41
220.6,601.38,600.71
222.88,600.17,725.68
225.15,598.96,850.65
349.19,353.25,595.96
351.46,352.04,720.93
353.74,350.83,845.91
347.38,478.23,597.21
349.65,477.02,722.18
351.93,475.81,847.15
345.57,603.21,598.46
347.84,602,723.43
350.12,600.79,848.4
474.15,355.09,593.71
476.43,353.87,718.68
478.7,352.66,843.65
472.34,480.06,594.96
474.62,478.85,719.93
476.89,477.64,844.9
470.53,605.04,596.2
472.81,603.83,721.18
475.08,602.62,846.15
226.78,473.11,101.19
223.16,469.91,226.1
219.54,466.71,351
228.78,598.06,104.45
225.16,594.86,229.35
221.54,591.66,354.26
230.78,723,107.7
227.16,719.8,232.61
223.54,716.6,357.51
351.71,471.02,104.76
348.09,467.82,229.66
344.47,464.62,354.57
353.71,595.96,108.01
350.09,592.76,232.92
346.47,589.56,357.82
355.71,720.91,111.27
352.09,717.71,236.17
348.47,714.51,361.08
476.64,468.93,108.32
473.02,465.73,233.23
469.4,462.53,358.13
478.64,593.87,111.58
475.02,590.67,236.48
471.4,587.47,361.39
480.64,718.82,114.83
477.02,715.62,239.74
473.4,712.41,364.64
223.84,475.89,223.99
227.33,478.83,348.91
230.81,481.77,473.83
223.27,600.86,221.07
226.75,603.79,345.99
230.24,606.73,470.9
222.69,725.82,218.14
226.18,728.75,343.06
229.66,731.69,467.98
348.79,476.39,220.5
352.28,479.33,345.41
355.76,482.26,470.33
348.22,601.35,217.57
351.7,604.29,342.49
355.19,607.23,467.41
347.64,726.31,214.64
351.13,729.25,339.56
354.61,732.19,464.48
473.74,476.89,217
477.23,479.82,341.92
480.71,482.76,466.84
473.17,601.85,214.07
476.65,604.78,338.99
480.14,607.72,463.91
472.59,726.81,211.15
476.07,729.75,336.07
479.56,732.68,460.98
225.39,475.51,350.08
222.3,476.16,475.04
219.22,476.81,600
228.98,600.46,349.51
225.89,601.11,474.48
222.81,601.76,599.44
232.56,725.41,348.95
229.48,726.06,473.91
226.39,726.71,598.87
350.3,471.93,353.18
347.22,472.59,478.14
344.13,473.24,603.11
353.89,596.88,352.61
350.8,597.54,477.58
347.72,598.19,602.54
357.47,721.83,352.05
354.39,722.49,477.01
351.3,723.14,601.98
475.21,468.36,356.28
472.13,469.01,481.24
469.04,469.67,606.21
478.8,593.31,355.72
475.71,593.96,480.68
472.63,594.62,605.64
482.38,718.26,355.15
479.3,718.91,480.11
476.22,719.57,605.08
225.72,473.68,476.27
225.56,471.47,601.24
225.4,469.26,726.22
225.03,598.66,478.48
224.87,596.45,603.46
224.71,594.24,728.43
224.34,723.64,480.69
224.18,721.43,605.67
224.02,719.21,730.65
350.73,474.37,476.44
350.56,472.16,601.42
350.4,469.95,726.4
350.04,599.35,478.65
349.87,597.14,603.63
349.71,594.92,728.61
349.35,724.32,480.86
349.18,722.11,605.84
349.02,719.9,730.82
475.73,475.06,476.62
475.56,472.85,601.59
475.4,470.63,726.57
475.04,600.03,478.83
474.87,597.82,603.81
474.71,595.61,728.79
474.35,725.01,481.04
474.18,722.8,606.02
474.02,720.59,731
223.31,476.83,599.45
225.78,477.52,724.42
228.26,478.21,849.4
225.7,601.8,598.71
228.18,602.49,723.68
230.66,603.18,848.66
228.1,726.78,597.97
230.58,727.47,722.95
233.06,728.16,847.92
348.26,474.41,596.99
350.74,475.1,721.96
353.22,475.79,846.93
350.65,599.39,596.25
353.13,600.08,721.22
355.61,600.77,846.19
353.05,724.36,595.51
355.53,725.05,720.48
358.01,725.74,845.45
473.21,472,594.53
475.69,472.69,719.5
478.17,473.38,844.47
475.61,596.98,593.79
478.08,597.67,718.76
480.56,598.36,843.73
478,721.95,593.05
480.48,722.64,718.02
482.96,723.33,842.99
224.05,601.83,100
227.24,600.36,224.96
230.43,598.88,349.91
222.78,726.81,101.51
225.97,725.34,226.46
229.16,723.87,351.41
221.52,851.79,103.02
224.71,850.32,227.97
227.9,848.85,352.92
349,603.14,96.824
352.19,601.66,221.77
355.38,600.19,346.72
347.74,728.12,98.332
350.93,726.65,223.28
354.12,725.17,348.23
346.47,853.1,99.84
349.66,851.63,224.79
352.85,850.16,349.74
473.96,604.44,93.643
477.15,602.97,218.59
480.34,601.5,343.54
472.69,729.43,95.151
475.88,727.96,220.1
479.07,726.48,345.05
471.42,854.41,96.659
474.62,852.94,221.61
477.81,851.47,346.56
225.68,601.44,223.02
228.8,602.06,347.98
231.93,602.67,472.94
223.69,726.43,222.46
226.82,727.04,347.42
229.94,727.65,472.38
221.7,851.41,221.89
224.83,852.02,346.85
227.95,852.63,471.81
350.62,603.42,219.88
353.75,604.03,344.84
356.87,604.65,469.8
348.63,728.4,219.32
351.76,729.02,344.28
354.89,729.63,469.24
346.65,853.39,218.76
349.77,854,343.72
352.9,854.61,468.68
475.57,605.4,216.75
478.69,606.01,341.71
481.82,606.62,466.67
473.58,730.38,216.19
476.7,730.99,341.15
479.83,731.61,466.11
471.59,855.36,215.63
474.72,855.98,340.59
477.84,856.59,465.55
226.23,600.26,349.14
225.98,600.44,474.14
225.73,600.62,599.14
229.91,725.21,348.97
229.65,725.39,473.97
229.4,725.56,598.97
233.58,850.16,348.8
233.33,850.33,473.8
233.08,850.51,598.8
351.18,596.59,349.4
350.92,596.77,474.4
350.67,596.94,599.4
354.85,721.54,349.23
354.6,721.72,474.23
354.35,721.89,599.23
358.53,846.49,349.06
358.27,846.66,474.06
358.02,846.84,599.06
476.12,592.92,349.66
475.87,593.1,474.66
475.62,593.27,599.66
479.8,717.87,349.49
479.55,718.04,474.49
479.29,718.22,599.49
483.47,842.82,349.32
483.22,842.99,474.32
482.97,843.17,599.32
226.49,598.3,476.25
226.99,598.8,601.25
227.49,599.31,726.24
228.01,723.29,475.74
228.51,723.79,600.73
229.01,724.3,725.73
229.53,848.28,475.22
230.03,848.78,600.22
230.53,849.29,725.22
351.48,596.78,475.76
351.98,597.29,600.75
352.48,597.79,725.75
353,721.77,475.24
353.5,722.28,600.24
354,722.78,725.24
354.52,846.76,474.73
355.02,847.27,599.73
355.52,847.77,724.72
476.47,595.27,475.26
476.97,595.77,600.26
477.47,596.27,725.25
477.99,720.26,474.75
478.49,720.76,599.74
478.99,721.26,724.74
479.51,845.25,474.24
480.01,845.75,599.23
480.51,846.25,724.23
225.33,600.45,600.44
226.23,597.68,725.41
227.13,594.92,850.37
225.96,725.42,603.2
226.86,722.65,728.17
227.76,719.88,853.13
226.59,850.38,605.96
227.49,847.62,730.93
228.39,844.85,855.9
350.33,599.84,599.53
351.23,597.07,724.49
352.12,594.3,849.46
350.96,724.8,602.29
351.86,722.04,727.25
352.76,719.27,852.22
351.59,849.77,605.05
352.49,847,730.02
353.39,844.24,854.98
475.32,599.22,598.61
476.22,596.46,723.58
477.12,593.69,848.55
475.96,724.19,601.37
476.86,721.42,726.34
477.75,718.66,851.31
476.59,849.16,604.14
477.49,846.39,729.1
478.39,843.62,854.07
351.94,99.501,100.49
355.59,101.81,225.41
359.24,104.12,350.34
351.91,224.48,98.185
355.56,226.79,223.11
359.21,229.09,348.03
351.88,349.46,95.879
355.53,351.76,220.8
359.18,354.07,345.73
476.88,99.463,96.84
480.53,101.77,221.76
484.18,104.08,346.69
476.85,224.44,94.535
480.5,226.75,219.46
484.15,229.06,344.38
476.82,349.42,92.229
480.47,351.73,217.15
484.12,354.03,342.08
601.83,99.425,93.19
605.48,101.73,218.11
609.13,104.04,343.04
601.8,224.4,90.884
605.45,226.71,215.81
609.1,229.02,340.73
601.77,349.38,88.579
605.42,351.69,213.5
609.07,354,338.43
351.23,99.569,226.29
351.29,101.16,351.29
351.36,102.74,476.28
350.83,224.56,224.71
350.9,226.14,349.7
350.97,227.73,474.69
350.44,349.54,223.13
350.51,351.13,348.12
350.57,352.72,473.11
476.23,99.957,226.23
476.29,101.54,351.22
476.36,103.13,476.21
475.83,224.94,224.64
475.9,226.53,349.63
475.96,228.12,474.63
475.44,349.93,223.06
475.5,351.52,348.05
475.57,353.1,473.04
601.23,100.35,226.16
601.29,101.93,351.15
601.36,103.52,476.14
600.83,225.33,224.57
600.9,226.92,349.57
600.96,228.51,474.56
600.44,350.32,222.99
600.5,351.91,347.98
600.57,353.49,472.97
350.35,101.52,348.61
350.25,98.956,473.58
350.14,96.39,598.55
347.5,226.46,351.17
347.39,223.9,476.14
347.29,221.33,601.12
344.64,351.4,353.73
344.54,348.84,478.7
344.44,346.27,603.68
475.32,104.37,348.77
475.21,101.81,473.74
475.11,99.243,598.71
472.47,229.31,351.33
472.36,226.75,476.3
472.26,224.18,601.28
469.61,354.26,353.89
469.51,351.69,478.86
469.41,349.13,603.84
600.29,107.23,348.93
600.18,104.66,473.9
600.08,102.1,598.87
597.44,232.17,351.49
597.33,229.6,476.46
597.23,227.04,601.44
594.58,357.11,354.05
594.48,354.54,479.02
594.38,351.98,604
349.74,100.41,476.52
353.36,103.14,601.44
356.98,105.88,726.36
346.16,225.33,473.88
349.78,228.06,598.8
353.4,230.8,723.72
342.58,350.25,471.24
346.2,352.99,596.17
349.82,355.72,721.09
474.63,103.91,472.83
478.25,106.65,597.75
481.87,109.39,722.67
471.05,228.83,470.19
474.67,231.57,595.11
478.29,234.31,720.03
467.48,353.75,467.55
471.09,356.49,592.48
474.71,359.23,717.4
599.53,107.42,469.13
603.15,110.16,594.06
606.76,112.9,718.98
595.95,232.34,466.5
599.57,235.08,591.42
603.18,237.82,716.34
592.37,357.26,463.86
595.99,360,588.78
599.61,362.74,713.71
348.64,98.947,598.14
349.38,101.46,723.11
350.13,103.97,848.09
345.18,223.88,595.65
345.93,226.39,720.63
346.67,228.9,845.6
341.73,348.81,593.17
342.47,351.32,718.14
343.22,353.83,843.11
473.59,102.39,597.33
474.33,104.89,722.3
475.08,107.4,847.28
470.13,227.32,594.84
470.88,229.83,719.82
471.62,232.34,844.79
466.68,352.25,592.36
467.42,354.76,717.33
468.17,357.27,842.3
598.54,105.82,596.52
599.28,108.33,721.49
600.03,110.84,846.47
595.09,230.76,594.03
595.83,233.27,719.01
596.57,235.78,843.98
591.63,355.69,591.55
592.37,358.2,716.52
593.12,360.71,841.49
348.47,226.62,101.76
352.03,229.44,226.68
355.6,232.25,351.6
345.05,351.54,99.043
348.62,354.36,223.96
352.19,357.18,348.88
341.64,476.46,96.321
345.21,479.28,221.24
348.77,482.1,346.16
473.37,229.95,98.121
476.94,232.77,223.04
480.51,235.59,347.96
469.96,354.88,95.4
473.52,357.69,220.32
477.09,360.51,345.23
466.54,479.8,92.678
470.11,482.62,217.6
473.68,485.43,342.51
598.27,233.29,94.478
601.84,236.11,219.4
605.41,238.93,344.31
594.86,358.21,91.756
598.43,361.03,216.67
602,363.85,341.59
591.45,483.13,89.035
595.01,485.95,213.95
598.58,488.77,338.87
348.28,224.2,223.37
345.52,224.41,348.34
342.75,224.61,473.31
346.44,349.19,223.12
343.67,349.39,348.09
340.91,349.6,473.06
344.6,474.18,222.88
341.83,474.38,347.85
339.06,474.58,472.81
473.24,226.05,226.14
470.47,226.25,351.1
467.7,226.45,476.07
471.39,351.03,225.89
468.63,351.24,350.86
465.86,351.44,475.83
469.55,476.02,225.64
466.78,476.22,350.61
464.02,476.43,475.58
598.19,227.89,228.9
595.42,228.09,353.87
592.66,228.3,478.84
596.35,352.87,228.65
593.58,353.08,353.62
590.81,353.28,478.59
594.5,477.86,228.41
591.74,478.06,353.37
588.97,478.27,478.34
350.22,225.42,348.41
348.29,222.58,473.37
346.36,219.73,598.32
351.74,350.38,351.28
349.81,347.53,476.23
347.88,344.69,601.19
353.26,475.34,354.15
351.33,472.49,479.1
349.4,469.65,604.06
475.19,223.86,350.31
473.26,221.01,475.26
471.33,218.16,600.22
476.71,348.81,353.17
474.78,345.97,478.13
472.85,343.12,603.09
478.23,473.77,356.04
476.3,470.93,481
474.38,468.08,605.96
600.16,222.29,352.2
598.23,219.44,477.16
596.31,216.6,602.12
601.68,347.25,355.07
599.75,344.4,480.03
597.83,341.56,604.99
603.2,472.21,357.94
601.28,469.36,482.9
599.35,466.51,607.86
351.34,225.17,475.58
355.06,227.28,600.51
358.77,229.38,725.44
351.42,350.15,473.47
355.14,352.26,598.4
358.85,354.36,723.33
351.5,475.14,471.37
355.22,477.24,596.29
358.93,479.35,721.22
476.29,225.03,471.88
480,227.13,596.8
483.71,229.24,721.73
476.37,350.01,469.77
480.08,352.12,594.7
483.79,354.22,719.63
476.45,474.99,467.66
480.16,477.1,592.59
483.87,479.2,717.52
601.24,224.88,468.17
604.95,226.99,593.1
608.66,229.1,718.03
601.32,349.87,466.06
605.03,351.97,590.99
608.74,354.08,715.92
601.4,474.85,463.95
605.11,476.95,588.88
608.82,479.06,713.81
348.37,225.06,598.12
346.48,222.53,723.08
344.59,220,848.05
348.72,350.03,600.66
346.83,347.5,725.62
344.94,344.97,850.59
349.07,475,603.2
347.18,472.47,728.16
345.29,469.94,853.13
473.35,224.68,600
471.46,222.14,724.96
469.58,219.61,849.93
473.7,349.65,602.54
471.81,347.11,727.5
469.93,344.58,852.47
474.05,474.62,605.08
472.16,472.08,730.04
470.28,469.55,855.01
598.34,224.29,601.88
596.45,221.76,726.85
594.56,219.22,851.81
598.69,349.26,604.42
596.8,346.73,729.38
594.91,344.19,854.35
599.04,474.23,606.96
597.15,471.7,731.92
595.26,469.17,856.89
349.62,349.63,101.45
353.1,352.73,226.37
356.57,355.83,351.28
348.08,474.59,98.389
351.56,477.69,223.3
355.03,480.78,348.21
346.54,599.54,95.326
350.01,602.64,220.24
353.49,605.74,345.15
474.56,351.09,97.941
478.04,354.18,222.85
481.52,357.28,347.77
473.02,476.04,94.877
476.5,479.14,219.79
479.97,482.24,344.7
471.48,601,91.814
474.95,604.09,216.73
478.43,607.19,341.64
599.51,352.54,94.429
602.98,355.64,219.34
606.46,358.74,344.25
597.96,477.5,91.365
601.44,480.59,216.28
604.91,483.69,341.19
596.42,602.45,88.302
599.9,605.55,213.21
603.37,608.65,338.13
350.22,348.75,226.45
350.66,347.49,351.44
351.1,346.23,476.43
347.57,473.72,227.71
348,472.46,352.71
348.44,471.2,477.7
344.91,598.68,228.98
345.35,597.42,353.98
345.78,596.16,478.97
475.2,351.42,226.04
475.63,350.16,351.03
476.07,348.9,476.02
472.54,476.38,227.31
472.98,475.12,352.3
473.41,473.86,477.29
469.88,601.35,228.58
470.32,600.09,353.57
470.76,598.83,478.56
600.17,354.08,225.63
600.6,352.82,350.62
601.04,351.56,475.61
597.51,479.05,226.9
597.95,477.79,351.89
598.38,476.53,476.88
594.85,604.01,228.17
595.29,602.75,353.16
595.73,601.49,478.15
351.66,351.48,350.54
351.78,352.68,475.54
351.89,353.89,600.53
354.69,476.44,349.33
354.81,477.64,474.33
354.93,478.85,599.32
357.73,601.4,348.13
357.85,602.6,473.12
357.96,603.81,598.11
476.62,348.44,350.45
476.74,349.64,475.45
476.86,350.85,600.44
479.66,473.4,349.25
479.78,474.6,474.24
479.89,475.81,599.23
482.69,598.36,348.04
482.81,599.56,473.03
482.93,600.77,598.02
601.59,345.4,350.37
601.71,346.6,475.36
601.82,347.81,600.35
604.62,470.36,349.16
604.74,471.56,474.15
604.86,472.77,599.15
607.66,595.32,347.95
607.77,596.52,472.94
607.89,597.73,597.94
349.93,349.88,473.6
353.12,350.09,598.56
356.32,350.3,723.52
350.31,474.87,473.39
353.51,475.08,598.34
356.7,475.29,723.3
350.7,599.87,473.17
353.89,600.08,598.12
357.08,600.29,723.08
474.89,349.49,470.42
478.08,349.7,595.38
481.27,349.91,720.33
475.27,474.49,470.2
478.46,474.7,595.16
481.65,474.91,720.11
475.65,599.48,469.98
478.84,599.69,594.94
482.03,599.9,719.9
599.84,349.11,467.23
603.03,349.32,592.19
606.22,349.53,717.15
600.22,474.1,467.01
603.41,474.31,591.97
606.6,474.52,716.93
600.6,599.1,466.79
603.79,599.31,591.75
606.99,599.52,716.71
351.39,348.2,601.81
352.11,350.18,726.8
352.82,352.16,851.78
349.69,473.17,599.84
350.41,475.15,724.82
351.12,477.13,849.8
347.99,598.14,597.87
348.7,600.12,722.85
349.42,602.1,847.83
476.38,349.89,601.07
477.09,351.87,726.05
477.81,353.85,851.04
474.68,474.86,599.1
475.39,476.84,724.08
476.1,478.82,849.06
472.98,599.84,597.13
473.69,601.82,722.11
474.4,603.8,847.09
601.36,351.58,600.33
602.08,353.56,725.31
602.79,355.54,850.29
599.66,476.55,598.36
600.38,478.53,723.34
601.09,480.51,848.32
597.96,601.53,596.39
598.67,603.51,721.37
599.39,605.49,846.35
348.03,474.3,99.407
347.83,475.05,224.41
347.63,475.81,349.41
348.09,599.3,98.65
347.9,600.05,223.65
347.7,600.8,348.65
348.16,724.29,97.893
347.96,725.05,222.89
347.77,725.8,347.89
473.03,474.23,99.605
472.83,474.99,224.6
472.63,475.74,349.6
473.09,599.23,98.847
472.9,599.98,223.85
472.7,600.74,348.85
473.16,724.23,98.09
472.96,724.98,223.09
472.77,725.73,348.09
598.03,474.16,99.802
597.83,474.92,224.8
597.63,475.67,349.8
598.09,599.16,99.045
597.9,599.92,224.04
597.7,600.67,349.04
598.16,724.16,98.288
597.97,724.91,223.29
597.77,725.67,348.29
349.7,473.58,223.4
346.32,475.12,348.34
342.94,476.66,473.28
351.35,598.56,221.9
347.97,600.1,346.85
344.59,601.64,471.79
353,723.54,220.41
349.63,725.08,345.35
346.25,726.62,470.29
474.64,471.96,226.8
471.26,473.5,351.74
467.88,475.05,476.68
476.29,596.94,225.3
472.92,598.49,350.24
469.54,600.03,475.19
477.95,721.93,223.81
474.57,723.47,348.75
471.19,725.01,473.69
599.58,470.35,230.2
596.21,471.89,355.14
592.83,473.43,480.08
601.24,595.33,228.7
597.86,596.87,353.64
594.48,598.41,478.58
602.89,720.31,227.2
599.51,721.85,352.15
596.13,723.4,477.09
351.47,473.49,351.91
350.92,475.8,476.88
350.38,478.11,601.86
347.78,598.41,349.57
347.24,600.72,474.55
346.7,603.04,599.52
344.1,723.33,347.24
343.56,725.65,472.21
343.01,727.96,597.19
476.41,477.18,352.38
475.87,479.49,477.35
475.33,481.81,602.33
472.73,602.1,350.04
472.19,604.42,475.02
471.64,606.73,600
469.05,727.03,347.71
468.5,729.34,472.68
467.96,731.65,597.66
601.36,480.87,352.85
600.82,483.19,477.83
600.28,485.5,602.8
597.68,605.8,350.52
597.14,608.11,475.49
596.59,610.43,600.47
594,730.72,348.18
593.45,733.03,473.16
592.91,735.35,598.13
350.79,476.67,473.59
348.8,477.3,598.57
346.81,477.93,723.55
353.27,601.65,473
351.28,602.28,597.98
349.28,602.9,722.96
355.74,726.62,472.42
353.75,727.25,597.4
351.76,727.88,722.38
475.75,474.21,475.59
473.76,474.83,600.57
471.77,475.46,725.55
478.23,599.18,475.01
476.23,599.81,599.99
474.24,600.44,724.97
480.7,724.16,474.42
478.71,724.79,599.4
476.72,725.41,724.38
600.71,471.74,477.6
598.72,472.37,602.58
596.72,473,727.56
603.18,596.72,477.01
601.19,597.34,601.99
599.2,597.97,726.97
605.66,721.69,476.42
603.67,722.32,601.4
601.68,722.95,726.38
350.7,473.84,601.45
350.67,470.19,726.39
350.63,466.54,851.34
352.55,598.77,605.1
352.51,595.12,730.05
352.47,591.47,854.99
354.4,723.71,608.76
354.36,720.05,733.7
354.32,716.4,858.65
475.69,471.99,601.43
475.65,468.34,726.38
475.61,464.68,851.32
477.53,596.92,605.09
477.49,593.27,730.03
477.46,589.62,854.98
479.38,721.86,608.75
479.34,718.2,733.69
479.3,714.55,858.63
600.67,470.14,601.42
600.63,466.49,726.36
600.59,462.83,851.31
602.52,595.07,605.07
602.48,591.42,730.02
602.44,587.77,854.96
604.36,720.01,608.73
604.32,716.35,733.68
604.28,712.7,858.62
350.82,601.72,100.62
352.03,600.53,225.61
353.23,599.34,350.6
351.22,726.71,101.81
352.42,725.52,226.8
353.63,724.33,351.79
351.61,851.71,103
352.82,850.52,227.99
354.02,849.33,352.98
475.82,601.33,99.412
477.02,600.14,224.4
478.23,598.95,349.39
476.21,726.33,100.6
477.42,725.14,225.59
478.62,723.95,350.58
476.61,851.32,101.79
477.81,850.13,226.78
479.02,848.94,351.77
600.81,600.95,98.199
602.02,599.76,223.19
603.22,598.57,348.18
601.21,725.94,99.388
602.41,724.75,224.38
603.62,723.56,349.37
601.6,850.94,100.58
602.81,849.75,225.57
604.01,848.56,350.56
350.45,598.47,225.42
351.51,594.91,350.36
352.56,591.34,475.3
349.68,723.42,228.99
350.74,719.85,353.94
351.79,716.28,478.88
348.92,848.36,232.57
349.97,844.8,357.51
351.03,841.23,482.45
475.44,599.27,224.38
476.5,595.7,349.33
477.55,592.13,474.27
474.67,724.21,227.96
475.73,720.65,352.9
476.78,717.08,477.85
473.91,849.16,231.54
474.96,845.59,356.48
476.02,842.02,481.42
600.43,600.06,223.35
601.48,596.49,348.3
602.54,592.93,473.24
599.66,725.01,226.93
600.72,721.44,351.87
601.77,717.87,476.82
598.89,849.95,230.5
599.95,846.39,355.45
601,842.82,480.39
351.85,601.51,350.52
352.84,604.82,475.47
353.83,608.13,600.43
349.86,726.45,347.22
350.85,729.76,472.18
351.84,733.07,597.13
347.87,851.39,343.93
348.86,854.7,468.88
349.85,858.01,593.83
476.83,603.47,349.48
477.82,606.78,474.43
478.81,610.09,599.39
474.84,728.41,346.18
475.83,731.72,471.14
476.82,735.03,596.09
472.85,853.35,342.88
473.84,856.66,467.84
474.83,859.97,592.79
601.81,605.43,348.44
602.8,608.74,473.39
603.79,612.05,598.35
599.82,730.37,345.14
600.81,733.68,470.1
601.8,736.99,595.05
597.83,855.31,341.84
598.82,858.62,466.8
599.81,861.93,591.75
349.4,600.65,473.28
352.53,599.77,598.24
355.67,598.88,723.2
350.53,725.64,474.14
353.67,724.76,599.09
356.81,723.87,724.05
351.67,850.63,474.99
354.81,849.75,599.94
357.95,848.86,724.9
474.35,599.54,470.14
477.49,598.66,595.09
480.63,597.78,720.05
475.49,724.53,470.99
478.63,723.65,595.95
481.77,722.77,720.9
476.63,849.52,471.84
479.76,848.64,596.8
482.9,847.76,721.76
599.31,598.43,466.99
602.45,597.55,591.95
605.58,596.67,716.91
600.44,723.42,467.84
603.58,722.54,592.8
606.72,721.66,717.76
601.58,848.41,468.7
604.72,847.53,593.65
607.86,846.65,718.61
351.59,600.06,601.15
350.32,600.38,726.14
349.04,600.71,851.14
354.08,725.04,600.85
352.8,725.36,725.85
351.53,725.68,850.85
356.56,850.01,600.55
355.29,850.33,725.55
354.02,850.66,850.55
476.56,597.57,602.43
475.28,597.9,727.43
474.01,598.22,852.42
479.04,722.55,602.13
477.77,722.87,727.13
476.5,723.19,852.13
481.53,847.52,601.83
480.26,847.85,726.83
478.98,848.17,851.83
601.53,595.09,603.71
600.25,595.41,728.71
598.98,595.73,853.71
604.01,720.06,603.41
602.74,720.39,728.41
601.46,720.71,853.41
606.5,845.04,603.11
605.23,845.36,728.11
603.95,845.68,853.11
473.67,101.17,101.38
473.07,104.82,226.32
472.46,108.48,351.27
476.71,226.08,97.739
476.11,229.73,222.69
475.5,233.39,347.63
479.75,350.99,94.102
479.14,354.65,219.05
478.54,358.3,344
598.64,98.152,102.07
598.03,101.81,227.01
597.43,105.46,351.96
601.68,223.06,98.43
601.07,226.72,223.38
600.47,230.38,348.32
604.71,347.98,94.794
604.11,351.63,219.74
603.5,355.29,344.69
723.6,95.136,102.76
723,98.792,227.71
722.39,102.45,352.65
726.64,220.05,99.122
726.04,223.7,224.07
725.43,227.36,349.02
729.68,344.96,95.485
729.07,348.62,220.43
728.47,352.27,345.38
475.76,99.113,225.11
476.12,101.54,350.09
476.47,103.97,475.06
473.15,224.06,222.69
473.51,226.49,347.67
473.87,228.92,472.65
470.54,349.01,220.28
470.9,351.44,345.25
471.26,353.87,470.23
600.73,101.71,224.7
601.09,104.14,349.68
601.45,106.56,474.65
598.12,226.66,222.28
598.48,229.09,347.26
598.84,231.52,472.24
595.52,351.61,219.86
595.88,354.04,344.84
596.24,356.47,469.82
725.7,104.3,224.29
726.06,106.73,349.27
726.42,109.16,474.24
723.1,229.25,221.87
723.46,231.68,346.85
723.82,234.11,471.83
720.49,354.2,219.45
720.85,356.63,344.43
721.21,359.06,469.41
475.74,100.23,351.4
476.56,96.662,476.34
477.38,93.091,601.29
478.41,225.16,354.95
479.24,221.58,479.89
480.06,218.01,604.84
481.09,350.08,358.5
481.91,346.51,483.44
482.73,342.94,608.39
600.71,97.58,350.5
601.53,94.009,475.44
602.35,90.438,600.39
603.38,222.5,354.05
604.2,218.93,478.99
605.03,215.36,603.94
606.05,347.43,357.6
606.88,343.85,482.54
607.7,340.28,607.49
725.68,94.927,349.6
726.5,91.356,474.54
727.32,87.785,599.49
728.35,219.85,353.15
729.17,216.28,478.09
730,212.71,603.04
731.02,344.77,356.7
731.85,341.2,481.65
732.67,337.63,606.59
473.14,101.9,476.94
475.42,100.86,601.92
477.69,99.829,726.9
472.34,226.89,477.99
474.61,225.86,602.97
476.89,224.82,727.95
471.53,351.89,479.04
473.81,350.85,604.02
476.08,349.82,729
598.12,102.72,474.68
600.39,101.69,599.65
602.66,100.65,724.63
597.31,227.72,475.72
599.59,226.68,600.7
601.86,225.65,725.68
596.51,352.71,476.77
598.78,351.68,601.75
601.06,350.64,726.73
723.09,103.54,472.41
725.37,102.51,597.38
727.64,101.48,722.36
722.29,228.54,473.45
724.56,227.51,598.43
726.84,226.47,723.41
721.49,353.53,474.5
723.76,352.5,599.48
726.03,351.47,724.46
473.5,98.083,601.56
473.97,101.78,726.5
474.44,105.48,851.44
471.15,223.01,597.87
471.62,226.7,722.81
472.09,230.4,847.75
468.8,347.93,594.18
469.27,351.63,719.12
469.75,355.33,844.06
598.47,100.41,601.01
598.95,104.11,725.95
599.42,107.81,850.9
596.12,225.34,597.32
596.6,229.04,722.26
597.07,232.73,847.21
593.78,350.26,593.63
594.25,353.96,718.57
594.72,357.66,843.52
723.45,102.75,600.46
723.92,106.44,725.41
724.39,110.14,850.35
721.1,227.67,596.78
721.57,231.37,721.72
722.05,235.07,846.66
718.75,352.59,593.09
719.23,356.29,718.03
719.7,359.99,842.97
476.22,226.35,98.402
477.86,228.57,223.37
479.5,230.78,348.34
473.47,351.31,96.226
475.11,353.53,221.19
476.74,355.74,346.16
470.71,476.27,94.049
472.35,478.48,219.02
473.99,480.7,343.99
601.18,229.08,96.718
602.82,231.29,221.69
604.46,233.51,346.66
598.43,354.03,94.541
600.07,356.25,219.51
601.7,358.47,344.48
595.67,478.99,92.365
597.31,481.21,217.33
598.95,483.42,342.3
726.14,231.8,95.034
727.78,234.02,220
729.42,236.23,344.97
723.39,356.76,92.857
725.03,358.97,217.83
726.67,361.19,342.79
720.63,481.71,90.68
722.27,483.93,215.65
723.91,486.15,340.62
474.41,224.58,225.88
476.03,222.91,350.86
477.65,221.25,475.83
477.42,349.54,227.51
479.04,347.87,352.49
480.66,346.2,477.47
480.43,474.49,229.14
482.05,472.82,354.12
483.67,471.15,479.1
599.36,221.59,224.22
600.98,219.92,349.2
602.6,218.25,474.17
602.37,346.55,225.85
603.99,344.88,350.83
605.61,343.21,475.81
605.38,471.5,227.48
607,469.83,352.46
608.62,468.16,477.44
724.31,218.6,222.56
725.93,216.93,347.54
727.55,215.26,472.51
727.32,343.56,224.19
728.94,341.89,349.17
730.56,340.22,474.15
730.33,468.51,225.82
731.95,466.84,350.8
733.57,465.17,475.78
475.44,224.6,348.71
474.13,227.43,473.67
472.83,230.26,598.63
478.26,349.54,345.91
476.95,352.37,470.87
475.64,355.2,595.83
481.07,474.48,343.11
479.77,477.31,468.07
478.46,480.14,593.03
600.4,221.82,350.08
599.09,224.65,475.04
597.79,227.48,600
603.22,346.76,347.28
601.91,349.59,472.24
600.6,352.42,597.2
606.03,471.7,344.47
604.73,474.53,469.43
603.42,477.36,594.39
725.36,219.03,351.45
724.05,221.86,476.41
722.75,224.69,601.37
728.18,343.97,348.64
726.87,346.8,473.6
725.56,349.63,598.56
730.99,468.91,345.84
729.69,471.74,470.8
728.38,474.57,595.76
476.88,223.31,476.25
479.75,223.02,601.22
482.62,222.72,726.19
479.77,348.27,476.48
482.64,347.98,601.45
485.51,347.69,726.42
482.65,473.24,476.71
485.53,472.95,601.68
488.4,472.66,726.65
601.81,220.42,473.38
604.68,220.13,598.35
607.56,219.84,723.32
604.7,345.39,473.61
607.57,345.1,598.58
610.44,344.81,723.55
607.59,470.36,473.84
610.46,470.07,598.81
613.33,469.78,723.78
726.74,217.54,470.51
729.62,217.25,595.48
732.49,216.96,720.45
729.63,342.51,470.74
732.51,342.22,595.71
735.38,341.92,720.67
732.52,467.47,470.96
735.39,467.18,595.93
738.27,466.89,720.9
475.47,224.74,601.1
471.79,223.56,726.04
468.11,222.38,850.98
475.27,349.73,602.27
471.58,348.55,727.21
467.9,347.37,852.15
475.06,474.72,603.45
471.38,473.54,728.39
467.69,472.36,853.32
600.42,224.91,604.79
596.73,223.73,729.72
593.05,222.55,854.66
600.21,349.9,605.96
596.53,348.72,730.9
592.84,347.54,855.84
600,474.89,607.13
596.32,473.71,732.07
592.63,472.53,857.01
725.36,225.08,608.47
721.68,223.9,733.41
717.99,222.72,858.35
725.15,350.07,609.64
721.47,348.89,734.58
717.78,347.71,859.52
724.95,475.06,610.82
721.26,473.88,735.76
717.58,472.7,860.69
475.37,348.78,99.516
476.77,351.85,224.47
478.17,354.93,349.42
477.87,473.71,96.412
479.27,476.79,221.36
480.67,479.86,346.31
480.37,598.65,93.307
481.77,601.72,218.26
483.17,604.79,343.21
600.33,346.25,98.175
601.74,349.32,223.13
603.14,352.4,348.08
602.83,471.19,95.07
604.24,474.26,220.02
605.64,477.33,344.97
605.33,596.12,91.965
606.74,599.19,216.92
608.14,602.27,341.87
725.3,343.72,96.834
726.7,346.8,221.79
728.1,349.87,346.74
727.8,468.66,93.729
729.2,471.73,218.68
730.6,474.8,343.63
730.3,593.59,90.624
731.7,596.67,215.58
733.1,599.74,340.53
473.94,351.28,225.99
473.71,350.68,350.99
473.48,350.07,475.99
476.21,476.26,226.6
475.98,475.66,351.6
475.75,475.05,476.6
478.48,601.24,227.21
478.25,600.63,352.21
478.02,600.03,477.21
598.93,349.01,226.2
598.7,348.41,351.21
598.47,347.8,476.21
601.19,473.99,226.82
600.97,473.39,351.82
600.74,472.78,476.82
603.46,598.97,227.43
603.23,598.36,352.43
603.01,597.76,477.43
723.91,346.74,226.42
723.68,346.14,351.42
723.45,345.53,476.42
726.18,471.72,227.03
725.95,471.11,352.03
725.72,470.51,477.03
728.45,596.7,227.64
728.22,596.09,352.64
727.99,595.49,477.65
476.63,350.44,350.33
474.53,352.4,475.29
472.44,354.35,600.26
476.5,475.43,348.36
474.41,477.38,473.33
472.31,479.34,598.29
476.38,600.42,346.4
474.28,602.37,471.36
472.19,604.33,596.33
601.61,350.6,352.42
599.51,352.55,477.39
597.42,354.51,602.35
601.48,475.58,350.46
599.39,477.54,475.42
597.29,479.5,600.39
601.36,600.57,348.49
599.26,602.53,473.46
597.17,604.49,598.42
726.59,350.75,354.52
724.49,352.71,479.49
722.4,354.67,604.45
726.46,475.74,352.56
724.37,477.7,477.52
722.27,479.65,602.49
726.34,600.73,350.59
724.24,602.69,475.56
722.15,604.64,600.52
474.61,351,474.04
476.42,347.67,598.98
478.24,344.33,723.92
472.31,475.93,477.4
474.13,472.6,602.34
475.95,469.27,727.29
470.02,600.87,480.77
471.84,597.54,605.71
473.66,594.21,730.65
599.57,353.34,472.28
601.39,350.01,597.22
603.21,346.68,722.16
597.28,478.27,475.64
599.1,474.94,600.58
600.91,471.61,725.53
594.99,603.21,479.01
596.8,599.88,603.95
598.62,596.55,728.89
724.53,355.68,470.52
726.35,352.35,595.46
728.17,349.02,720.4
722.24,480.62,473.88
724.06,477.29,598.82
725.88,473.95,723.77
719.95,605.55,477.25
721.77,602.22,602.19
723.59,598.89,727.13
475.98,349.61,600.26
473.51,352.44,725.2
471.05,355.26,850.14
474.36,474.57,597.4
471.9,477.4,722.34
469.43,480.22,847.29
472.75,599.53,594.54
470.28,602.36,719.49
467.82,605.18,844.43
600.95,351.28,602.68
598.48,354.11,727.63
596.02,356.93,852.57
599.33,476.24,599.83
596.87,479.07,724.77
594.4,481.89,849.71
597.72,601.2,596.97
595.25,604.03,721.91
592.79,606.85,846.86
725.91,352.95,605.11
723.45,355.78,730.06
720.98,358.6,855
724.3,477.91,602.25
721.83,480.74,727.2
719.37,483.56,852.14
722.68,602.87,599.4
720.22,605.7,724.34
717.75,608.52,849.29
475.67,476.46,100.28
477.43,473.3,225.23
479.19,470.14,350.18
472.79,601.38,103.48
474.54,598.22,228.43
476.3,595.07,353.38
469.9,726.31,106.68
471.66,723.15,231.63
473.42,719.99,356.57
600.63,479.38,98.603
602.39,476.23,223.55
604.14,473.07,348.5
597.74,604.31,101.8
599.5,601.15,226.75
601.26,597.99,351.7
594.86,729.23,105
596.62,726.07,229.94
598.37,722.91,354.89
725.59,482.31,96.921
727.34,479.15,221.87
729.1,475.99,346.82
722.7,607.23,100.12
724.46,604.07,225.07
726.22,600.92,350.01
719.82,732.16,103.31
721.57,729,228.26
723.33,725.84,353.21
473.29,474.43,224.62
470.71,473.99,349.59
468.12,473.55,474.56
474.82,599.42,225.09
472.24,598.98,350.06
469.65,598.54,475.03
476.35,724.41,225.56
473.77,723.97,350.53
471.18,723.53,475.51
598.26,472.89,227.19
595.67,472.45,352.16
593.09,472.01,477.14
599.79,597.88,227.66
597.2,597.44,352.64
594.62,597,477.61
601.32,722.87,228.14
598.73,722.43,353.11
596.15,721.99,478.08
723.22,471.35,229.77
720.64,470.91,354.74
718.05,470.47,479.71
724.75,596.34,230.24
722.17,595.9,355.21
719.58,595.46,480.18
726.28,721.33,230.71
723.7,720.89,355.68
721.11,720.45,480.66
475.01,473.72,350.26
472.26,474.74,475.22
469.51,475.77,600.19
475.44,598.71,349.24
472.69,599.74,474.21
469.94,600.77,599.17
475.88,723.71,348.22
473.12,724.74,473.19
470.37,725.76,598.15
599.98,473.31,353.02
597.23,474.33,477.98
594.48,475.36,602.94
600.41,598.3,352
597.66,599.33,476.96
594.91,600.36,601.93
600.84,723.3,350.98
598.09,724.33,475.94
595.34,725.35,600.91
724.95,472.9,355.78
722.2,473.92,480.74
719.44,474.95,605.7
725.38,597.89,354.76
722.63,598.92,479.72
719.87,599.95,604.68
725.81,722.89,353.74
723.06,723.92,478.7
720.31,724.94,603.66
476.32,473.51,473.1
473.24,471.3,598.04
470.16,469.1,722.98
478.02,598.48,475.35
474.94,596.27,600.29
471.86,594.07,725.24
479.72,723.44,477.6
476.64,721.24,602.54
473.56,719.03,727.49
601.27,471.75,476.15
598.19,469.55,601.09
595.11,467.34,726.04
602.97,596.72,478.4
599.89,594.52,603.34
596.81,592.31,728.29
604.67,721.69,480.65
601.59,719.48,605.6
598.51,717.28,730.54
726.22,470,479.2
723.14,467.8,604.14
720.06,465.59,729.09
727.92,594.97,481.45
724.84,592.76,606.4
721.76,590.56,731.34
729.62,719.93,483.7
726.54,717.73,608.65
723.46,715.52,733.59
476.47,476.11,601.41
473.12,472.78,726.33
469.77,469.45,851.24
473.51,601.03,604.66
470.16,597.71,729.58
466.82,594.38,854.49
470.55,725.96,607.92
467.21,722.63,732.83
463.86,719.3,857.74
601.38,478.98,604.84
598.04,475.65,729.75
594.69,472.32,854.66
598.43,603.9,608.09
595.08,600.57,733
591.73,597.25,857.91
595.47,728.83,611.34
592.12,725.5,736.25
588.78,722.17,861.16
726.3,481.84,608.26
722.95,478.51,733.17
719.61,475.19,858.08
723.35,606.77,611.51
720,603.44,736.42
716.65,600.11,861.34
720.39,731.69,614.76
717.04,728.37,739.67
713.69,725.04,864.59
474.87,601.27,98.672
473.74,602.45,223.66
472.6,603.63,348.65
477.59,726.24,97.518
476.45,727.41,222.51
475.32,728.59,347.5
480.31,851.2,96.365
479.17,852.38,221.36
478.04,853.56,346.35
599.83,598.56,99.834
598.7,599.74,224.82
597.57,600.92,349.82
602.55,723.53,98.68
601.42,724.71,223.67
600.29,725.89,348.66
605.27,848.5,97.526
604.14,849.68,222.52
603,850.86,347.51
724.8,595.86,101
723.67,597.04,225.99
722.53,598.22,350.98
727.52,720.83,99.842
726.38,722.01,224.83
725.25,723.19,349.82
730.24,845.8,98.688
729.1,846.98,223.68
727.97,848.15,348.67
474.62,601.52,226.03
473.31,600.15,351.01
472.01,598.78,475.99
472.57,726.5,227.37
471.26,725.13,352.36
469.95,723.76,477.34
470.51,851.48,228.72
469.21,850.11,353.7
467.9,848.74,478.68
599.6,603.56,227.35
598.29,602.19,352.33
596.98,600.82,477.32
597.54,728.54,228.7
596.23,727.17,353.68
594.93,725.81,478.66
595.49,853.52,230.05
594.18,852.15,355.03
592.87,850.79,480.01
724.57,605.61,228.68
723.26,604.24,353.66
721.96,602.87,478.64
722.52,730.59,230.03
721.21,729.22,355.01
719.9,727.85,479.99
720.46,855.57,231.37
719.15,854.2,356.35
717.85,852.83,481.34
476.05,601.54,351.77
478.8,599.81,476.73
481.55,598.08,601.69
472.93,726.49,353.57
475.68,724.76,478.52
478.42,723.03,603.48
469.8,851.43,355.36
472.55,849.7,480.32
475.3,847.98,605.28
600.98,604.7,349.06
603.73,602.97,474.02
606.48,601.25,598.98
597.86,729.65,350.86
600.61,727.92,475.82
603.36,726.19,600.78
594.73,854.59,352.65
597.48,852.87,477.61
600.23,851.14,602.57
725.91,607.86,346.36
728.66,606.13,471.32
731.41,604.41,596.27
722.79,732.81,348.15
725.54,731.08,473.11
728.29,729.35,598.07
719.66,857.75,349.95
722.41,856.03,474.91
725.16,854.3,599.86
473.04,599.03,474.32
470.93,602.31,599.26
468.82,605.6,724.2
471.6,723.98,471.01
469.49,727.26,595.95
467.38,730.55,720.89
470.15,848.93,467.7
468.04,852.21,592.64
465.93,855.5,717.58
598.01,600.53,476.39
595.9,603.81,601.33
593.79,607.1,726.27
596.57,725.48,473.08
594.46,728.76,598.02
592.35,732.05,722.96
595.12,850.43,469.77
593.01,853.72,594.71
590.9,857,719.65
722.99,602.03,478.46
720.88,605.32,603.4
718.77,608.6,728.34
721.54,726.98,475.15
719.43,730.27,600.09
717.32,733.55,725.03
720.1,851.93,471.84
717.99,855.22,596.78
715.88,858.5,721.72
473.12,599.07,599.77
476.44,598.22,724.72
479.77,597.37,849.67
473.85,724.06,600.6
477.18,723.21,725.55
480.51,722.36,850.5
474.59,849.06,601.43
477.91,848.21,726.38
481.24,847.36,851.34
598.07,598.35,596.43
601.4,597.5,721.39
604.73,596.66,846.34
598.81,723.35,597.27
602.14,722.5,722.22
605.46,721.65,847.17
599.54,848.34,598.1
602.87,847.49,723.05
606.2,846.65,848
723.03,597.64,593.1
726.36,596.79,718.06
729.69,595.94,843.01
723.77,722.64,593.93
727.09,721.79,718.89
730.42,720.94,843.84
724.5,847.63,594.76
727.83,846.78,719.72
731.16,845.93,844.67
598.05,101.32,101.19
595.3,102.99,226.15
592.56,104.65,351.11
597.74,226.32,99.528
595,227.98,224.49
592.25,229.64,349.44
597.43,351.31,97.861
594.69,352.97,222.82
591.95,354.63,347.78
723.02,101.67,103.94
720.27,103.33,228.89
717.53,104.99,353.85
722.71,226.66,102.27
719.97,228.32,227.23
717.22,229.98,352.18
722.41,351.65,100.6
719.66,353.31,225.56
716.92,354.97,350.52
847.99,102.02,106.68
845.24,103.68,231.63
842.5,105.34,356.59
847.68,227.01,105.01
844.94,228.67,229.97
842.19,230.33,354.92
847.38,352,103.34
844.63,353.66,228.3
841.89,355.32,353.26
601.42,100.15,224.82
599.54,103.57,349.76
597.67,106.98,474.7
603.84,225.08,221.44
601.97,228.5,346.38
600.09,231.91,471.32
606.26,350.01,218.06
604.39,353.43,343
602.52,356.84,467.94
726.38,97.78,226.76
724.5,101.19,351.7
722.63,104.6,476.64
728.8,222.71,223.38
726.93,226.12,348.32
725.05,229.53,473.26
731.23,347.64,220
729.35,351.05,344.94
727.48,354.46,469.88
851.34,95.407,228.7
849.47,98.819,353.64
847.59,102.23,478.58
853.76,220.34,225.32
851.89,223.75,350.26
850.02,227.16,475.2
856.19,345.27,221.94
854.31,348.68,346.88
852.44,352.09,471.82
600.78,98.075,350.88
601.75,97.691,475.88
602.73,97.308,600.88
603.85,223.04,351.24
604.83,222.65,476.24
605.8,222.27,601.24
606.92,348,351.6
607.9,347.61,476.6
608.87,347.23,601.59
725.73,95.008,349.89
726.71,94.624,474.89
727.69,94.24,599.89
728.81,219.97,350.25
729.78,219.59,475.25
730.76,219.2,600.25
731.88,344.93,350.61
732.85,344.55,475.61
733.83,344.16,600.61
850.69,91.941,348.91
851.67,91.557,473.91
852.65,91.173,598.9
853.76,216.9,349.27
854.74,216.52,474.26
855.72,216.13,599.26
856.83,341.86,349.63
857.81,341.48,474.62
858.79,341.1,599.62
601.55,98.709,473.29
598.84,99.049,598.26
596.13,99.389,723.23
599.65,223.69,472.91
596.94,224.03,597.88
594.22,224.37,722.85
597.74,348.68,472.53
595.03,349.02,597.5
592.32,349.36,722.47
726.51,100.63,476
723.8,100.97,600.97
721.09,101.31,725.94
724.6,225.61,475.62
721.89,225.95,600.59
719.18,226.29,725.56
722.7,350.6,475.24
719.99,350.94,600.21
717.28,351.28,725.17
851.47,102.55,478.71
848.76,102.89,603.68
846.04,103.23,728.65
849.56,227.53,478.33
846.85,227.87,603.3
844.14,228.21,728.26
847.65,352.51,477.94
844.94,352.85,602.91
842.23,353.19,727.88
600.73,100.83,598.82
598.55,102.75,723.79
596.37,104.68,848.75
601.82,225.81,596.92
599.64,227.74,721.88
597.46,229.66,846.84
602.91,350.79,595.01
600.73,352.72,719.97
598.55,354.64,844.94
725.71,99.774,601.02
723.53,101.7,725.98
721.35,103.62,850.95
726.8,224.75,599.11
724.62,226.68,724.08
722.43,228.6,849.04
727.89,349.74,597.21
725.71,351.66,722.17
723.52,353.58,847.14
850.69,98.716,603.22
848.51,100.64,728.18
846.32,102.56,853.14
851.78,223.7,601.31
849.59,225.62,726.28
847.41,227.54,851.24
852.86,348.68,599.41
850.68,350.6,724.37
848.5,352.52,849.33
600.41,225.51,98.981
596.84,224.02,223.92
593.27,222.54,348.86
598.86,350.49,100.42
595.29,349,225.36
591.72,347.52,350.3
597.3,475.46,101.85
593.74,473.98,226.79
590.17,472.5,351.73
725.34,227.03,102.57
721.78,225.54,227.51
718.21,224.06,352.45
723.79,352,104.01
720.22,350.52,228.95
716.66,349.04,353.89
722.24,476.98,105.44
718.67,475.5,230.38
715.1,474.01,355.32
850.28,228.54,106.16
846.71,227.06,231.1
843.15,225.58,356.04
848.73,353.52,107.6
845.16,352.04,232.54
841.59,350.55,357.48
847.18,478.5,109.03
843.61,477.02,233.97
840.04,475.53,358.91
598.17,223.69,224.76
597.82,222.69,349.75
597.47,221.68,474.75
598.58,348.69,225.77
598.23,347.68,350.76
597.88,346.68,475.76
598.99,473.69,226.78
598.64,472.68,351.77
598.29,471.68,476.77
723.17,223.28,225.11
722.82,222.27,350.1
722.47,221.27,475.1
723.58,348.27,226.12
723.23,347.27,351.11
722.88,346.27,476.11
723.99,473.27,227.13
723.64,472.27,352.12
723.29,471.26,477.12
848.17,222.86,225.46
847.82,221.86,350.46
847.47,220.85,475.45
848.58,347.86,226.47
848.23,346.85,351.47
847.88,345.85,476.46
848.99,472.86,227.48
848.64,471.85,352.48
848.29,470.85,477.47
598.75,223.44,349.81
596.16,223.7,474.78
593.57,223.96,599.76
601.12,348.42,349.6
598.53,348.67,474.57
595.94,348.93,599.55
603.48,473.39,349.39
600.89,473.65,474.36
598.3,473.91,599.34
723.7,221.08,352.4
721.11,221.34,477.38
718.52,221.6,602.35
726.07,346.06,352.19
723.48,346.31,477.17
720.89,346.57,602.15
728.43,471.03,351.98
725.84,471.29,476.96
723.25,471.55,601.94
848.65,218.72,355
846.06,218.98,479.98
843.47,219.24,604.95
851.02,343.7,354.79
848.43,343.95,479.77
845.84,344.21,604.74
853.38,468.67,354.58
850.79,468.93,479.56
848.2,469.18,604.53
600.05,225.87,474.74
599.13,226.09,599.73
598.2,226.31,724.73
597.95,350.85,474.5
597.03,351.07,599.49
596.1,351.29,724.49
595.85,475.83,474.26
594.92,476.05,599.26
594,476.27,724.25
725.04,227.98,475.66
724.11,228.2,600.66
723.18,228.42,725.66
722.93,352.96,475.42
722.01,353.18,600.42
721.08,353.4,725.42
720.83,477.94,475.18
719.91,478.16,600.18
718.98,478.38,725.18
850.02,230.08,476.59
849.09,230.3,601.58
848.16,230.52,726.58
847.92,355.06,476.35
846.99,355.28,601.34
846.06,355.5,726.34
845.82,480.04,476.11
844.89,480.26,601.1
843.96,480.48,726.1
598.51,223.98,601.49
597.8,226.02,726.47
597.09,228.06,851.45
599.03,348.96,599.46
598.32,351,724.43
597.6,353.04,849.41
599.54,473.94,597.42
598.83,475.98,722.4
598.12,478.02,847.38
723.51,223.47,602.21
722.8,225.51,727.19
722.09,227.55,852.17
724.03,348.45,600.17
723.32,350.49,725.15
722.6,352.53,850.13
724.54,473.43,598.13
723.83,475.47,723.11
723.12,477.51,848.09
848.51,222.96,602.93
847.8,225,727.91
847.09,227.04,852.89
849.03,347.94,600.89
848.32,349.98,725.87
847.6,352.02,850.85
849.54,472.92,598.85
848.83,474.96,723.83
848.12,477,848.81
598.67,350.04,98.896
602.12,346.9,223.81
605.56,343.75,348.73
602.28,474.95,101.94
605.73,471.81,226.86
609.17,468.66,351.77
605.89,599.86,104.99
609.33,596.72,229.9
612.78,593.58,354.82
723.57,346.52,95.363
727.02,343.37,220.28
730.46,340.23,345.19
727.18,471.43,98.409
730.63,468.29,223.32
734.07,465.14,348.24
730.79,596.34,101.46
734.24,593.2,226.37
737.68,590.05,351.29
848.47,342.99,91.83
851.92,339.85,216.75
855.37,336.71,341.66
852.08,467.91,94.876
855.53,464.76,219.79
858.97,461.62,344.71
855.69,592.82,97.923
859.14,589.67,222.84
862.58,586.53,347.75
599.73,348.73,226.29
602.72,350.02,351.25
605.71,351.3,476.21
600.43,473.72,224.99
603.43,475,349.94
606.42,476.29,474.9
601.14,598.71,223.68
604.13,599.99,348.64
607.13,601.28,473.59
724.69,347.99,223.31
727.68,349.28,348.27
730.67,350.57,473.22
725.4,472.98,222
728.39,474.27,346.96
731.38,475.56,471.92
726.1,597.97,220.7
729.09,599.26,345.65
732.09,600.55,470.61
849.65,347.26,220.33
852.64,348.55,345.28
855.63,349.83,470.24
850.36,472.25,219.02
853.35,473.54,343.98
856.34,474.82,468.93
851.06,597.24,217.71
854.06,598.52,342.67
857.05,599.81,467.63
600.77,348.41,350.47
598.56,350.34,475.44
596.35,352.27,600.4
601.41,473.39,348.55
599.2,475.32,473.52
596.99,477.26,598.48
602.05,598.38,346.63
599.84,600.31,471.6
597.63,602.24,596.56
725.75,347.8,352.69
723.54,349.74,477.66
721.33,351.67,602.62
726.39,472.79,350.77
724.18,474.72,475.73
721.97,476.65,600.7
727.03,597.77,348.85
724.82,599.7,473.81
722.61,601.63,598.78
850.73,347.2,354.91
848.52,349.13,479.87
846.31,351.06,604.84
851.37,472.18,352.99
849.16,474.11,477.95
846.95,476.04,602.91
852.01,597.16,351.06
849.8,599.1,476.03
847.59,601.03,600.99
598.38,350.67,476.91
599.03,353.92,601.86
599.68,357.17,726.82
598.29,475.63,473.65
598.94,478.88,598.61
599.59,482.13,723.56
598.2,600.58,470.39
598.86,603.83,595.35
599.51,607.08,720.31
723.37,350.74,476.25
724.03,353.99,601.21
724.68,357.24,726.16
723.29,475.69,473
723.94,478.94,597.95
724.59,482.19,722.91
723.2,600.65,469.74
723.86,603.9,594.7
724.51,607.15,719.65
848.37,350.8,475.6
849.02,354.05,600.55
849.68,357.3,725.51
848.29,475.76,472.34
848.94,479.01,597.3
849.59,482.26,722.25
848.2,600.72,469.08
848.85,603.97,594.04
849.51,607.22,719
601.25,349.19,601.65
601.62,348.96,726.65
601.99,348.72,851.65
601.28,474.19,601.89
601.65,473.95,726.89
602.02,473.72,851.89
601.3,599.18,602.12
601.67,598.95,727.12
602.04,598.72,852.12
726.25,349.17,601.27
726.62,348.93,726.28
726.99,348.7,851.28
726.27,474.16,601.51
726.64,473.93,726.51
727.02,473.7,851.51
726.3,599.16,601.75
726.67,598.93,726.75
727.04,598.7,851.75
851.24,349.14,600.9
851.62,348.91,725.9
851.99,348.68,850.9
851.27,474.14,601.13
851.64,473.91,726.14
852.01,473.68,851.14
851.3,599.14,601.37
851.67,598.91,726.37
852.04,598.67,851.37
600.25,476.47,100.6
603.7,474.53,225.54
607.16,472.59,350.48
601.64,601.45,102.5
605.1,599.51,227.44
608.56,597.57,352.38
603.04,726.43,104.4
606.5,724.49,229.34
609.95,722.55,354.28
725.19,475.12,97.12
728.65,473.19,222.06
732.1,471.25,347
726.59,600.1,99.022
730.04,598.17,223.96
733.5,596.23,348.9
727.98,725.08,100.92
731.44,723.15,225.86
734.89,721.21,350.8
850.13,473.78,93.64
853.59,471.84,218.58
857.04,469.9,343.51
851.53,598.76,95.542
854.98,596.82,220.48
858.44,594.88,345.42
852.92,723.74,97.443
856.38,721.8,222.38
859.84,719.86,347.32
600.17,475.72,226.34
598.91,477.59,351.32
597.65,479.47,476.3
601.69,600.69,224.49
600.44,602.57,349.47
599.18,604.44,474.45
603.22,725.67,222.63
601.96,727.54,347.61
600.7,729.42,472.59
725.15,474.22,227.62
723.9,476.09,352.6
722.64,477.97,477.58
726.68,599.19,225.76
725.42,601.07,350.74
724.16,602.94,475.72
728.2,724.17,223.91
726.94,726.04,348.88
725.69,727.91,473.86
850.14,472.72,228.89
848.88,474.59,353.87
847.62,476.46,478.85
851.66,597.69,227.04
850.4,599.57,352.02
849.15,601.44,476.99
853.19,722.67,225.18
851.93,724.54,350.16
850.67,726.41,475.14
598.23,473.89,350.4
595.24,476.63,475.34
592.26,479.37,600.27
596.22,598.85,347.62
593.23,601.58,472.55
590.24,604.32,597.48
594.21,723.8,344.83
591.22,726.54,469.76
588.23,729.27,594.7
723.18,475.97,353.34
720.2,478.71,478.28
717.21,481.45,603.21
721.17,600.93,350.56
718.18,603.67,475.49
715.19,606.4,600.42
719.16,725.88,347.77
716.17,728.62,472.7
713.18,731.36,597.64
848.14,478.06,356.28
845.15,480.79,481.22
842.16,483.53,606.15
846.12,603.01,353.5
843.13,605.75,478.43
840.15,608.49,603.37
844.11,727.96,350.71
841.12,730.7,475.65
838.13,733.44,600.58
601.26,475.71,474.83
601.18,474.46,599.83
601.11,473.21,724.82
604.37,600.66,476.08
604.29,599.41,601.08
604.22,598.16,726.07
607.48,725.62,477.33
607.4,724.37,602.33
607.33,723.12,727.32
726.22,472.6,474.87
726.14,471.35,599.87
726.07,470.1,724.86
729.33,597.55,476.12
729.25,596.3,601.12
729.18,595.05,726.11
732.44,722.51,477.37
732.36,721.26,602.37
732.29,720.01,727.36
851.18,469.48,474.91
851.1,468.23,599.91
851.03,466.98,724.9
854.29,594.44,476.16
854.21,593.19,601.16
854.14,591.94,726.15
857.4,719.4,477.41
857.32,718.15,602.41
857.25,716.9,727.4
601.74,476.65,598.12
602.44,475.54,723.11
603.14,474.42,848.11
601.77,601.65,599.24
602.47,600.53,724.23
603.17,599.41,849.22
601.79,726.64,600.35
602.49,725.52,725.35
603.2,724.41,850.34
726.73,476.64,597.41
727.44,475.52,722.41
728.14,474.4,847.4
726.76,601.63,598.53
727.46,600.51,723.52
728.16,599.4,848.52
726.79,726.62,599.65
727.49,725.51,724.64
728.19,724.39,849.63
851.73,476.62,596.7
852.43,475.5,721.7
853.13,474.39,846.69
851.76,601.61,597.82
852.46,600.5,722.82
853.16,599.38,847.81
851.78,726.61,598.94
852.48,725.49,723.93
853.19,724.38,848.93
600.96,601.29,100.33
601.66,602.41,225.33
602.35,603.53,350.32
597.56,726.24,99.237
598.25,727.36,224.23
598.95,728.48,349.22
594.15,851.19,98.142
594.85,852.31,223.14
595.55,853.43,348.13
725.91,604.69,99.61
726.61,605.81,224.6
727.3,606.92,349.6
722.51,729.64,98.515
723.21,730.76,223.51
723.9,731.87,348.5
719.11,854.59,97.42
719.8,855.71,222.41
720.5,856.82,347.41
850.86,608.09,98.888
851.56,609.2,223.88
852.26,610.32,348.88
847.46,733.04,97.794
848.16,734.15,222.79
848.86,735.27,347.78
844.06,857.99,96.699
844.76,859.1,221.69
845.45,860.22,346.69
599.45,600.65,224.9
598.66,599.96,349.9
597.86,599.28,474.89
597.72,725.64,225.58
596.93,724.95,350.57
596.13,724.26,475.57
595.99,850.63,226.25
595.2,849.94,351.25
594.4,849.25,476.24
724.44,602.38,225.7
723.65,601.69,350.7
722.85,601,475.69
722.71,727.36,226.38
721.92,726.68,351.37
721.12,725.99,476.37
720.98,852.35,227.06
720.19,851.67,352.05
719.39,850.98,477.05
849.43,604.1,226.51
848.63,603.42,351.5
847.84,602.73,476.5
847.7,729.09,227.18
846.9,728.4,352.18
846.11,727.72,477.17
845.97,854.08,227.86
845.17,853.39,352.85
844.38,852.7,477.85
601.07,601.22,350.03
599.34,599.99,475.01
597.61,598.76,599.99
599.78,726.21,351.24
598.05,724.98,476.22
596.32,723.75,601.21
598.49,851.2,352.46
596.76,849.97,477.44
595.03,848.74,602.42
726.05,602.5,351.77
724.32,601.27,476.75
722.59,600.04,601.74
724.77,727.48,352.99
723.03,726.26,477.97
721.3,725.03,602.95
723.48,852.47,354.2
721.74,851.24,479.18
720.01,850.01,604.16
851.04,603.77,353.52
849.3,602.54,478.5
847.57,601.31,603.48
849.75,728.76,354.73
848.01,727.53,479.71
846.28,726.3,604.69
848.46,853.75,355.95
846.73,852.52,480.93
844.99,851.29,605.91
601.64,601.73,474.89
600.88,600.96,599.88
600.13,600.18,724.87
597.91,726.67,475.64
597.16,725.9,600.63
596.4,725.13,725.62
594.19,851.62,476.39
593.44,850.85,601.38
592.68,850.07,726.37
726.58,605.44,475.66
725.82,604.67,600.65
725.07,603.9,725.65
722.86,730.39,476.41
722.1,729.62,601.4
721.35,728.84,726.4
719.13,855.33,477.16
718.38,854.56,602.15
717.62,853.79,727.15
851.52,609.16,476.44
850.77,608.38,601.43
850.01,607.61,726.42
847.8,734.1,477.19
847.04,733.33,602.18
846.29,732.56,727.17
844.08,859.05,477.94
843.32,858.27,602.93
842.57,857.5,727.92
599.81,598.47,601.06
597.29,595.5,726
594.78,592.52,850.93
599.43,723.44,604.03
596.92,720.46,728.96
594.4,717.49,853.9
599.06,848.4,606.99
596.54,845.43,731.93
594.03,842.45,856.87
724.78,598.78,603.58
722.26,595.81,728.51
719.75,592.84,853.45
724.4,723.75,606.54
721.89,720.78,731.48
719.37,717.8,856.42
724.03,848.72,609.51
721.52,845.74,734.45
719,842.77,859.38
849.75,599.1,606.1
847.24,596.13,731.03
844.72,593.15,855.97
849.38,724.07,609.06
846.86,721.09,734
844.35,718.12,858.94
849,849.03,612.03
846.49,846.06,736.97
843.97,843.08,861.9
