27,125,0
191.4,191.41,204.55
0,0,0
98.32,100.52,99.817
101.73,100.82,224.77
105.14,101.12,349.72
101.84,225.47,99.42
105.25,225.77,224.37
108.66,226.07,349.32
105.35,350.42,99.022
108.76,350.72,223.97
112.17,351.02,348.93
223.22,96.99,96.415
226.64,97.293,221.37
230.05,97.595,346.32
226.74,221.94,96.017
230.15,222.24,220.97
233.56,222.55,345.92
230.26,346.89,95.62
233.67,347.19,220.57
237.08,347.5,345.52
348.13,93.463,93.013
351.54,93.765,217.96
354.95,94.068,342.92
351.64,218.41,92.615
355.06,218.72,217.57
358.47,219.02,342.52
355.16,343.36,92.218
358.57,343.67,217.17
361.98,343.97,342.12
101.37,99.34,224.74
99.514,96.715,349.7
97.657,94.09,474.66
98.936,224.29,227.33
97.08,221.67,352.29
95.224,219.04,477.25
96.503,349.24,229.92
94.646,346.62,354.88
92.79,343.99,479.84
226.33,101.74,226.65
224.48,99.11,351.61
222.62,96.485,476.56
223.9,226.69,229.24
222.04,224.06,354.2
220.19,221.44,479.15
221.47,351.63,231.83
219.61,349.01,356.79
217.75,346.39,481.74
351.3,104.13,228.56
349.44,101.5,353.51
347.58,98.88,478.47
348.86,229.08,231.15
347.01,226.45,356.11
345.15,223.83,481.06
346.43,354.03,233.74
344.57,351.4,358.7
342.72,348.78,483.65
101.81,98.61,349.37
100.33,102.03,474.31
98.848,105.45,599.26
100.48,223.56,345.93
98.995,226.98,470.87
97.513,230.4,595.82
99.143,348.5,342.49
97.66,351.92,467.43
96.178,355.34,592.38
226.8,99.985,350.81
225.31,103.4,475.76
223.83,106.83,600.7
225.46,224.93,347.38
223.98,228.35,472.32
222.5,231.77,597.26
224.12,349.88,343.94
222.64,353.3,468.88
221.16,356.72,593.82
351.78,101.36,352.26
350.3,104.78,477.21
348.81,108.2,602.15
350.44,226.3,348.82
348.96,229.72,473.77
347.48,233.14,598.71
349.11,351.25,345.38
347.62,354.67,470.33
346.14,358.09,595.27
98.463,100.72,474.47
101.03,104.26,599.4
103.6,107.8,724.32
100.04,225.65,470.9
102.61,229.2,595.82
105.18,232.74,720.74
101.62,350.59,467.32
104.19,354.14,592.24
106.76,357.68,717.17
223.43,99.064,471.95
226,102.61,596.87
228.56,106.15,721.8
225.01,224,468.37
227.57,227.55,593.3
230.14,231.09,718.22
226.58,348.94,464.8
229.15,352.49,589.72
231.72,356.03,714.65
348.39,97.412,469.43
350.96,100.96,594.35
353.53,104.5,719.28
349.97,222.35,465.85
352.54,225.89,590.78
355.11,229.44,715.7
351.55,347.29,462.28
354.12,350.83,587.2
356.69,354.38,712.12
98.563,100.35,599.32
95.74,98.551,724.27
92.918,96.753,849.23
100.55,225.32,601.16
97.728,223.52,726.12
94.905,221.72,851.07
102.54,350.29,603.01
99.715,348.49,727.96
96.893,346.7,852.92
223.52,98.324,602.11
220.69,96.525,727.07
217.87,94.726,852.02
225.5,223.3,603.96
222.68,221.5,728.91
219.86,219.7,853.87
227.49,348.27,605.8
224.67,346.47,730.76
221.85,344.67,855.71
348.47,96.297,604.91
345.65,94.499,729.86
342.82,92.7,854.82
350.46,221.27,606.75
347.63,219.47,731.71
344.81,217.67,856.66
352.44,346.24,608.6
349.62,344.44,733.55
346.8,342.64,858.51
101.04,223.5,100.79
100.31,224.81,225.78
99.583,226.12,350.77
101.87,348.49,99.489
101.15,349.8,224.48
100.42,351.11,349.47
102.71,473.48,98.187
101.99,474.79,223.18
101.26,476.1,348.17
226.03,222.67,101.52
225.31,223.98,226.51
224.58,225.29,351.51
226.87,347.66,100.22
226.14,348.97,225.21
225.42,350.28,350.2
227.71,472.65,98.921
226.98,473.96,223.91
226.25,475.27,348.9
351.03,221.84,102.26
350.3,223.15,227.25
349.57,224.46,352.24
351.87,346.83,100.96
351.14,348.14,225.95
350.41,349.45,350.94
352.7,471.82,99.655
351.98,473.13,224.65
351.25,474.44,349.64
98.093,224.13,225.51
99.294,225.9,350.49
100.5,227.66,475.47
99.406,349.11,223.73
100.61,350.88,348.71
101.81,352.64,473.69
100.72,474.09,221.95
101.92,475.86,346.93
103.12,477.62,471.91
223.08,222.8,224.33
224.28,224.57,349.31
225.48,226.33,474.29
224.4,347.78,222.55
225.6,349.55,347.53
226.8,351.31,472.51
225.71,472.76,220.77
226.91,474.53,345.75
228.11,476.29,470.73
348.07,221.47,223.15
349.27,223.24,348.13
350.47,225,473.11
349.38,346.45,221.37
350.59,348.22,346.35
351.79,349.98,471.33
350.7,471.43,219.59
351.9,473.2,344.57
353.1,474.96,469.55
99.022,223.53,348.71
97.87,223.29,473.71
96.717,223.04,598.7
98.275,348.53,348.95
97.122,348.28,473.95
95.97,348.04,598.94
97.528,473.52,349.19
96.375,473.28,474.19
95.223,473.03,599.18
224.01,224.28,349.87
222.86,224.03,474.86
221.71,223.79,599.86
223.27,349.27,350.11
222.11,349.02,475.1
220.96,348.78,600.09
222.52,474.26,350.35
221.37,474.02,475.34
220.21,473.77,600.33
349.01,225.02,351.02
347.85,224.78,476.02
346.7,224.53,601.01
348.26,350.01,351.26
347.11,349.77,476.25
345.95,349.52,601.25
347.51,475.01,351.5
346.36,474.76,476.49
345.21,474.52,601.49
98.16,226.78,475.92
97.711,223.37,600.87
97.263,219.95,725.82
95.626,351.71,479.32
95.178,348.29,604.28
94.729,344.88,729.23
93.093,476.64,482.73
92.644,473.22,607.68
92.195,469.8,732.64
223.13,229.3,476.43
222.69,225.89,601.39
222.24,222.47,726.34
220.6,354.23,479.84
220.15,350.81,604.79
219.7,347.4,729.75
218.07,479.16,483.25
217.62,475.74,608.2
217.17,472.32,733.15
348.11,231.82,476.95
347.66,228.41,601.9
347.21,224.99,726.86
345.57,356.75,480.36
345.12,353.33,605.31
344.68,349.92,730.26
343.04,481.68,483.77
342.59,478.26,608.72
342.14,474.84,733.67
101.27,225.68,600.07
100.44,221.99,725.01
99.6,218.29,849.96
102.05,350.63,603.77
101.22,346.93,728.71
100.38,343.24,853.66
102.83,475.57,607.47
102,471.88,732.41
101.16,468.18,857.36
226.26,224.87,600.88
225.43,221.18,725.82
224.59,217.49,850.77
227.05,349.82,604.58
226.21,346.12,729.52
225.38,342.43,854.47
227.82,474.76,608.28
226.99,471.07,733.22
226.16,467.38,858.17
351.26,224.07,601.69
350.42,220.37,726.63
349.59,216.68,851.58
352.04,349.01,605.39
351.2,345.32,730.34
350.37,341.62,855.28
352.82,473.96,609.09
351.98,470.26,734.04
351.15,466.57,858.98
100.96,348.71,100.59
98.973,349.46,225.57
96.983,350.2,350.56
97.985,473.68,99.8
95.995,474.42,224.78
94.005,475.16,349.76
95.008,598.64,99.007
93.018,599.38,223.99
91.028,600.13,348.97
225.91,351.7,102.56
223.92,352.45,227.55
221.93,353.19,352.53
222.93,476.67,101.77
220.94,477.41,226.75
218.95,478.16,351.74
219.95,601.63,100.98
217.96,602.38,225.96
215.97,603.12,350.94
350.86,354.69,104.54
348.87,355.44,229.52
346.88,356.18,354.5
347.88,479.66,103.75
345.89,480.4,228.73
343.9,481.15,353.71
344.9,604.62,102.95
342.91,605.37,227.94
340.92,606.11,352.92
100.86,348.97,223.36
100.73,349.79,348.36
100.6,350.6,473.36
99.869,473.97,222.54
99.738,474.78,347.54
99.606,475.6,472.54
98.878,598.96,221.73
98.746,599.78,346.72
98.615,600.59,471.72
225.86,349.97,223.49
225.73,350.78,348.48
225.59,351.6,473.48
224.87,474.96,222.67
224.73,475.78,347.67
224.6,476.59,472.66
223.87,599.96,221.85
223.74,600.77,346.85
223.61,601.59,471.85
350.85,350.96,223.61
350.72,351.78,348.61
350.59,352.59,473.61
349.86,475.96,222.8
349.73,476.77,347.79
349.6,477.59,472.79
348.87,600.95,221.98
348.74,601.77,346.98
348.61,602.58,471.97
99.852,350.97,350.8
100.79,348,475.76
101.73,345.03,600.72
103.56,475.88,353.74
104.5,472.91,478.7
105.44,469.94,603.66
107.27,600.79,356.68
108.21,597.82,481.64
109.15,594.85,606.6
224.79,347.28,349.78
225.73,344.31,474.74
226.67,341.35,599.7
228.5,472.19,352.71
229.44,469.22,477.68
230.38,466.26,602.64
232.22,597.1,355.65
233.15,594.13,480.61
234.09,591.17,605.58
349.74,343.59,348.75
350.67,340.62,473.71
351.61,337.66,598.67
353.45,468.5,351.69
354.38,465.53,476.65
355.32,462.57,601.61
357.16,593.41,354.63
358.1,590.45,479.59
359.03,587.48,604.55
98.047,349.05,474.34
96.379,345.62,599.28
94.71,342.18,724.22
97.151,474,477.77
95.483,470.57,602.71
93.814,467.13,727.65
96.255,598.95,481.19
94.586,595.52,606.13
92.918,592.08,731.07
223.03,349.9,476.03
221.36,346.47,600.97
219.7,343.03,725.92
222.14,474.85,479.46
220.47,471.42,604.4
218.8,467.98,729.34
221.24,599.8,482.89
219.57,596.37,607.83
217.9,592.93,732.77
348.02,350.75,477.73
346.35,347.31,602.67
344.68,343.88,727.61
347.12,475.7,481.15
345.45,472.26,606.09
343.79,468.83,731.04
346.23,600.65,484.58
344.56,597.21,609.52
342.89,593.78,734.46
99.55,349.97,600.23
98.36,350.36,725.22
97.17,350.74,850.22
98.195,474.96,599.83
97.005,475.35,724.82
95.815,475.73,849.82
96.84,599.95,599.43
95.65,600.34,724.42
94.46,600.72,849.42
224.53,351.33,601.41
223.34,351.71,726.41
222.15,352.1,851.4
223.18,476.32,601.01
221.99,476.71,726.01
220.8,477.09,851
221.82,601.31,600.62
220.63,601.7,725.61
219.45,602.08,850.6
349.52,352.69,602.6
348.33,353.07,727.59
347.14,353.46,852.59
348.16,477.68,602.2
346.97,478.06,727.19
345.78,478.45,852.19
346.81,602.67,601.8
345.62,603.05,726.79
344.43,603.44,851.79
98.45,476.01,100.66
100.13,476.38,225.65
101.8,476.74,350.64
98.89,601.01,100.29
100.57,601.38,225.28
102.24,601.74,350.27
99.33,726.01,99.923
101.01,726.37,224.91
102.68,726.74,349.9
223.44,475.57,98.989
225.12,475.93,223.98
226.79,476.29,348.97
223.88,600.57,98.62
225.56,600.93,223.61
227.23,601.29,348.6
224.32,725.56,98.251
226,725.93,223.24
227.67,726.29,348.23
348.43,475.12,97.318
350.11,475.48,222.31
351.78,475.85,347.29
348.87,600.12,96.949
350.55,600.48,221.94
352.22,600.85,346.93
349.31,725.12,96.58
350.99,725.48,221.57
352.66,725.85,346.56
100.86,475.82,225.88
100.43,476.45,350.87
100,477.07,475.87
97.81,600.78,225.24
97.383,601.41,350.24
96.955,602.03,475.24
94.763,725.74,224.61
94.335,726.37,349.6
93.908,726.99,474.6
225.82,478.87,226.29
225.39,479.5,351.29
224.97,480.12,476.28
222.77,603.83,225.66
222.34,604.46,350.65
221.92,605.08,475.65
219.72,728.79,225.02
219.3,729.42,350.02
218.87,730.04,475.01
350.78,481.92,226.7
350.36,482.54,351.7
349.93,483.17,476.7
347.74,606.88,226.07
347.31,607.5,351.07
346.88,608.13,476.06
344.69,731.84,225.43
344.26,732.47,350.43
343.83,733.09,475.43
101.12,476.72,349.05
97.925,476.67,474.01
94.73,476.62,598.97
102.98,601.71,349.15
99.78,601.66,474.11
96.585,601.61,599.06
104.83,726.7,349.25
101.64,726.65,474.2
98.44,726.6,599.16
226.07,474.86,352.25
222.87,474.81,477.21
219.68,474.77,602.16
227.92,599.85,352.35
224.73,599.8,477.3
221.53,599.75,602.26
229.78,724.84,352.44
226.58,724.79,477.4
223.39,724.74,602.36
351.01,473.01,355.44
347.81,472.96,480.4
344.62,472.91,605.36
352.87,597.99,355.54
349.67,597.94,480.5
346.48,597.89,605.45
354.72,722.98,355.64
351.53,722.93,480.6
348.33,722.88,605.55
98.858,476.65,476.64
97.683,480.36,601.58
96.508,484.07,726.52
98.135,601.6,472.92
96.96,605.31,597.86
95.785,609.02,722.8
97.413,726.54,469.21
96.238,730.25,594.15
95.063,733.96,719.08
223.85,477.41,477.79
222.67,481.12,602.73
221.5,484.83,727.67
223.13,602.35,474.07
221.95,606.06,599.01
220.78,609.77,723.95
222.4,727.29,470.36
221.23,731,595.3
220.06,734.72,720.24
348.84,478.17,478.94
347.67,481.88,603.88
346.49,485.59,728.82
348.12,603.11,475.23
346.94,606.82,600.16
345.77,610.53,725.1
347.4,728.05,471.51
346.22,731.76,596.45
345.05,735.47,721.39
100.48,473.83,600.23
101.06,474.08,725.23
101.63,474.33,850.23
102.48,598.81,599.97
103.05,599.06,724.97
103.63,599.32,849.96
104.47,723.79,599.71
105.05,724.05,724.7
105.63,724.3,849.7
225.46,471.83,599.66
226.04,472.08,724.66
226.62,472.34,849.66
227.46,596.81,599.4
228.04,597.07,724.4
228.61,597.32,849.39
229.46,721.79,599.14
230.03,722.05,724.13
230.61,722.3,849.13
350.45,469.83,599.09
351.02,470.08,724.09
351.6,470.34,849.09
352.44,594.81,598.83
353.02,595.07,723.83
353.6,595.32,848.82
354.44,719.8,598.57
355.02,720.05,723.57
355.59,720.3,848.56
101.35,598.41,98.527
101.8,599.16,223.52
102.24,599.91,348.52
102.18,723.41,97.775
102.63,724.16,222.77
103.07,724.91,347.77
103.01,848.4,97.022
103.45,849.15,222.02
103.9,849.9,347.02
226.35,597.58,98.087
226.8,598.33,223.08
227.24,599.08,348.08
227.18,722.58,97.335
227.62,723.33,222.33
228.07,724.08,347.33
228.01,847.57,96.583
228.45,848.32,221.58
228.9,849.07,346.58
351.35,596.75,97.647
351.79,597.5,222.64
352.24,598.25,347.64
352.18,721.75,96.895
352.62,722.5,221.89
353.07,723.25,346.89
353,846.74,96.143
353.45,847.49,221.14
353.9,848.24,346.14
98.582,601.06,225.89
99.05,604.56,350.84
99.517,608.07,475.79
96.395,725.99,222.4
96.862,729.5,347.34
97.33,733,472.29
94.208,850.92,218.9
94.675,854.43,343.85
95.143,857.93,468.8
223.56,603.23,225.36
224.03,606.74,350.31
224.5,610.24,475.26
221.38,728.16,221.87
221.84,731.67,346.81
222.31,735.17,471.76
219.19,853.1,218.37
219.66,856.6,343.32
220.12,860.11,468.27
348.54,605.4,224.83
349.01,608.91,349.78
349.48,612.41,474.73
346.36,730.33,221.34
346.82,733.84,346.28
347.29,737.35,471.23
344.17,855.27,217.84
344.63,858.77,342.79
345.1,862.28,467.74
98.54,599.15,351.55
99.065,597.4,476.53
99.59,595.64,601.52
98.3,724.14,353.3
98.825,722.38,478.29
99.35,720.63,603.27
98.06,849.13,355.06
98.585,847.37,480.04
99.11,845.62,605.03
223.54,599.4,351.02
224.07,597.64,476.01
224.59,595.89,600.99
223.3,724.39,352.78
223.83,722.63,477.76
224.35,720.88,602.75
223.06,849.37,354.54
223.59,847.62,479.52
224.11,845.87,604.5
348.54,599.65,350.5
349.07,597.89,475.48
349.59,596.14,600.47
348.3,724.63,352.25
348.83,722.88,477.24
349.35,721.12,602.23
348.06,849.62,354.01
348.59,847.87,479
349.11,846.11,603.98
98.253,600.29,475.01
97.58,600.81,600
96.908,601.32,725
99.85,725.28,474.5
99.178,725.8,599.5
98.505,726.31,724.49
101.45,850.27,473.99
100.78,850.79,598.99
100.1,851.3,723.98
223.24,598.7,475.69
222.57,599.21,600.68
221.9,599.73,725.68
224.84,723.69,475.18
224.17,724.2,600.17
223.49,724.72,725.17
226.44,848.67,474.67
225.76,849.19,599.67
225.09,849.71,724.66
348.23,597.1,476.37
347.56,597.62,601.36
346.88,598.13,726.36
349.83,722.09,475.86
349.15,722.61,600.85
348.48,723.12,725.85
351.42,847.08,475.35
350.75,847.6,600.34
350.08,848.11,725.34
101.93,600.1,601.71
103.92,601.73,726.68
105.91,603.35,851.66
103.53,725.08,600.06
105.52,726.7,725.04
107.51,728.33,850.01
105.12,850.06,598.42
107.11,851.68,723.39
109.1,853.3,848.36
226.91,598.48,599.74
228.9,600.11,724.71
230.89,601.73,849.69
228.5,723.46,598.09
230.49,725.08,723.07
232.48,726.71,848.04
230.1,848.44,596.45
232.09,850.06,721.42
234.08,851.68,846.39
351.88,596.86,597.77
353.87,598.49,722.74
355.86,600.11,847.72
353.48,721.84,596.12
355.47,723.46,721.1
357.46,725.09,846.07
355.07,846.82,594.48
357.06,848.44,719.45
359.05,850.06,844.42
226.79,99.98,99.272
223.58,99.02,224.23
220.37,98.06,349.18
223.82,224.94,100.15
220.6,223.98,225.11
217.39,223.02,350.06
220.84,349.9,101.04
217.63,348.94,225.99
214.41,347.98,350.95
351.71,102.93,102.5
348.5,101.98,227.46
345.29,101.02,352.41
348.74,227.9,103.39
345.52,226.94,228.34
342.31,225.98,353.3
345.76,352.86,104.27
342.55,351.9,229.23
339.34,350.94,354.18
476.64,105.89,105.74
473.42,104.93,230.69
470.21,103.97,355.65
473.66,230.85,106.62
470.45,229.89,231.58
467.24,228.93,356.53
470.68,355.81,107.5
467.47,354.85,232.46
464.26,353.89,357.41
226.18,100.27,224.13
225.41,97.08,349.09
224.64,93.89,474.04
228.21,225.21,227.33
227.44,222.02,352.29
226.66,218.83,477.25
230.23,350.15,230.53
229.46,346.96,355.49
228.69,343.77,480.45
351.16,98.225,224.85
350.39,95.035,349.81
349.62,91.845,474.77
353.19,223.16,228.05
352.42,219.98,353.01
351.64,216.79,477.97
355.21,348.11,231.25
354.44,344.92,356.21
353.67,341.73,481.17
476.14,96.18,225.57
475.37,92.99,350.53
474.6,89.8,475.49
478.17,221.12,228.77
477.4,217.93,353.73
476.63,214.74,478.69
480.19,346.06,231.97
479.42,342.87,356.93
478.65,339.68,481.89
223.49,98.297,350.19
221.55,101.83,475.13
219.62,105.37,600.06
224.31,223.25,346.67
222.37,226.78,471.6
220.44,230.32,596.53
225.13,348.19,343.14
223.19,351.73,468.07
221.25,355.27,593.01
348.47,97.535,352.16
346.54,101.07,477.09
344.6,104.61,602.02
349.29,222.48,348.63
347.36,226.02,473.56
345.42,229.56,598.5
350.11,347.43,345.1
348.17,350.97,470.03
346.24,354.5,594.97
473.46,96.772,354.12
471.52,100.31,479.05
469.58,103.85,603.99
474.27,221.72,350.59
472.34,225.26,475.53
470.4,228.79,600.46
475.09,346.67,347.06
473.15,350.2,472
471.22,353.74,596.93
225.47,101.18,474.7
228.58,101.46,599.66
231.68,101.75,724.62
223.62,226.16,474.45
226.72,226.45,599.42
229.83,226.74,724.38
221.76,351.15,474.21
224.87,351.44,599.17
227.97,351.73,724.14
350.42,103.02,471.59
353.52,103.31,596.55
356.62,103.6,721.51
348.56,228.01,471.35
351.67,228.3,596.31
354.77,228.59,721.27
346.71,353,471.1
349.81,353.29,596.07
352.92,353.58,721.03
475.36,104.87,468.48
478.47,105.16,593.44
481.57,105.45,718.41
473.5,229.86,468.24
476.61,230.15,593.2
479.72,230.44,718.16
471.65,354.85,468
474.75,355.14,592.96
477.86,355.43,717.92
226.84,100.78,601.89
228.37,103.16,726.85
229.9,105.53,851.82
224.15,225.73,599.54
225.68,228.11,724.51
227.21,230.48,849.48
221.46,350.68,597.2
222.99,353.05,722.16
224.52,355.43,847.13
351.8,103.44,600.3
353.33,105.82,725.27
354.86,108.19,850.24
349.11,228.39,597.96
350.64,230.76,722.93
352.17,233.14,847.89
346.42,353.34,595.61
347.95,355.71,720.58
349.48,358.09,845.55
476.76,106.1,598.72
478.29,108.47,723.69
479.82,110.85,848.66
474.07,231.05,596.38
475.6,233.42,721.34
477.13,235.8,846.31
471.38,356,594.03
472.91,358.37,719
474.44,360.75,843.97
225.4,225.09,100.68
223.57,223.5,225.66
221.74,221.92,350.64
221.7,350.03,102.22
219.87,348.44,227.19
218.04,346.85,352.17
218.01,474.96,103.75
216.18,473.38,228.73
214.35,471.79,353.7
350.33,228.76,102.56
348.5,227.18,227.54
346.67,225.59,352.52
346.64,353.7,104.09
344.8,352.11,229.07
342.97,350.53,354.05
342.94,478.63,105.63
341.11,477.05,230.6
339.28,475.46,355.58
475.26,232.43,104.44
473.43,230.85,229.42
471.6,229.26,354.39
471.57,357.37,105.97
469.74,355.78,230.95
467.9,354.2,355.93
467.87,482.3,107.5
466.04,480.72,232.48
464.21,479.13,357.46
224.85,224.41,223.45
227.07,221.05,348.38
229.29,217.69,473.32
225.76,349.36,226.79
227.99,346,351.72
230.21,342.65,476.66
226.68,474.31,230.13
228.91,470.96,355.06
231.13,467.6,480
349.82,223.55,221.21
352.05,220.19,346.14
354.27,216.84,471.07
350.74,348.5,224.55
352.96,345.15,349.48
355.19,341.79,474.41
351.66,473.46,227.89
353.88,470.1,352.82
356.11,466.74,477.75
474.8,222.69,218.96
477.02,219.34,343.9
479.25,215.98,468.83
475.72,347.64,222.3
477.94,344.29,347.24
480.16,340.93,472.17
476.64,472.6,225.64
478.86,469.24,350.58
481.08,465.88,475.51
224.88,225.24,351.42
222.08,221.63,476.34
219.27,218.02,601.25
225.91,350.18,355.05
223.11,346.57,479.97
220.31,342.96,604.88
226.95,475.12,358.68
224.15,471.51,483.6
221.34,467.9,608.51
349.85,224.12,354.19
347.04,220.52,479.11
344.24,216.91,604.03
350.88,349.06,357.82
348.08,345.46,482.74
345.27,341.85,607.66
351.92,474.01,361.46
349.11,470.4,486.37
346.31,466.79,611.29
474.81,223.01,356.97
472,219.4,481.88
469.2,215.79,606.8
475.85,347.95,360.6
473.04,344.34,485.51
470.24,340.73,610.43
476.88,472.89,364.23
474.08,469.28,489.15
471.27,465.68,614.06
223.59,224.99,473.72
220.37,223.47,598.67
217.15,221.94,723.62
220.09,349.93,475.15
216.87,348.41,600.1
213.65,346.88,725.05
216.59,474.87,476.59
213.37,473.35,601.54
210.15,471.82,726.49
348.5,228.45,476.98
345.28,226.93,601.93
342.06,225.4,726.88
345,353.39,478.42
341.78,351.87,603.37
338.56,350.34,728.31
341.5,478.33,479.85
338.28,476.81,604.8
335.06,475.28,729.75
473.4,231.91,480.24
470.19,230.39,605.19
466.97,228.86,730.14
469.91,356.85,481.68
466.69,355.33,606.62
463.47,353.8,731.57
466.41,481.79,483.11
463.19,480.27,608.06
459.97,478.74,733.01
223.16,225.8,598
225.85,228.65,722.94
228.53,231.49,847.88
222.8,350.77,595.16
225.48,353.61,720.1
228.17,356.46,845.04
222.43,475.73,592.32
225.12,478.58,717.26
227.8,481.43,842.2
348.13,226.11,595.31
350.82,228.95,720.25
353.5,231.8,845.18
347.77,351.07,592.47
350.45,353.92,717.41
353.14,356.77,842.34
347.4,476.04,589.63
350.09,478.89,714.57
352.77,481.74,839.5
473.1,226.41,592.62
475.79,229.26,717.55
478.47,232.11,842.49
472.74,351.38,589.78
475.42,354.23,714.71
478.11,357.08,839.65
472.37,476.35,586.94
475.06,479.2,711.88
477.74,482.04,836.81
225.36,349.57,100.77
225.69,349.45,225.77
226.01,349.32,350.77
222.81,474.55,100.9
223.13,474.42,225.9
223.46,474.29,350.9
220.25,599.52,101.04
220.58,599.4,226.04
220.91,599.27,351.04
350.33,352.12,100.44
350.66,352,225.44
350.99,351.87,350.44
347.78,477.1,100.58
348.11,476.97,225.58
348.43,476.85,350.58
345.23,602.08,100.72
345.55,601.95,225.72
345.88,601.82,350.71
475.31,354.68,100.12
475.63,354.55,225.12
475.96,354.42,350.12
472.75,479.65,100.26
473.08,479.52,225.26
473.41,479.4,350.26
470.2,604.63,100.39
470.53,604.5,225.39
470.85,604.37,350.39
224.14,348.53,226.76
222.82,347.28,351.74
221.5,346.02,476.73
222.5,473.52,228
221.18,472.26,352.98
219.86,471,477.97
220.85,598.5,229.24
219.54,597.24,354.22
218.22,595.98,479.21
349.12,350.16,228.09
347.8,348.91,353.08
346.49,347.65,478.06
347.48,475.15,229.33
346.16,473.89,354.32
344.84,472.63,479.3
345.84,600.13,230.57
344.52,598.87,355.56
343.2,597.61,480.54
474.1,351.79,229.43
472.79,350.54,354.41
471.47,349.28,479.4
472.46,476.78,230.67
471.14,475.52,355.65
469.83,474.26,480.64
470.82,601.76,231.91
469.5,600.5,356.89
468.18,599.24,481.88
224.09,350.13,350.79
225.88,353.01,475.74
227.67,355.89,600.7
227.8,475.04,347.86
229.58,477.92,472.81
231.37,480.8,597.77
231.5,599.95,344.93
233.29,602.83,469.88
235.08,605.71,594.83
349.02,346.39,349.09
350.81,349.27,474.04
352.6,352.15,598.99
352.73,471.3,346.16
354.52,474.18,471.11
356.3,477.06,596.06
356.43,596.21,343.22
358.22,599.09,468.18
360.01,601.97,593.13
473.95,342.64,347.38
475.74,345.52,472.34
477.53,348.4,597.29
477.66,467.55,344.45
479.45,470.43,469.41
481.24,473.31,594.36
481.36,592.46,341.52
483.15,595.34,466.47
484.94,598.22,591.43
226.55,351.26,476.61
223.26,349.84,601.55
219.97,348.41,726.5
224.88,476.24,477.99
221.59,474.82,602.94
218.3,473.39,727.88
223.22,601.22,479.37
219.93,599.8,604.32
216.64,598.37,729.27
351.49,352.88,479.92
348.2,351.46,604.86
344.91,350.04,729.81
349.83,477.86,481.3
346.54,476.44,606.25
343.25,475.02,731.19
348.17,602.84,482.68
344.88,601.42,607.63
341.58,600,732.58
476.44,354.51,483.23
473.15,353.08,608.17
469.86,351.66,733.12
474.78,479.49,484.61
471.49,478.06,609.56
468.19,476.64,734.5
473.11,604.47,485.99
469.82,603.04,610.94
466.53,601.62,735.89
225.49,349.19,601.46
223.92,347.03,726.44
222.35,344.86,851.41
222.07,474.13,603.59
220.5,471.96,728.56
218.93,469.8,853.53
218.65,599.07,605.71
217.08,596.9,730.68
215.51,594.73,855.66
350.43,352.58,603.09
348.86,350.42,728.06
347.29,348.25,853.03
347.01,477.52,605.22
345.44,475.35,730.19
343.87,473.19,855.16
343.59,602.45,607.34
342.02,600.29,732.31
340.46,598.12,857.28
475.37,355.97,604.72
473.8,353.8,729.69
472.23,351.64,854.66
471.95,480.91,606.84
470.38,478.74,731.82
468.81,476.57,856.79
468.54,605.84,608.97
466.97,603.68,733.94
465.4,601.51,858.91
223.29,474.15,101.99
223.98,470.87,226.94
224.67,467.59,351.9
222.36,599.1,105.27
223.05,595.82,230.23
223.74,592.54,355.18
221.43,724.05,108.56
222.12,720.77,233.51
222.81,717.49,358.47
348.29,475.09,101.32
348.98,471.81,226.28
349.67,468.54,351.23
347.36,600.05,104.61
348.05,596.77,229.56
348.74,593.49,354.52
346.43,725,107.89
347.12,721.72,232.85
347.81,718.44,357.8
473.28,476.04,100.66
473.97,472.76,225.62
474.66,469.48,350.57
472.35,600.99,103.95
473.04,597.71,228.9
473.73,594.43,353.86
471.42,725.95,107.23
472.11,722.67,232.19
472.8,719.39,357.14
226.83,473.29,224.99
223.38,474.66,349.93
219.92,476.02,474.88
228.76,598.27,223.67
225.31,599.63,348.62
221.85,601,473.56
230.69,723.24,222.36
227.23,724.61,347.3
223.78,725.98,472.25
351.77,471.4,228.47
348.31,472.76,353.41
344.86,474.13,478.36
353.7,596.37,227.15
350.24,597.74,352.1
346.79,599.11,477.04
355.62,721.35,225.84
352.17,722.72,350.78
348.72,724.09,475.73
476.71,469.5,231.94
473.25,470.87,356.89
469.8,472.24,481.83
478.63,594.48,230.63
475.18,595.85,355.57
471.73,597.22,480.52
480.56,719.46,229.31
477.11,720.83,354.26
473.65,722.19,479.2
224.26,476.45,350.32
221.16,478.45,475.26
218.06,480.46,600.21
224.79,601.43,348.33
221.69,603.44,473.27
218.59,605.44,598.22
225.32,726.41,346.34
222.22,728.42,471.29
219.12,730.42,596.23
349.22,475.97,353.43
346.12,477.97,478.37
343.02,479.98,603.31
349.75,600.95,351.44
346.65,602.95,476.38
343.55,604.96,601.32
350.28,725.93,349.45
347.18,727.94,474.39
344.08,729.94,599.34
474.18,475.48,356.53
471.08,477.49,481.48
467.98,479.49,606.42
474.71,600.47,354.54
471.61,602.47,479.49
468.51,604.48,604.43
475.24,725.45,352.55
472.14,727.45,477.5
469.04,729.46,602.44
226.3,474.79,474.82
225.88,476.73,599.8
225.46,478.67,724.78
226.22,599.78,472.87
225.81,601.72,597.86
225.39,603.66,722.84
226.15,724.76,470.93
225.74,726.7,595.91
225.32,728.64,720.9
351.3,474.87,475.23
350.88,476.81,600.22
350.46,478.75,725.2
351.23,599.86,473.29
350.81,601.8,598.27
350.39,603.74,723.26
351.15,724.84,471.35
350.74,726.78,596.33
350.32,728.72,721.31
476.3,474.95,475.65
475.88,476.89,600.63
475.46,478.83,725.62
476.23,599.93,473.71
475.81,601.88,598.69
475.39,603.82,723.67
476.15,724.92,471.76
475.74,726.86,596.75
475.32,728.8,721.73
223.09,474.27,601.34
220.25,475.24,726.3
217.4,476.21,851.27
220.93,599.25,600.32
218.08,600.22,725.28
215.24,601.19,850.25
218.77,724.23,599.3
215.92,725.2,724.27
213.07,726.17,849.23
348.04,476.46,604.17
345.19,477.43,729.13
342.35,478.4,854.1
345.88,601.43,603.15
343.03,602.4,728.11
340.18,603.37,853.08
343.72,726.41,602.13
340.87,727.38,727.09
338.02,728.35,852.06
472.99,478.64,607
470.14,479.61,731.96
467.29,480.58,856.92
470.82,603.62,605.98
467.98,604.59,730.94
465.13,605.56,855.91
468.66,728.59,604.96
465.82,729.56,729.92
462.97,730.53,854.89
225.27,601.88,101.32
226.78,604.28,226.29
228.3,606.68,351.25
226,726.86,98.911
227.52,729.26,223.88
229.03,731.66,348.84
226.73,851.83,96.5
228.25,854.23,221.47
229.76,856.63,346.43
350.25,601.12,99.821
351.77,603.52,224.79
353.29,605.92,349.75
350.99,726.1,97.41
352.5,728.5,222.38
354.02,730.89,347.34
351.72,851.07,94.999
353.24,853.47,219.97
354.75,855.87,344.93
475.24,600.36,98.32
476.76,602.76,223.29
478.27,605.16,348.25
475.97,725.33,95.909
477.49,727.73,220.88
479,730.13,345.84
476.71,850.31,93.498
478.22,852.71,218.46
479.74,855.11,343.43
224.83,600.71,223.95
223.71,600.21,348.94
222.6,599.71,473.94
221.14,725.66,224.42
220.03,725.16,349.41
218.91,724.65,474.41
217.46,850.6,224.89
216.34,850.1,349.88
215.23,849.6,474.87
349.77,604.39,225.08
348.65,603.89,350.07
347.54,603.39,475.07
346.08,729.34,225.55
344.97,728.84,350.54
343.85,728.34,475.54
342.4,854.29,226.02
341.28,853.78,351.01
340.17,853.28,476.01
474.71,608.08,226.21
473.6,607.57,351.21
472.48,607.07,476.2
471.03,733.02,226.68
469.91,732.52,351.68
468.79,732.02,476.67
467.34,857.97,227.15
466.22,857.47,352.14
465.11,856.96,477.14
226.99,598.18,350.9
224.72,597.22,475.87
222.45,596.25,600.85
227.53,723.18,351.87
225.26,722.21,476.85
222.99,721.25,601.82
228.07,848.17,352.85
225.8,847.21,477.82
223.53,846.24,602.8
351.97,597.62,353.16
349.7,596.66,478.14
347.43,595.69,603.11
352.51,722.61,354.14
350.24,721.65,479.12
347.97,720.69,604.09
353.05,847.61,355.12
350.78,846.65,480.09
348.51,845.68,605.07
476.94,597.06,355.43
474.67,596.09,480.41
472.4,595.13,605.38
477.49,722.05,356.41
475.22,721.09,481.38
472.94,720.13,606.36
478.03,847.05,357.38
475.76,846.08,482.36
473.49,845.12,607.33
224.06,599.89,475.02
220.42,598.3,599.95
216.77,596.71,724.89
224.99,724.88,476.64
221.35,723.29,601.58
217.7,721.69,726.51
225.92,849.86,478.26
222.27,848.27,603.2
218.63,846.68,728.13
349,598.91,478.65
345.36,597.32,603.59
341.72,595.73,728.52
349.93,723.9,480.27
346.29,722.31,605.21
342.64,720.72,730.14
350.86,848.89,481.89
347.22,847.3,606.83
343.57,845.7,731.76
473.95,597.94,482.28
470.3,596.35,607.22
466.66,594.75,732.15
474.88,722.92,483.9
471.23,721.33,608.84
467.59,719.74,733.77
475.8,847.91,485.52
472.16,846.32,610.46
468.51,844.73,735.39
224.29,599.95,599.29
222.87,597.43,724.25
221.45,594.9,849.22
225.27,724.92,601.83
223.85,722.4,726.79
222.42,719.87,851.76
226.24,849.89,604.36
224.82,847.37,729.33
223.4,844.84,854.3
349.28,598.95,600.69
347.86,596.43,725.66
346.44,593.9,850.62
350.25,723.92,603.23
348.83,721.4,728.19
347.41,718.87,853.16
351.23,848.89,605.77
349.81,846.37,730.73
348.39,843.84,855.7
474.27,597.95,602.09
472.85,595.42,727.06
471.43,592.9,852.03
475.24,722.92,604.63
473.82,720.39,729.6
472.4,717.87,854.56
476.22,847.89,607.17
474.8,845.37,732.14
473.38,842.84,857.1
348.83,99.733,99.81
352.52,98.025,224.74
356.21,96.318,349.68
350.8,224.71,101.46
354.5,223,226.39
358.19,221.29,351.33
352.78,349.68,103.11
356.47,347.97,228.05
360.16,346.26,352.98
473.76,97.81,96.094
477.45,96.102,221.03
481.14,94.395,345.96
475.73,222.78,97.745
479.43,221.08,222.68
483.12,219.37,347.61
477.71,347.76,99.396
481.4,346.05,224.33
485.09,344.34,349.26
598.69,95.887,92.378
602.38,94.18,217.31
606.07,92.472,342.24
600.66,220.86,94.029
604.36,219.15,218.96
608.05,217.44,343.9
602.64,345.83,95.68
606.33,344.13,220.61
610.02,342.42,345.55
350.05,99.8,223.13
350.78,103.41,348.07
351.51,107.01,473.02
351.5,224.74,219.51
352.23,228.35,344.46
352.96,231.95,469.4
352.95,349.68,215.9
353.68,353.29,340.84
354.41,356.89,465.79
475.04,98.33,222.44
475.77,101.94,347.38
476.5,105.54,472.33
476.49,223.27,218.82
477.22,226.88,343.77
477.95,230.48,468.71
477.94,348.21,215.21
478.67,351.82,340.15
479.4,355.42,465.1
600.03,96.86,221.75
600.76,100.46,346.69
601.49,104.07,471.64
601.48,221.8,218.14
602.21,225.41,343.08
602.94,229.01,468.02
602.93,346.74,214.52
603.66,350.35,339.46
604.39,353.95,464.41
348.43,101.49,349.19
351.1,99.615,474.15
353.78,97.74,599.11
348.05,226.48,351.08
350.73,224.6,476.03
353.4,222.73,600.99
347.67,351.46,352.96
350.35,349.59,477.92
353.02,347.71,602.88
473.4,101.91,346.52
476.08,100.04,471.48
478.75,98.16,596.43
473.02,226.9,348.41
475.7,225.02,473.36
478.37,223.15,598.32
472.64,351.88,350.29
475.32,350.01,475.25
477.99,348.13,600.2
598.37,102.33,343.85
601.05,100.45,468.8
603.72,98.58,593.76
597.99,227.31,345.73
600.67,225.44,470.69
603.34,223.57,595.65
597.61,352.3,347.62
600.29,350.43,472.58
602.97,348.55,597.53
349.61,99.01,475.05
350.79,100.76,600.03
351.97,102.51,725.02
346.78,223.97,473.33
347.96,225.72,598.31
349.14,227.47,723.29
343.95,348.92,471.61
345.13,350.67,596.59
346.31,352.42,721.57
474.57,101.82,473.83
475.75,103.57,598.81
476.93,105.32,723.8
471.74,226.78,472.11
472.92,228.53,597.09
474.1,230.28,722.07
468.91,351.73,470.39
470.09,353.48,595.37
471.27,355.23,720.35
599.53,104.63,472.61
600.71,106.38,597.59
601.89,108.13,722.58
596.7,229.59,470.89
597.88,231.34,595.87
599.06,233.09,720.86
593.87,354.54,469.17
595.05,356.29,594.15
596.23,358.04,719.13
351.48,100.26,598.94
347.72,97.899,723.86
343.95,95.54,848.78
353.59,225.22,601.36
349.83,222.86,726.28
346.07,220.5,851.2
355.71,350.18,603.78
351.94,347.82,728.7
348.18,345.46,853.62
476.4,98.069,602.66
472.64,95.71,727.58
468.88,93.351,852.5
478.52,223.03,605.08
474.75,220.67,730
470.99,218.31,854.92
480.63,347.99,607.5
476.87,345.63,732.42
473.11,343.27,857.35
601.33,95.88,606.39
597.56,93.521,731.31
593.8,91.163,856.23
603.44,220.84,608.81
599.68,218.48,733.73
595.91,216.12,858.65
605.56,345.8,611.23
601.79,343.44,736.15
598.03,341.08,861.07
348.64,223.12,99.117
347.26,222.6,224.11
345.88,222.09,349.1
348.94,348.12,99.635
347.56,347.6,224.63
346.18,347.09,349.62
349.25,473.12,100.15
347.87,472.6,225.14
346.49,472.09,350.14
473.63,222.81,100.5
472.25,222.3,225.49
470.87,221.78,350.48
473.94,347.81,101.01
472.55,347.29,226.01
471.17,346.78,351
474.24,472.81,101.53
472.86,472.29,226.52
471.48,471.78,351.52
598.62,222.5,101.88
597.24,221.99,226.87
595.86,221.47,351.86
598.93,347.5,102.4
597.55,346.99,227.39
596.16,346.47,352.38
599.23,472.5,102.91
597.85,471.98,227.91
596.47,471.47,352.9
351.86,225.71,225.95
348.44,224.75,350.9
345.02,223.8,475.85
353.79,350.69,226.96
350.37,349.74,351.91
346.95,348.78,476.86
355.71,475.67,227.97
352.29,474.72,352.92
348.87,473.76,477.87
476.8,223.75,229.36
473.38,222.8,354.3
469.96,221.85,479.25
478.72,348.74,230.37
475.3,347.78,355.31
471.88,346.83,480.26
480.65,473.72,231.38
477.23,472.77,356.32
473.81,471.81,481.27
601.73,221.8,232.76
598.31,220.85,357.71
594.89,219.89,482.66
603.66,346.78,233.77
600.24,345.83,358.72
596.82,344.88,483.67
605.59,471.77,234.78
602.17,470.81,359.73
598.75,469.86,484.68
351.49,224.68,351.73
354.39,222.23,476.67
357.29,219.77,601.61
350.62,349.65,354.2
353.52,347.2,479.14
356.42,344.75,604.09
349.74,474.62,356.68
352.64,472.17,481.62
355.54,469.72,606.56
476.45,225.61,348.85
479.36,223.16,473.79
482.26,220.7,598.73
475.58,350.58,351.32
478.48,348.13,476.26
481.38,345.68,601.2
474.7,475.55,353.8
477.61,473.1,478.74
480.51,470.65,603.68
601.42,226.54,345.96
604.32,224.08,470.91
607.22,221.63,595.85
600.54,351.51,348.44
603.44,349.06,473.38
606.35,346.61,598.32
599.67,476.48,350.91
602.57,474.03,475.86
605.47,471.58,600.8
349.9,223.22,475.89
349.98,219.97,600.85
350.05,216.71,725.81
352.72,348.15,479.15
352.8,344.89,604.1
352.87,341.64,729.06
355.54,473.07,482.4
355.61,469.82,607.36
355.69,466.56,732.32
474.87,220.41,475.74
474.95,217.15,600.7
475.02,213.9,725.66
477.69,345.33,479
477.76,342.08,603.96
477.84,338.82,728.91
480.51,470.25,482.25
480.58,467,607.21
480.66,463.75,732.17
599.84,217.59,475.6
599.91,214.33,600.55
599.99,211.08,725.51
602.65,342.51,478.85
602.73,339.26,603.81
602.81,336,728.77
605.47,467.44,482.1
605.55,464.18,607.06
605.62,460.93,732.02
351.05,225.01,599.25
347.61,228.21,724.16
344.17,231.41,849.07
349.99,349.96,596.02
346.55,353.16,720.93
343.11,356.37,845.84
348.93,474.91,592.79
345.49,478.12,717.7
342.05,481.32,842.61
476,226.15,602.66
472.56,229.36,727.58
469.12,232.56,852.49
474.94,351.11,599.43
471.5,354.31,724.34
468.06,357.52,849.25
473.88,476.06,596.2
470.44,479.27,721.11
467,482.47,846.02
600.95,227.3,606.08
597.5,230.51,730.99
594.06,233.71,855.9
599.89,352.26,602.85
596.45,355.46,727.76
593,358.66,852.67
598.83,477.21,599.62
595.38,480.41,724.53
591.94,483.62,849.44
348.25,350.04,100.12
349.29,353.11,225.08
350.32,356.19,350.04
346.64,474.99,97.06
347.67,478.07,222.02
348.71,481.14,346.97
345.02,599.94,93.998
346.06,603.02,218.95
347.1,606.09,343.91
473.23,351.62,99.045
474.27,354.7,224
475.31,357.78,348.96
471.62,476.58,95.983
472.66,479.65,220.94
473.7,482.73,345.9
470.01,601.53,92.92
471.05,604.6,217.88
472.08,607.68,342.83
598.22,353.21,97.968
599.26,356.29,222.93
600.29,359.36,347.88
596.61,478.16,94.905
597.64,481.24,219.86
598.68,484.31,344.82
594.99,603.11,91.843
596.03,606.19,216.8
597.07,609.27,341.76
351.63,350.96,226.5
347.97,348.45,351.42
344.3,345.94,476.34
354.36,475.91,229.09
350.69,473.39,354.01
347.03,470.88,478.93
357.08,600.85,231.68
353.42,598.34,356.6
349.75,595.82,481.53
476.54,348.16,230.11
472.88,345.65,355.03
469.22,343.14,479.95
479.27,473.11,232.7
475.61,470.59,357.62
471.94,468.08,482.54
482,598.05,235.29
478.33,595.54,360.21
474.67,593.02,485.14
601.46,345.36,233.72
597.79,342.85,358.64
594.13,340.34,483.56
604.18,470.3,236.31
600.52,467.79,361.23
596.86,465.28,486.15
606.91,595.25,238.9
603.25,592.74,363.83
599.58,590.22,488.75
348.14,351.54,351.24
349.86,353.08,476.22
351.59,354.63,601.2
347.26,476.53,349.71
348.99,478.07,474.69
350.71,479.61,599.67
346.38,601.52,348.18
348.11,603.06,473.16
349.83,604.6,598.14
473.12,352.4,349.5
474.85,353.94,474.48
476.57,355.48,599.46
472.24,477.39,347.98
473.97,478.93,472.95
475.69,480.47,597.93
471.37,602.38,346.45
473.09,603.92,471.43
474.82,605.46,596.4
598.11,353.26,347.77
599.83,354.8,472.75
601.56,356.34,597.73
597.23,478.25,346.24
598.95,479.79,471.22
600.68,481.33,596.2
596.35,603.24,344.71
598.08,604.78,469.69
599.8,606.32,594.67
348.56,349.37,474.34
347.59,346.16,599.29
346.63,342.96,724.25
351.4,474.3,477.57
350.43,471.09,602.52
349.46,467.88,727.48
354.23,599.22,480.8
353.27,596.02,605.75
352.3,592.81,730.71
473.52,346.51,475.23
472.56,343.31,600.19
471.59,340.1,725.14
476.36,471.44,478.47
475.39,468.23,603.42
474.43,465.03,728.37
479.19,596.36,481.7
478.23,593.16,606.65
477.26,589.95,731.61
598.49,343.65,476.13
597.52,340.45,601.09
596.55,337.24,726.04
601.32,468.58,479.36
600.36,465.37,604.32
599.39,462.17,729.27
604.16,593.5,482.59
603.19,590.3,607.55
602.22,587.09,732.5
350.32,348.24,599.3
349.14,348.76,724.29
347.96,349.27,849.29
349.42,473.24,598.78
348.24,473.75,723.77
347.06,474.26,848.77
348.52,598.23,598.26
347.34,598.75,723.25
346.16,599.26,848.25
475.31,349.14,600.48
474.13,349.66,725.47
472.95,350.17,850.46
474.41,474.14,599.96
473.23,474.65,724.95
472.05,475.17,849.94
473.51,599.13,599.44
472.33,599.65,724.43
471.15,600.16,849.42
600.3,350.05,601.65
599.12,350.56,726.65
597.94,351.07,851.64
599.4,475.04,601.13
598.22,475.55,726.13
597.04,476.07,851.12
598.5,600.04,600.61
597.32,600.55,725.61
596.14,601.06,850.6
348.46,474.12,101.25
347.57,475.62,226.23
346.68,477.12,351.22
349.45,599.11,99.752
348.56,600.61,224.74
347.67,602.11,349.73
350.44,724.1,98.257
349.55,725.6,223.24
348.66,727.1,348.23
473.46,473.14,102.15
472.57,474.64,227.14
471.67,476.14,352.12
474.44,598.13,100.66
473.55,599.63,225.64
472.66,601.13,350.63
475.43,723.12,99.16
474.54,724.62,224.15
473.65,726.12,349.13
598.45,472.16,103.05
597.56,473.66,228.04
596.67,475.16,353.03
599.44,597.15,101.56
598.55,598.65,226.54
597.66,600.15,351.53
600.43,722.14,100.06
599.54,723.64,225.05
598.64,725.14,350.04
351.24,475.6,226.82
352.78,478.75,351.77
354.31,481.89,476.72
350.63,600.56,223.68
352.16,603.71,348.63
353.7,606.85,473.58
350.01,725.52,220.55
351.54,728.67,345.5
353.08,731.81,470.45
476.23,476.18,225.27
477.77,479.32,350.22
479.3,482.47,475.17
475.61,601.14,222.13
477.15,604.29,347.08
478.68,607.43,472.03
475,726.1,219
476.53,729.25,343.95
478.06,732.39,468.9
601.22,476.76,223.72
602.75,479.9,348.67
604.29,483.05,473.62
600.6,601.72,220.58
602.13,604.87,345.53
603.67,608.01,470.48
599.98,726.68,217.45
601.52,729.83,342.4
603.05,732.97,467.35
349.53,473.46,349.11
347.74,473.6,474.09
345.95,473.73,599.08
350.31,598.46,348.98
348.52,598.59,473.97
346.72,598.73,598.95
351.09,723.45,348.85
349.3,723.59,473.84
347.5,723.73,598.83
474.52,472.68,350.9
472.72,472.82,475.89
470.93,472.96,600.88
475.3,597.68,350.78
473.5,597.82,475.76
471.71,597.95,600.75
476.07,722.67,350.65
474.28,722.81,475.64
472.49,722.95,600.62
599.5,471.9,352.7
597.71,472.04,477.69
595.91,472.18,602.67
600.28,596.9,352.57
598.49,597.04,477.56
596.69,597.17,602.55
601.06,721.9,352.44
599.26,722.03,477.43
597.47,722.17,602.42
349.92,475.26,474.43
346.92,477.76,599.37
343.92,480.25,724.31
350.19,600.24,471.94
347.19,602.73,596.88
344.19,605.23,721.82
350.46,725.21,469.45
347.46,727.71,594.39
344.46,730.2,719.33
474.88,475.05,477.43
471.89,477.55,602.37
468.89,480.04,727.31
475.16,600.02,474.94
472.16,602.52,599.88
469.16,605.02,724.82
475.43,725,472.45
472.43,727.5,597.39
469.43,729.99,722.33
599.85,474.84,480.43
596.85,477.33,605.37
593.85,479.83,730.31
600.12,599.81,477.94
597.12,602.31,602.88
594.12,604.81,727.82
600.39,724.79,475.46
597.39,727.28,600.4
594.39,729.78,725.34
348.56,473.12,601.5
351.4,475.38,726.45
354.23,477.63,851.4
346.16,598.08,599.3
349,600.33,724.25
351.83,602.59,849.2
343.76,723.03,597.09
346.59,725.29,722.04
349.43,727.55,846.99
473.51,475.47,598.63
476.34,477.73,723.57
479.17,479.98,848.52
471.1,600.43,596.42
473.94,602.68,721.37
476.77,604.94,846.32
468.7,725.38,594.22
471.54,727.64,719.17
474.37,729.9,844.12
598.45,477.82,595.75
601.28,480.08,720.7
604.12,482.34,845.65
596.05,602.78,593.55
598.88,605.04,718.49
601.72,607.29,843.44
593.65,727.74,591.34
596.48,729.99,716.29
599.32,732.25,841.24
348.59,600.23,100.1
346.57,598.05,225.06
344.56,595.87,350.03
346.99,725.2,102.25
344.98,723.02,227.22
342.97,720.84,352.18
345.4,850.17,104.41
343.39,847.99,229.37
341.37,845.81,354.34
473.56,601.78,102.14
471.55,599.61,227.1
469.53,597.43,352.07
471.97,726.76,104.3
469.95,724.58,229.26
467.94,722.4,354.22
470.37,851.73,106.45
468.36,849.55,231.41
466.35,847.37,356.38
598.53,603.34,104.18
596.52,601.16,229.15
594.51,598.98,354.11
596.94,728.31,106.34
594.93,726.13,231.3
592.91,723.96,356.26
595.35,853.29,108.49
593.33,851.11,233.46
591.32,848.93,358.42
349.94,600.68,223.74
346.67,603.99,348.65
343.39,607.3,473.57
349.92,725.63,220.43
346.64,728.94,345.34
343.37,732.25,470.25
349.89,850.59,217.11
346.61,853.9,342.03
343.34,857.21,466.94
474.9,600.79,227.01
471.62,604.1,351.93
468.35,607.41,476.84
474.87,725.75,223.7
471.6,729.06,348.61
468.32,732.37,473.53
474.84,850.7,220.39
471.57,854.01,345.3
468.29,857.33,470.21
599.86,600.91,230.29
596.58,604.22,355.2
593.31,607.53,480.11
599.83,725.86,226.97
596.55,729.17,351.89
593.28,732.49,476.8
599.8,850.82,223.66
596.53,854.13,348.57
593.25,857.44,473.49
349.1,599.74,350.9
350.79,595.99,475.83
352.48,592.23,600.76
352.24,724.64,354.61
353.93,720.89,479.54
355.62,717.14,604.47
355.38,849.55,358.32
357.07,845.8,483.25
358.76,842.04,608.18
474.05,596.65,349.11
475.74,592.89,474.04
477.43,589.14,598.98
477.19,721.55,352.82
478.88,717.8,477.76
480.57,714.05,602.69
480.33,846.46,356.54
482.02,842.71,481.47
483.71,838.95,606.4
598.99,593.56,347.33
600.69,589.8,472.26
602.38,586.05,597.19
602.13,718.46,351.04
603.83,714.71,475.97
605.52,710.96,600.9
605.27,843.37,354.75
606.97,839.61,479.68
608.66,835.86,604.61
348.69,599.69,474.98
346.35,603.33,599.9
344.01,606.97,724.83
345.88,724.61,471.28
343.53,728.25,596.21
341.19,731.89,721.13
343.06,849.52,467.59
340.72,853.16,592.52
338.37,856.8,717.44
473.64,602.58,477.24
471.3,606.22,602.16
468.96,609.86,727.08
470.82,727.49,473.54
468.48,731.13,598.47
466.14,734.77,723.39
468.01,852.41,469.85
465.66,856.05,594.78
463.32,859.69,719.7
598.59,605.46,479.49
596.25,609.1,604.42
593.9,612.74,729.34
595.77,730.38,475.8
593.43,734.02,600.73
591.09,737.66,725.65
592.95,855.29,472.11
590.61,858.93,597.03
588.27,862.57,721.96
350.44,600.11,599.11
354.07,602.86,724.02
357.71,605.62,848.94
347.93,725.05,596.42
351.57,727.81,721.34
355.2,730.56,846.26
345.43,850,593.74
349.06,852.75,718.66
352.7,855.51,843.57
475.36,602.53,595.42
479,605.29,720.33
482.63,608.04,845.25
472.85,727.48,592.73
476.49,730.23,717.65
480.12,732.99,842.56
470.35,852.43,590.05
473.98,855.18,714.97
477.62,857.93,839.88
600.28,604.96,591.73
603.92,607.71,716.64
607.55,610.47,841.56
597.77,729.91,589.04
601.41,732.66,713.96
605.05,735.41,838.87
595.27,854.85,586.36
598.9,857.61,711.27
602.54,860.36,836.19
473.03,101.01,98.502
473.13,101.78,223.5
473.24,102.54,348.5
472.06,226.01,97.74
472.17,226.77,222.74
472.27,227.54,347.73
471.09,351,96.977
471.2,351.77,221.97
471.3,352.53,346.97
598.02,101.97,98.392
598.13,102.74,223.39
598.24,103.51,348.39
597.06,226.97,97.63
597.16,227.74,222.63
597.27,228.5,347.62
596.09,351.97,96.868
596.2,352.73,221.86
596.3,353.5,346.86
723.02,102.94,98.282
723.13,103.7,223.28
723.23,104.47,348.28
722.06,227.93,97.52
722.16,228.7,222.52
722.27,229.47,347.51
721.09,352.93,96.758
721.19,353.69,221.75
721.3,354.46,346.75
473.48,100.36,226.18
473.79,99.38,351.17
474.11,98.403,476.17
471.68,225.34,227.16
472,224.36,352.15
472.31,223.39,477.15
469.88,350.32,228.14
470.19,349.35,353.13
470.51,348.37,478.13
598.46,102.16,225.88
598.78,101.18,350.87
599.1,100.21,475.87
596.66,227.14,226.86
596.98,226.17,351.85
597.3,225.19,476.85
594.86,352.12,227.84
595.18,351.15,352.83
595.5,350.17,477.83
723.45,103.96,225.58
723.76,102.98,350.57
724.08,102.01,475.57
721.65,228.94,226.56
721.97,227.97,351.55
722.28,226.99,476.55
719.85,353.93,227.54
720.16,352.95,352.53
720.48,351.97,477.53
476.69,101.32,349.38
475.12,101.86,474.37
473.55,102.4,599.36
476.53,226.32,348.84
474.96,226.86,473.83
473.39,227.4,598.82
476.37,351.32,348.3
474.8,351.86,473.29
473.23,352.4,598.27
601.68,101.49,350.95
600.11,102.03,475.93
598.54,102.57,600.92
601.52,226.49,350.4
599.95,227.03,475.39
598.38,227.57,600.38
601.36,351.49,349.86
599.79,352.03,474.85
598.22,352.57,599.84
726.67,101.65,352.51
725.1,102.19,477.5
723.53,102.73,602.49
726.51,226.65,351.97
724.94,227.19,476.96
723.37,227.73,601.95
726.35,351.65,351.43
724.78,352.19,476.42
723.21,352.73,601.41
474.41,101.51,473.16
472.36,99.29,598.13
470.3,97.07,723.09
472,226.47,475.34
469.95,224.25,600.3
467.9,222.03,725.27
469.6,351.43,477.52
467.55,349.21,602.48
465.49,346.99,727.45
599.37,103.88,475.26
597.32,101.66,600.22
595.26,99.44,725.19
596.97,228.84,477.44
594.91,226.62,602.4
592.86,224.4,727.37
594.56,353.8,479.62
592.5,351.58,604.58
590.45,349.36,729.55
724.33,106.25,477.36
722.27,104.03,602.32
720.22,101.81,727.29
721.92,231.21,479.54
719.87,228.99,604.5
717.82,226.77,729.47
719.52,356.17,481.72
717.46,353.95,606.68
715.41,351.73,731.64
475.81,101.86,601.16
472.44,100.83,726.11
469.06,99.8,851.06
472.06,226.8,602.08
468.68,225.77,727.03
465.31,224.74,851.98
468.3,351.74,603.01
464.93,350.71,727.96
461.55,349.68,852.91
600.71,105.59,604.56
597.34,104.56,729.51
593.96,103.53,854.46
596.96,230.53,605.49
593.58,229.5,730.44
590.21,228.47,855.39
593.2,355.47,606.42
589.83,354.44,731.37
586.45,353.41,856.32
725.61,109.32,607.97
722.24,108.29,732.92
718.86,107.26,857.87
721.86,234.26,608.9
718.48,233.23,733.85
715.11,232.2,858.8
718.1,359.2,609.83
714.73,358.17,734.78
711.35,357.14,859.73
475.65,223.99,98.88
472.89,224.38,223.85
470.12,224.76,348.82
476.99,348.98,98.525
474.23,349.37,223.49
471.46,349.76,348.46
478.33,473.97,98.17
475.56,474.36,223.14
472.8,474.75,348.11
600.61,222.66,101.65
597.85,223.05,226.62
595.08,223.43,351.59
601.95,347.65,101.3
599.19,348.04,226.26
596.42,348.43,351.23
603.29,472.64,100.94
600.53,473.03,225.91
597.76,473.42,350.88
725.57,221.33,104.42
722.81,221.71,229.39
720.04,222.1,354.36
726.91,346.32,104.07
724.15,346.71,229.04
721.38,347.1,354
728.25,471.31,103.71
725.49,471.7,228.68
722.72,472.09,353.65
475.71,224.77,225.99
478.3,224.86,350.96
480.88,224.95,475.93
475.88,349.77,225.89
478.47,349.86,350.86
481.05,349.95,475.83
476.05,474.77,225.79
478.63,474.86,350.76
481.22,474.95,475.74
600.68,224.6,223.4
603.27,224.69,348.37
605.86,224.78,473.35
600.85,349.6,223.3
603.44,349.69,348.28
606.03,349.78,473.25
601.02,474.6,223.21
603.61,474.69,348.18
606.19,474.78,473.15
725.66,224.43,220.82
728.24,224.52,345.79
730.83,224.62,470.76
725.83,349.43,220.72
728.41,349.52,345.69
731,349.62,470.66
726,474.43,220.62
728.58,474.52,345.6
731.17,474.62,470.57
476.84,225.44,349.55
474.24,225.52,474.52
471.63,225.6,599.49
476.55,350.44,349.46
473.95,350.52,474.44
471.35,350.6,599.41
476.27,475.44,349.38
473.66,475.52,474.36
471.06,475.6,599.33
601.81,225.73,352.15
599.21,225.81,477.12
596.61,225.89,602.1
601.53,350.73,352.07
598.92,350.81,477.04
596.32,350.89,602.02
601.24,475.73,351.99
598.64,475.81,476.96
596.03,475.89,601.93
726.79,226.02,354.76
724.18,226.1,479.73
721.58,226.17,604.7
726.5,351.02,354.68
723.89,351.1,479.65
721.29,351.17,604.62
726.21,476.02,354.59
723.61,476.1,479.57
721,476.17,604.54
473.47,223.19,475.22
471.13,221.79,600.19
468.79,220.39,725.16
476.24,348.15,476.66
473.9,346.75,601.63
471.56,345.36,726.6
479.01,473.11,478.11
476.67,471.72,603.08
474.33,470.32,728.05
598.42,220.39,477.53
596.08,218.99,602.49
593.74,217.6,727.46
601.19,345.35,478.97
598.85,343.96,603.94
596.51,342.56,728.91
603.96,470.32,480.42
601.62,468.92,605.39
599.28,467.52,730.36
723.37,217.59,479.83
721.03,216.19,604.8
718.69,214.8,729.77
726.14,342.56,481.28
723.8,341.16,606.25
721.46,339.76,731.22
728.91,467.52,482.73
726.57,466.12,607.7
724.23,464.72,732.67
473.19,224.6,599.74
472.98,225.14,724.74
472.76,225.69,849.74
473.41,349.59,599.19
473.19,350.14,724.19
472.98,350.69,849.19
473.63,474.59,598.64
473.41,475.14,723.64
473.19,475.69,848.64
598.19,224.38,599.96
597.98,224.93,724.96
597.76,225.48,849.96
598.41,349.38,599.41
598.19,349.93,724.41
597.98,350.48,849.41
598.62,474.38,598.86
598.41,474.93,723.86
598.19,475.47,848.86
723.19,224.16,600.18
722.97,224.71,725.18
722.76,225.26,850.18
723.41,349.16,599.63
723.19,349.71,724.63
722.97,350.26,849.63
723.62,474.16,599.08
723.41,474.71,724.08
723.19,475.26,849.08
475.54,348.37,100.47
473.79,349.86,225.45
472.04,351.34,350.43
476.26,473.36,98.995
474.51,474.85,223.97
472.76,476.33,348.95
476.99,598.35,97.52
475.24,599.84,222.5
473.49,601.32,347.48
600.53,347.67,102.23
598.77,349.15,227.21
597.02,350.64,352.19
601.25,472.66,100.75
599.5,474.14,225.73
597.75,475.63,350.71
601.97,597.65,99.28
600.22,599.13,224.26
598.47,600.62,349.24
725.51,346.96,103.99
723.76,348.45,228.97
722.01,349.94,353.95
726.24,471.95,102.52
724.49,473.44,227.49
722.73,474.93,352.47
726.96,596.94,101.04
725.21,598.43,226.02
723.46,599.92,351
476.38,350.41,226.48
480.03,348.53,351.41
483.67,346.64,476.34
477.69,475.39,228.33
481.33,473.51,353.26
484.98,471.62,478.19
478.99,600.37,230.18
482.64,598.49,355.11
486.28,596.6,480.04
601.32,349.16,222.81
604.97,347.28,347.74
608.61,345.39,472.67
602.62,474.14,224.67
606.27,472.26,349.59
609.92,470.37,474.52
603.93,599.12,226.52
607.58,597.24,351.44
611.22,595.35,476.37
726.26,347.91,219.15
729.91,346.02,344.08
733.55,344.14,469.01
727.57,472.89,221
731.21,471,345.93
734.86,469.12,470.86
728.87,597.87,222.85
732.51,595.99,347.78
736.16,594.1,472.71
474.42,349.15,351.14
476.87,346.76,476.09
479.32,344.37,601.04
472.46,474.11,353.57
474.91,471.72,478.52
477.37,469.33,603.47
470.5,599.07,356
472.96,596.68,480.95
475.41,594.29,605.9
599.38,351.16,348.73
601.83,348.77,473.68
604.29,346.38,598.63
597.42,476.12,351.16
599.88,473.73,476.11
602.33,471.34,601.06
595.47,601.08,353.59
597.92,598.69,478.54
600.37,596.3,603.49
724.34,353.17,346.31
726.79,350.78,471.27
729.25,348.39,596.22
722.38,478.13,348.74
724.84,475.74,473.7
727.29,473.35,598.65
720.43,603.09,351.17
722.88,600.7,476.13
725.33,598.31,601.08
474.04,349.89,475.07
475.49,351.73,600.05
476.95,353.57,725.02
471.55,474.85,473.26
473.01,476.69,598.23
474.47,478.54,723.21
469.07,599.81,471.44
470.53,601.66,596.42
471.98,603.5,721.39
599,352.35,473.58
600.46,354.19,598.55
601.92,356.04,723.53
596.52,477.31,471.76
597.98,479.16,596.74
599.43,481,721.72
594.04,602.28,469.95
595.49,604.12,594.93
596.95,605.96,719.9
723.97,354.81,472.09
725.43,356.65,597.06
726.88,358.5,722.04
721.49,479.77,470.27
722.94,481.62,595.25
724.4,483.46,720.23
719,604.74,468.46
720.46,606.58,593.44
721.91,608.42,718.41
476.25,349.33,600.15
474.36,351.29,725.12
472.46,353.24,850.09
474.27,474.3,598.16
472.38,476.25,723.13
470.48,478.21,848.1
472.29,599.27,596.18
470.39,601.22,721.15
468.5,603.17,846.12
601.22,351.35,602.01
599.33,353.3,726.98
597.43,355.25,851.95
599.24,476.31,600.03
597.35,478.27,725
595.45,480.22,849.97
597.26,601.28,598.04
595.37,603.23,723.01
593.47,605.19,847.98
726.19,353.36,603.87
724.3,355.31,728.84
722.4,357.26,853.81
724.21,478.32,601.89
722.32,480.28,726.86
720.42,482.23,851.83
722.23,603.29,599.91
720.34,605.25,724.88
718.44,607.2,849.85
474.46,474.2,100.81
471.67,473.87,225.78
468.89,473.53,350.75
477.88,599.15,101.22
475.1,598.82,226.19
472.31,598.49,351.16
481.3,724.1,101.63
478.52,723.77,226.6
475.73,723.44,351.57
599.38,470.77,103.58
596.59,470.44,228.55
593.81,470.1,353.52
602.8,595.72,104
600.02,595.39,228.96
597.23,595.06,353.93
606.22,720.67,104.41
603.44,720.34,229.38
600.66,720.01,354.34
724.3,467.34,106.36
721.52,467,231.33
718.73,466.67,356.3
727.72,592.29,106.77
724.94,591.96,231.74
722.15,591.62,356.71
731.15,717.24,107.18
728.36,716.91,232.15
725.58,716.58,357.12
475.13,475.22,225.58
471.72,473.08,350.51
468.31,470.94,475.45
475.8,600.2,227.74
472.39,598.06,352.68
468.98,595.92,477.61
476.48,725.18,229.91
473.07,723.04,354.84
469.66,720.9,479.78
600.08,474.49,228.98
596.67,472.35,353.91
593.26,470.21,478.85
600.75,599.47,231.15
597.34,597.33,356.08
593.93,595.19,481.01
601.43,724.45,233.31
598.02,722.31,358.24
594.61,720.16,483.18
725.03,473.75,232.38
721.62,471.61,357.32
718.21,469.47,482.25
725.71,598.73,234.55
722.29,596.59,359.48
718.88,594.45,484.41
726.38,723.71,236.71
722.97,721.57,361.65
719.56,719.43,486.58
476.79,474.76,351.13
473.34,477.63,476.05
469.89,480.51,600.96
477.69,599.72,348.27
474.24,602.6,473.19
470.79,605.48,598.11
478.59,724.68,345.42
475.14,727.56,470.34
471.69,730.44,595.26
601.74,473.93,354.6
598.29,476.81,479.52
594.84,479.69,604.44
602.64,598.9,351.75
599.19,601.78,476.66
595.74,604.66,601.58
603.54,723.86,348.89
600.09,726.74,473.81
596.64,729.62,598.73
726.69,473.11,358.07
723.23,475.99,482.99
719.78,478.87,607.91
727.59,598.08,355.22
724.13,600.96,480.14
720.68,603.83,605.05
728.49,723.04,352.36
725.04,725.92,477.28
721.58,728.8,602.2
473.02,473.95,474.01
469.39,471.34,598.93
465.77,468.72,723.85
473.87,598.92,476.66
470.25,596.3,601.57
466.62,593.69,726.49
474.73,723.89,479.3
471.11,721.27,604.22
467.48,718.65,729.14
597.96,473.02,477.62
594.34,470.4,602.54
590.71,467.79,727.46
598.82,597.99,480.27
595.19,595.37,605.19
591.57,592.75,730.11
599.67,722.95,482.91
596.05,720.34,607.83
592.43,717.72,732.75
722.91,472.09,481.23
719.28,469.47,606.15
715.66,466.85,731.07
723.76,597.05,483.88
720.14,594.44,608.8
716.52,591.82,733.72
724.62,722.02,486.52
721,719.4,611.44
717.37,716.79,736.36
476.88,473.93,599.76
478.1,476.58,724.73
479.32,479.23,849.69
473.25,598.85,597.15
474.47,601.5,722.12
475.69,604.15,847.08
469.62,723.77,594.54
470.84,726.42,719.51
472.06,729.07,844.47
601.82,477.53,598.46
603.04,480.18,723.43
604.26,482.83,848.4
598.19,602.45,595.86
599.41,605.1,720.82
600.63,607.75,845.79
594.56,727.38,593.25
595.78,730.02,718.21
597,732.67,843.18
726.76,481.14,597.17
727.98,483.78,722.13
729.2,486.43,847.1
723.13,606.06,594.56
724.35,608.7,719.52
725.57,611.35,844.49
719.5,730.98,591.95
720.72,733.62,716.92
721.94,736.27,841.88
474.42,599.68,101.36
472.8,600.73,226.34
471.17,601.78,351.33
471.43,724.64,100.28
469.81,725.69,225.26
468.19,726.74,350.24
468.45,849.6,99.19
466.82,850.65,224.18
465.2,851.7,349.16
599.37,602.68,102.96
597.75,603.73,227.94
596.13,604.78,352.92
596.39,727.64,101.87
594.76,728.69,226.86
593.14,729.74,351.84
593.4,852.6,100.79
591.78,853.65,225.77
590.15,854.7,350.75
724.33,605.68,104.55
722.7,606.73,229.54
721.08,607.78,354.52
721.34,730.64,103.47
719.72,731.69,228.45
718.09,732.74,353.44
718.35,855.6,102.38
716.73,856.65,227.37
715.11,857.7,352.35
476.29,600.33,223.54
478.78,598.79,348.5
481.26,597.24,473.47
475.15,725.32,225.11
477.64,723.77,350.08
480.12,722.22,475.04
474.01,850.3,226.68
476.5,848.76,351.65
478.98,847.21,476.61
601.26,601.5,221.06
603.75,599.96,346.03
606.23,598.41,471
600.12,726.49,222.64
602.61,724.94,347.6
605.09,723.4,472.57
598.98,851.48,224.21
601.47,849.93,349.17
603.95,848.38,474.14
726.23,602.68,218.59
728.72,601.13,343.56
731.2,599.58,468.52
725.09,727.66,220.16
727.58,726.12,345.13
730.06,724.57,470.09
723.95,852.65,221.73
726.44,851.1,346.7
728.92,849.55,471.67
475.14,601.71,350.55
476.31,604.3,475.52
477.47,606.88,600.48
474.67,726.68,347.97
475.84,729.27,472.93
477,731.85,597.9
474.2,851.65,345.38
475.37,854.24,470.35
476.54,856.82,595.32
600.13,602.16,349.37
601.3,604.74,474.34
602.47,607.33,599.31
599.66,727.13,346.79
600.83,729.71,471.76
602,732.3,596.72
599.2,852.1,344.21
600.36,854.68,469.18
601.53,857.27,594.14
725.13,602.6,348.2
726.29,605.19,473.17
727.46,607.77,598.13
724.66,727.57,345.62
725.83,730.15,470.58
726.99,732.74,595.55
724.19,852.54,343.03
725.36,855.12,468
726.52,857.71,592.97
475.31,601.19,473.82
472.64,601.5,598.79
469.98,601.8,723.76
477.19,726.18,473.56
474.52,726.48,598.53
471.86,726.79,723.5
479.06,851.17,473.29
476.4,851.47,598.26
473.73,851.77,723.24
600.26,599.32,476.49
597.6,599.63,601.46
594.94,599.93,726.43
602.14,724.31,476.23
599.48,724.61,601.2
596.81,724.92,726.17
604.02,849.29,475.96
601.36,849.6,600.94
598.69,849.9,725.91
725.22,597.45,479.16
722.56,597.75,604.13
719.89,598.06,729.1
727.1,722.44,478.9
724.43,722.74,603.87
721.77,723.04,728.84
728.98,847.42,478.63
726.31,847.73,603.61
723.65,848.03,728.58
473.08,599.18,598.93
476.76,596.97,723.85
480.43,594.75,848.78
473.91,724.16,601.11
477.59,721.94,726.04
481.27,719.73,850.97
474.75,849.13,603.3
478.42,846.92,728.23
482.1,844.71,853.15
598.02,598.41,595.24
601.7,596.2,720.16
605.38,593.99,845.09
598.86,723.39,597.42
602.53,721.18,722.35
606.21,718.96,847.28
599.69,848.37,599.61
603.37,846.15,724.54
607.04,843.94,849.46
722.97,597.64,591.55
726.64,595.43,716.48
730.32,593.22,841.4
723.8,722.62,593.74
727.48,720.41,718.66
731.15,718.2,843.59
724.63,847.6,595.92
728.31,845.38,720.85
731.98,843.17,845.77
598.85,101.74,98.63
597.94,103.23,223.62
597.03,104.72,348.6
595.69,226.69,97.116
594.78,228.18,222.1
593.87,229.68,347.09
592.53,351.64,95.602
591.62,353.14,220.59
590.71,354.63,345.57
723.81,104.91,99.504
722.9,106.4,224.49
721.98,107.89,349.48
720.65,229.86,97.99
719.74,231.35,222.98
718.83,232.85,347.96
717.49,354.81,96.476
716.58,356.31,221.46
715.67,357.8,346.45
848.76,108.08,100.38
847.85,109.57,225.36
846.94,111.06,350.35
845.6,233.03,98.864
844.69,234.52,223.85
843.78,236.01,348.84
842.45,357.98,97.35
841.53,359.48,222.34
840.62,360.97,347.32
600.67,100.95,226.7
599.08,100.09,351.69
597.49,99.23,476.68
597.17,225.9,227.52
595.58,225.04,352.5
593.99,224.18,477.49
593.67,350.85,228.33
592.08,349.99,353.32
590.49,349.13,478.31
725.62,104.44,228.31
724.03,103.58,353.3
722.44,102.72,478.29
722.12,229.39,229.13
720.53,228.53,354.12
718.94,227.67,479.1
718.62,354.34,229.95
717.03,353.48,354.93
715.44,352.62,479.92
850.56,107.93,229.93
848.97,107.07,354.91
847.38,106.21,479.9
847.06,232.88,230.74
845.47,232.02,355.73
843.88,231.16,480.72
843.56,357.83,231.56
841.97,356.97,356.55
840.38,356.11,481.53
598.11,101.25,348.29
596.59,101.72,473.28
595.07,102.18,598.27
595.14,226.21,347.79
593.62,226.68,472.78
592.1,227.15,597.77
592.16,351.18,347.29
590.64,351.64,472.28
589.12,352.11,597.27
723.07,104.23,349.8
721.55,104.7,474.79
720.03,105.16,599.78
720.09,229.19,349.3
718.57,229.66,474.29
717.05,230.13,599.28
717.12,354.16,348.79
715.6,354.62,473.78
714.08,355.09,598.77
848.02,107.21,351.31
846.5,107.67,476.3
844.98,108.14,601.29
845.05,232.17,350.8
843.53,232.64,475.79
842.01,233.1,600.78
842.07,357.13,350.3
840.55,357.6,475.29
839.03,358.07,600.28
601.58,98.09,476.52
601.73,99.405,601.51
601.89,100.72,726.51
604.87,223.04,475.21
605.02,224.36,600.2
605.18,225.67,725.19
608.16,347.99,473.89
608.32,349.31,598.88
608.47,350.62,723.88
726.53,94.8,476.4
726.69,96.115,601.39
726.85,97.43,726.38
729.82,219.75,475.08
729.98,221.06,600.08
730.14,222.38,725.07
733.11,344.7,473.77
733.27,346.02,598.76
733.43,347.33,723.75
851.49,91.51,476.28
851.64,92.825,601.27
851.8,94.14,726.26
854.78,216.46,474.96
854.93,217.77,599.96
855.09,219.09,724.95
858.07,341.41,473.65
858.23,342.72,598.64
858.38,344.04,723.63
598.85,99.77,598.56
597.46,98.875,723.55
596.07,97.98,848.54
599.52,224.77,599.46
598.13,223.87,724.45
596.74,222.98,849.44
600.19,349.76,600.37
598.8,348.87,725.36
597.4,347.97,850.34
723.84,99.095,599.95
722.45,98.2,724.93
721.06,97.305,849.92
724.51,224.09,600.85
723.12,223.2,725.84
721.73,222.3,850.83
725.18,349.09,601.75
723.79,348.19,726.74
722.4,347.3,851.73
848.84,98.42,601.33
847.44,97.525,726.32
846.05,96.63,851.31
849.5,223.42,602.24
848.11,222.52,727.22
846.72,221.63,852.21
850.17,348.41,603.14
848.78,347.52,728.13
847.39,346.62,853.12
600.89,225.66,100.04
600.36,225.22,225.03
599.84,224.77,350.03
598.06,350.63,100.47
597.53,350.19,225.47
597.01,349.74,350.46
595.23,475.6,100.9
594.7,475.15,225.9
594.18,474.71,350.9
725.86,228.49,100.57
725.33,228.04,225.57
724.8,227.6,350.57
723.03,353.46,101.01
722.5,353.01,226
721.97,352.57,351
720.19,478.43,101.44
719.67,477.98,226.44
719.14,477.54,351.44
850.82,231.32,101.11
850.3,230.87,226.11
849.77,230.43,351.11
847.99,356.28,101.55
847.47,355.84,226.54
846.94,355.39,351.54
845.16,481.25,101.98
844.63,480.81,226.98
844.11,480.36,351.97
598.62,224.62,226.19
599.59,224.83,351.18
600.56,225.04,476.18
596.76,349.61,225.99
597.73,349.82,350.99
598.7,350.03,475.98
594.9,474.59,225.79
595.87,474.8,350.79
596.83,475.01,475.79
723.61,226.48,225.22
724.57,226.69,350.21
725.54,226.9,475.21
721.74,351.47,225.02
722.71,351.68,350.02
723.68,351.88,475.01
719.88,476.45,224.83
720.85,476.66,349.82
721.82,476.87,474.82
848.59,228.34,224.25
849.56,228.55,349.25
850.52,228.76,474.24
846.73,353.32,224.05
847.69,353.53,349.05
848.66,353.75,474.05
844.86,478.31,223.86
845.83,478.52,348.85
846.8,478.73,473.85
600.13,225.66,350.39
600.73,226.51,475.38
601.33,227.35,600.38
596.62,350.61,349.56
597.22,351.45,474.56
597.82,352.3,599.56
593.11,475.56,348.74
593.71,476.4,473.74
594.31,477.24,598.74
725.08,229.17,349.77
725.68,230.01,474.76
726.28,230.85,599.76
721.57,354.12,348.94
722.17,354.96,473.94
722.77,355.8,598.94
718.06,479.06,348.12
718.66,479.91,473.12
719.26,480.75,598.12
850.03,232.67,349.15
850.63,233.51,474.14
851.23,234.36,599.14
846.52,357.62,348.32
847.12,358.46,473.32
847.72,359.31,598.32
843.01,482.57,347.5
843.61,483.41,472.5
844.21,484.25,597.5
598.95,225.21,473.74
598.4,226.33,598.73
597.85,227.45,723.73
595.22,350.15,472.61
594.67,351.27,597.6
594.12,352.39,722.59
591.49,475.09,471.47
590.94,476.21,596.46
590.39,477.33,721.46
723.89,228.94,474.26
723.34,230.06,599.25
722.79,231.18,724.24
720.16,353.88,473.12
719.61,355,598.12
719.06,356.12,723.11
716.44,478.82,471.99
715.89,479.94,596.98
715.34,481.06,721.97
848.83,232.68,474.78
848.28,233.79,599.77
847.73,234.91,724.76
845.11,357.61,473.64
844.56,358.73,598.63
844.01,359.85,723.63
841.38,482.55,472.51
840.83,483.67,597.5
840.28,484.79,722.49
600.75,226.68,599.68
598.14,223.27,724.6
595.52,219.86,849.53
603.74,351.59,603.15
601.13,348.18,728.08
598.52,344.77,853.01
606.73,476.51,606.63
604.12,473.1,731.55
601.51,469.69,856.48
725.69,223.61,602.2
723.07,220.2,727.13
720.46,216.79,852.06
728.68,348.53,605.68
726.07,345.12,730.61
723.45,341.71,855.53
731.67,473.45,609.15
729.06,470.03,734.08
726.45,466.62,859.01
850.62,220.55,604.73
848.01,217.14,729.66
845.4,213.73,854.59
853.62,345.47,608.21
851,342.05,733.13
848.39,338.64,858.06
856.61,470.38,611.68
854,466.97,736.61
851.38,463.56,861.54
601.32,348.36,100.57
600.12,349.24,225.56
598.92,350.11,350.55
603.8,473.34,99.719
602.6,474.21,224.71
601.4,475.08,349.7
606.28,598.31,98.867
605.08,599.18,223.86
603.88,600.06,348.85
726.29,345.89,101.79
725.09,346.77,226.78
723.89,347.64,351.77
728.77,470.87,100.94
727.57,471.74,225.93
726.37,472.62,350.92
731.25,595.84,100.09
730.05,596.72,225.08
728.85,597.59,350.07
851.26,343.42,103.01
850.06,344.3,228
848.86,345.17,352.99
853.74,468.4,102.16
852.54,469.27,227.15
851.34,470.14,352.14
856.22,593.37,101.31
855.02,594.25,226.3
853.82,595.12,351.29
599.16,350.28,223.64
599.76,353.41,348.6
600.37,356.54,473.56
595.44,475.19,220.53
596.04,478.32,345.49
596.64,481.45,470.45
591.71,600.09,217.42
592.32,603.22,342.38
592.92,606.35,467.34
724.1,353.99,222.95
724.71,357.12,347.9
725.31,360.25,472.86
720.38,478.89,219.83
720.98,482.02,344.79
721.59,485.15,469.75
716.65,603.8,216.72
717.26,606.93,341.68
717.86,610.06,466.64
849.05,357.69,222.25
849.65,360.82,347.21
850.25,363.95,472.17
845.32,482.6,219.14
845.92,485.73,344.1
846.53,488.86,469.06
841.6,607.51,216.03
842.2,610.64,340.99
842.8,613.77,465.94
599.06,351.47,351.63
599.16,349.96,476.62
599.27,348.45,601.61
596.72,476.44,353.14
596.83,474.93,478.13
596.93,473.42,603.12
594.38,601.41,354.65
594.49,599.9,479.65
594.59,598.39,604.64
724.04,353.81,351.55
724.14,352.3,476.54
724.25,350.79,601.54
721.7,478.78,353.07
721.8,477.27,478.06
721.91,475.76,603.05
719.36,603.75,354.58
719.47,602.24,479.57
719.57,600.73,604.56
849.02,356.15,351.48
849.12,354.64,476.47
849.23,353.13,601.46
846.68,481.12,352.99
846.78,479.61,477.98
846.89,478.1,602.98
844.34,606.09,354.51
844.44,604.58,479.5
844.55,603.07,604.49
601.31,348.79,476.84
598.39,350.84,601.79
595.48,352.89,726.74
597.98,473.73,474.72
595.06,475.78,599.66
592.14,477.82,724.61
594.64,598.66,472.59
591.73,600.71,597.54
588.81,602.76,722.49
726.23,352.17,479.7
723.31,354.22,604.65
720.4,356.27,729.6
722.9,477.11,477.58
719.98,479.16,602.53
717.06,481.21,727.47
719.56,602.04,475.45
716.65,604.09,600.4
713.73,606.14,725.35
851.15,355.55,482.57
848.24,357.6,607.51
845.32,359.65,732.46
847.82,480.49,480.44
844.9,482.54,605.39
841.99,484.59,730.34
844.48,605.42,478.31
841.57,607.47,603.26
838.65,609.52,728.21
598.02,349.86,601.5
595.36,350.31,726.47
592.7,350.76,851.44
600.27,474.84,601.1
597.61,475.29,726.07
594.95,475.74,851.04
602.52,599.82,600.7
599.86,600.27,725.67
597.2,600.72,850.64
722.97,347.62,604.16
720.31,348.07,729.13
717.66,348.52,854.1
725.22,472.6,603.76
722.56,473.05,728.73
719.91,473.5,853.7
727.47,597.58,603.37
724.81,598.03,728.34
722.16,598.48,853.31
847.92,345.38,606.83
845.27,345.83,731.8
842.61,346.28,856.77
850.17,470.36,606.43
847.52,470.81,731.4
844.86,471.26,856.37
852.42,595.34,606.03
849.77,595.79,731
847.11,596.24,855.97
601.25,474.96,100.24
597.95,477.27,225.17
594.65,479.58,350.11
604.23,599.9,98.005
600.93,602.22,222.94
597.63,604.53,347.87
607.2,724.85,95.77
603.9,727.16,220.7
600.6,729.47,345.64
726.17,472.05,103.59
722.87,474.36,228.53
719.57,476.67,353.46
729.15,596.99,101.36
725.85,599.3,226.29
722.55,601.61,351.23
732.12,721.93,99.125
728.82,724.25,224.06
725.52,726.56,348.99
851.09,469.13,106.95
847.79,471.44,231.89
844.49,473.75,356.82
854.07,594.08,104.72
850.77,596.39,229.65
847.47,598.7,354.59
857.04,719.02,102.48
853.74,721.33,227.42
850.44,723.64,352.35
601.01,476.58,226.8
599.64,474.79,351.78
598.27,473.01,476.76
599.42,601.55,228.57
598.05,599.77,353.55
596.68,597.98,478.53
597.83,726.53,230.34
596.46,724.74,355.32
595.09,722.96,480.3
725.99,478.15,228.19
724.62,476.36,353.17
723.25,474.58,478.15
724.4,603.12,229.96
723.03,601.34,354.94
721.66,599.55,479.92
722.81,728.1,231.73
721.44,726.32,356.71
720.07,724.53,481.69
850.97,479.72,229.59
849.6,477.93,354.56
848.23,476.15,479.54
849.38,604.7,231.35
848.01,602.91,356.33
846.64,601.12,481.31
847.79,729.67,233.12
846.42,727.89,358.1
845.05,726.1,483.08
600.71,475.27,348.93
603.53,475.54,473.9
606.35,475.82,598.87
603.63,600.23,348.59
606.44,600.51,473.56
609.26,600.78,598.53
606.54,725.2,348.25
609.36,725.47,473.22
612.18,725.75,598.19
725.65,472.35,346.12
728.47,472.62,471.09
731.28,472.9,596.05
728.56,597.32,345.78
731.38,597.59,470.75
734.2,597.86,595.71
731.47,722.28,345.44
734.29,722.56,470.41
737.11,722.83,595.37
850.58,469.43,343.31
853.4,469.7,468.27
856.22,469.98,593.24
853.49,594.4,342.97
856.31,594.67,467.94
859.13,594.94,592.9
856.41,719.36,342.63
859.23,719.64,467.6
862.04,719.91,592.56
600.48,476.56,473.26
597.85,480.07,598.18
595.22,483.58,723.1
603.79,601.47,469.81
601.16,604.98,594.74
598.53,608.49,719.66
607.1,726.38,466.37
604.47,729.89,591.29
601.84,733.4,716.22
725.41,473.32,475.98
722.78,476.83,600.9
720.15,480.35,725.82
728.72,598.24,472.53
726.09,601.75,597.46
723.46,605.26,722.38
732.03,723.14,469.09
729.4,726.66,594.01
726.77,730.17,718.94
850.34,470.09,478.7
847.71,473.6,603.62
845.08,477.11,728.54
853.65,595,475.25
851.02,598.51,600.18
848.39,602.02,725.1
856.96,719.91,471.81
854.33,723.42,596.73
851.7,726.93,721.66
599.3,476.53,601.95
601.89,478.21,726.91
604.47,479.9,851.87
597,601.5,600.31
599.59,603.18,725.27
602.18,604.87,850.23
594.71,726.47,598.67
597.3,728.15,723.63
599.88,729.84,848.6
724.25,478.79,599.33
726.84,480.47,724.29
729.43,482.16,849.25
721.95,603.76,597.69
724.54,605.44,722.65
727.13,607.13,847.62
719.66,728.73,596.06
722.25,730.41,721.02
724.84,732.1,845.98
849.2,481.05,596.71
851.79,482.74,721.67
854.38,484.42,846.64
846.91,606.02,595.08
849.5,607.7,720.04
852.08,609.39,845
844.61,730.99,593.44
847.2,732.67,718.4
849.79,734.36,843.36
599.78,598.91,100.41
596.5,595.47,225.32
593.23,592.02,350.23
596.44,723.82,103.77
593.16,720.38,228.67
589.89,716.93,353.58
593.1,848.73,107.12
589.82,845.29,232.03
586.55,841.84,356.94
724.69,602.16,103.78
721.41,598.72,228.69
718.14,595.27,353.59
721.35,727.07,107.13
718.07,723.62,232.04
714.8,720.18,356.95
718.01,851.98,110.49
714.74,848.54,235.4
711.46,845.09,360.31
849.6,605.41,107.14
846.32,601.96,232.05
843.05,598.52,356.96
846.26,730.32,110.5
842.99,726.88,235.41
839.71,723.43,360.32
842.92,855.23,113.86
839.65,851.79,238.76
836.37,848.34,363.67
600.02,598.92,225.18
599.24,595.44,350.13
598.45,591.96,475.08
602,723.86,228.67
601.22,720.38,353.62
600.44,716.9,478.57
603.99,848.79,232.16
603.2,845.31,357.11
602.42,841.83,482.06
725,596.92,225.91
724.22,593.44,350.86
723.43,589.96,475.81
726.99,721.85,229.4
726.2,718.37,354.35
725.42,714.89,479.3
728.97,846.79,232.89
728.19,843.31,357.84
727.4,839.83,482.79
849.99,594.91,226.64
849.2,591.43,351.59
848.42,587.95,476.54
851.97,719.84,230.13
851.18,716.37,355.08
850.4,712.89,480.03
853.95,844.78,233.62
853.17,841.3,358.57
852.38,837.82,483.52
601.68,600.18,348.91
602.31,601.21,473.9
602.93,602.23,598.9
599.67,725.16,347.89
600.29,726.19,472.89
600.91,727.21,597.88
597.65,850.14,346.88
598.27,851.16,471.87
598.9,852.19,596.87
726.67,602.19,348.27
727.29,603.22,473.27
727.91,604.25,598.26
724.65,727.17,347.26
725.27,728.2,472.25
725.9,729.23,597.24
722.63,852.15,346.24
723.26,853.18,471.24
723.88,854.2,596.23
851.65,604.21,347.63
852.27,605.23,472.63
852.9,606.26,597.62
849.63,729.19,346.62
850.26,730.21,471.61
850.88,731.24,596.61
847.62,854.16,345.6
848.24,855.19,470.6
848.87,856.22,595.59
599.29,599.9,473.99
595.56,600.35,598.93
591.83,600.79,723.87
601.14,724.89,473.59
597.41,725.33,598.54
593.68,725.78,723.48
603,849.87,473.2
599.27,850.32,598.14
595.54,850.77,723.09
724.22,598.06,477.72
720.49,598.51,602.67
716.76,598.95,727.61
726.08,723.05,477.33
722.34,723.49,602.27
718.61,723.94,727.22
727.93,848.03,476.94
724.2,848.48,601.88
720.47,848.93,726.82
849.15,596.22,481.46
845.42,596.66,606.4
841.69,597.11,731.35
851.01,721.2,481.07
847.28,721.65,606.01
843.54,722.1,730.95
852.86,846.19,480.68
849.13,846.64,605.62
845.4,847.09,730.56
600.91,601.23,598.62
599.94,598.78,723.6
598.97,596.32,848.57
602.62,726.2,601.09
601.65,723.74,726.07
600.68,721.29,851.04
604.33,851.16,603.56
603.36,848.71,728.54
602.39,846.25,853.51
725.9,599.5,599.56
724.93,597.05,724.54
723.96,594.59,849.51
727.61,724.47,602.03
726.64,722.01,727.01
725.67,719.56,851.98
729.32,849.43,604.5
728.35,846.98,729.47
727.38,844.52,854.45
850.88,597.77,600.5
849.91,595.31,725.48
848.94,592.86,850.45
852.59,722.73,602.97
851.62,720.28,727.94
850.65,717.83,852.92
854.3,847.7,605.44
853.33,845.24,730.41
852.36,842.79,855.39
