27,125,0
195.26,192.65,196.92
0,0,0
99.748,100.36,101.87
102.43,99.778,226.84
105.12,99.192,351.81
100.86,225.36,102.43
103.55,224.77,227.4
106.24,224.19,352.37
101.98,350.35,103
104.67,349.76,227.97
107.35,349.18,352.94
224.71,99.255,99.173
227.4,98.668,224.14
230.08,98.082,349.12
225.83,224.25,99.739
228.52,223.66,224.71
231.2,223.08,349.68
226.95,349.24,100.3
229.63,348.65,225.27
232.32,348.07,350.25
349.68,98.144,96.48
352.36,97.558,221.45
355.05,96.972,346.42
350.79,223.14,97.046
353.48,222.55,222.02
356.17,221.97,346.99
351.91,348.13,97.611
354.6,347.54,222.58
357.28,346.96,347.55
101.28,100.67,223.31
98.388,96.979,348.22
95.492,93.283,473.13
98.548,225.59,226.95
95.651,221.89,351.86
92.755,218.2,476.77
95.81,350.51,230.58
92.914,346.81,355.5
90.017,343.11,480.41
226.22,103.32,226.28
223.32,99.623,351.2
220.43,95.928,476.11
223.48,228.23,229.92
220.59,224.54,354.83
217.69,220.84,479.75
220.75,353.15,233.56
217.85,349.45,358.47
214.95,345.76,483.38
351.16,105.96,229.26
348.26,102.27,354.17
345.36,98.572,479.08
348.42,230.88,232.9
345.52,227.18,357.81
342.63,223.49,482.72
345.68,355.79,236.53
342.78,352.1,361.45
339.89,348.4,486.36
100.37,100.32,348.56
99.632,101.94,473.55
98.891,103.55,598.54
97.124,225.27,346.92
96.383,226.88,471.91
95.643,228.5,596.9
93.875,350.21,345.29
93.135,351.83,470.28
92.394,353.45,595.27
225.33,103.57,349.26
224.58,105.19,474.25
223.84,106.81,599.24
222.08,228.52,347.62
221.34,230.14,472.61
220.6,231.76,597.6
218.83,353.47,345.99
218.09,355.09,470.97
217.35,356.71,595.96
350.28,106.83,349.96
349.54,108.45,474.94
348.8,110.07,599.93
347.03,231.78,348.32
346.29,233.4,473.31
345.55,235.02,598.3
343.78,356.73,346.68
343.04,358.35,471.67
342.3,359.97,596.66
101.57,98.132,473.37
100.06,99.411,598.35
98.562,100.69,723.34
104.63,223.09,472.13
103.13,224.37,597.11
101.63,225.65,722.1
107.7,348.04,470.88
106.2,349.32,595.87
104.7,350.6,720.85
226.52,95.083,474.9
225.02,96.362,599.89
223.52,97.641,724.87
229.59,220.04,473.66
228.09,221.32,598.64
226.58,222.6,723.63
232.66,344.99,472.42
231.15,346.27,597.4
229.65,347.55,722.39
351.48,92.034,476.44
349.97,93.313,601.42
348.47,94.592,726.4
354.54,216.99,475.19
353.04,218.27,600.18
351.54,219.55,725.16
357.61,341.94,473.95
356.11,343.22,598.93
354.61,344.5,723.92
99.187,101.48,600.4
95.985,100.21,725.35
92.783,98.933,850.3
99.37,226.47,601.68
96.168,225.2,726.64
92.966,223.92,851.59
99.552,351.46,602.97
96.351,350.19,727.92
93.149,348.91,852.87
224.14,101.26,603.6
220.94,99.989,728.55
217.74,98.715,853.5
224.33,226.25,604.88
221.12,224.98,729.84
217.92,223.71,854.79
224.51,351.24,606.17
221.31,349.97,731.12
218.11,348.7,856.08
349.1,101.04,606.8
345.9,99.771,731.75
342.7,98.498,856.7
349.28,226.04,608.08
346.08,224.76,733.04
342.88,223.49,857.99
349.47,351.03,609.37
346.26,349.75,734.32
343.06,348.48,859.28
98.748,226.99,100.51
100.72,227.4,225.49
102.68,227.81,350.48
97.306,351.99,100.12
99.274,352.39,225.1
101.24,352.8,350.09
95.863,476.98,99.728
97.831,477.38,224.71
99.799,477.79,349.7
223.73,228.43,98.535
225.7,228.84,223.52
227.66,229.24,348.5
222.29,353.42,98.146
224.25,353.83,223.13
226.22,354.23,348.12
220.84,478.41,97.757
222.81,478.82,222.74
224.78,479.22,347.73
348.71,229.86,96.564
350.68,230.27,221.55
352.65,230.68,346.53
347.27,354.85,96.175
349.23,355.26,221.16
351.2,355.67,346.14
345.82,479.84,95.786
347.79,480.25,220.77
349.76,480.66,345.75
100.05,225.54,225.24
98.03,225.61,350.22
96.014,225.68,475.21
99.966,350.55,225.17
97.95,350.61,350.16
95.935,350.68,475.14
99.886,475.55,225.11
97.871,475.61,350.09
95.855,475.68,475.07
225.03,225.62,227.26
223.01,225.69,352.24
221,225.76,477.23
224.95,350.62,227.19
222.93,350.69,352.18
220.92,350.76,477.16
224.87,475.62,227.12
222.85,475.69,352.11
220.84,475.76,477.09
350.01,225.7,229.28
347.99,225.76,354.26
345.98,225.83,479.24
349.93,350.7,229.21
347.91,350.76,354.19
345.9,350.83,479.18
349.85,475.7,229.14
347.83,475.77,354.13
345.82,475.83,479.11
99.713,225.31,350.93
96.187,227.6,475.86
92.661,229.9,600.79
98.679,350.28,348.61
95.153,352.58,473.53
91.627,354.88,598.46
97.644,475.26,346.28
94.119,477.56,471.21
90.593,479.85,596.14
224.66,226.4,354.44
221.13,228.7,479.37
217.6,231,604.29
223.62,351.38,352.11
220.1,353.68,477.04
216.57,355.97,601.97
222.59,476.36,349.79
219.06,478.65,474.71
215.54,480.95,599.64
349.6,227.5,357.95
346.07,229.8,482.87
342.55,232.09,607.8
348.56,352.48,355.62
345.04,354.78,480.55
341.51,357.07,605.47
347.53,477.46,353.29
344,479.75,478.22
340.48,482.05,603.15
100.49,224.34,474.53
104.19,225.32,599.46
107.88,226.31,724.4
104.23,349.28,473.43
107.92,350.26,598.37
111.61,351.25,723.31
107.97,474.22,472.33
111.66,475.2,597.27
115.35,476.19,722.21
225.38,220.57,470.87
229.07,221.56,595.8
232.77,222.54,720.74
229.12,345.51,469.77
232.81,346.5,594.71
236.5,347.48,719.65
232.85,470.45,468.67
236.55,471.44,593.61
240.24,472.42,718.55
350.27,216.81,467.21
353.96,217.79,592.14
357.65,218.78,717.08
354,341.75,466.11
357.7,342.73,591.05
361.39,343.72,715.99
357.74,466.68,465.01
361.43,467.67,589.95
365.13,468.66,714.89
100.38,226.14,601.76
101.16,226.17,726.76
101.94,226.21,851.76
104.04,351.08,601.7
104.82,351.12,726.7
105.6,351.15,851.7
107.7,476.03,601.65
108.48,476.06,726.65
109.26,476.1,851.65
225.32,222.47,600.99
226.1,222.51,725.99
226.88,222.54,850.99
228.98,347.42,600.93
229.76,347.45,725.93
230.54,347.49,850.93
232.64,472.36,600.87
233.42,472.4,725.87
234.2,472.43,850.87
350.26,218.8,600.21
351.04,218.84,725.21
351.82,218.88,850.21
353.92,343.75,600.16
354.7,343.78,725.16
355.48,343.82,850.15
357.58,468.69,600.1
358.36,468.73,725.1
359.14,468.76,850.1
101.17,348.14,98.217
103.4,345.74,223.18
105.62,343.34,348.13
101.24,473.12,100.62
103.47,470.72,225.57
105.69,468.32,350.53
101.32,598.1,103.01
103.54,595.7,227.97
105.77,593.3,352.93
226.15,348.11,95.99
228.37,345.71,220.95
230.6,343.31,345.91
226.22,473.09,98.389
228.45,470.69,223.35
230.67,468.29,348.31
226.3,598.07,100.79
228.52,595.67,225.75
230.75,593.27,350.7
351.13,348.08,93.763
353.35,345.68,218.72
355.58,343.28,343.68
351.2,473.06,96.162
353.43,470.66,221.12
355.65,468.26,346.08
351.27,598.04,98.56
353.5,595.64,223.52
355.72,593.24,348.48
99.625,350.7,223.69
96.56,354.31,348.6
93.494,357.93,473.51
99.253,475.65,220.07
96.188,479.26,344.98
93.122,482.88,469.89
98.881,600.6,216.44
95.815,604.21,341.35
92.75,607.83,466.26
224.59,351.16,226.75
221.52,354.77,351.66
218.45,358.39,476.57
224.21,476.11,223.12
221.15,479.72,348.03
218.08,483.34,472.94
223.84,601.06,219.5
220.78,604.67,344.41
217.71,608.29,469.32
349.55,351.62,229.81
346.48,355.23,354.72
343.42,358.85,479.63
349.17,476.57,226.18
346.11,480.18,351.09
343.04,483.8,476
348.8,601.52,222.56
345.74,605.13,347.47
342.67,608.75,472.38
100.29,350.63,348.31
97.609,349.44,473.27
94.928,348.24,598.23
102.87,475.6,349.56
100.18,474.4,474.52
97.502,473.21,599.48
105.44,600.57,350.81
102.76,599.37,475.77
100.08,598.18,600.73
225.24,348.03,350.97
222.56,346.83,475.93
219.87,345.64,600.89
227.81,472.99,352.22
225.13,471.8,477.18
222.45,470.61,602.14
230.39,597.96,353.47
227.7,596.77,478.43
225.02,595.57,603.39
350.18,345.42,353.62
347.5,344.23,478.58
344.82,343.03,603.54
352.76,470.39,354.87
350.08,469.2,479.83
347.4,468,604.79
355.33,595.36,356.12
352.65,594.16,481.08
349.97,592.97,606.04
99.049,349.1,474
101.77,347.95,598.96
104.48,346.81,723.93
96.799,474.07,475.19
99.516,472.93,600.16
102.23,471.78,725.12
94.549,599.05,476.38
97.266,597.9,601.35
99.983,596.76,726.32
224,351.37,471.3
226.72,350.23,596.27
229.43,349.08,721.23
221.75,476.35,472.49
224.47,475.2,597.46
227.18,474.06,722.43
219.5,601.32,473.69
222.22,600.18,598.65
224.93,599.03,723.62
348.95,353.65,468.6
351.67,352.5,593.57
354.38,351.36,718.54
346.7,478.62,469.8
349.42,477.48,594.76
352.13,476.33,719.73
344.45,603.6,470.99
347.17,602.45,595.96
349.88,601.31,720.92
100.72,350.64,599.73
97.307,352.93,724.67
93.89,355.22,849.6
100.29,475.62,597.44
96.875,477.91,722.37
93.458,480.2,847.3
99.86,600.6,595.14
96.443,602.89,720.07
93.026,605.18,845
225.68,351.14,603.14
222.26,353.43,728.07
218.84,355.71,853
225.25,476.12,600.84
221.83,478.41,725.77
218.41,480.69,850.71
224.81,601.1,598.54
221.4,603.39,723.47
217.98,605.67,848.41
350.63,351.64,606.54
347.21,353.92,731.47
343.8,356.21,856.41
350.2,476.61,604.24
346.78,478.9,729.17
343.36,481.19,854.11
349.77,601.59,601.94
346.35,603.88,726.88
342.93,606.17,851.81
98.22,476.19,101.28
98.431,478.39,226.26
98.643,480.6,351.24
97.481,601.17,99.085
97.693,603.37,224.07
97.904,605.58,349.05
96.743,726.15,96.887
96.954,728.36,221.87
97.166,730.56,346.85
223.22,476.93,101.06
223.43,479.13,226.04
223.64,481.33,351.02
222.48,601.91,98.86
222.69,604.11,223.84
222.9,606.32,348.82
221.74,726.89,96.661
221.95,729.09,221.64
222.16,731.3,346.62
348.21,477.67,100.83
348.43,479.87,225.81
348.64,482.07,350.79
347.48,602.65,98.635
347.69,604.85,223.61
347.9,607.05,348.6
346.74,727.63,96.436
346.95,729.83,221.42
347.16,732.03,346.4
101.56,475.9,225.14
98.959,478.58,350.08
96.355,481.27,475.03
99.945,600.86,222.42
97.34,603.54,347.36
94.736,606.23,472.3
98.326,725.82,219.69
95.722,728.5,344.64
93.118,731.19,469.58
226.53,477.57,227.71
223.92,480.26,352.65
221.32,482.95,477.59
224.91,602.53,224.98
222.3,605.22,349.93
219.7,607.91,474.87
223.29,727.49,222.26
220.69,730.18,347.2
218.08,732.87,472.15
351.49,479.25,230.27
348.89,481.94,355.22
346.28,484.62,480.16
349.87,604.21,227.55
347.27,606.9,352.49
344.66,609.58,477.44
348.25,729.17,224.83
345.65,731.86,349.77
343.05,734.54,474.71
98.929,473.62,351.97
99.964,471.13,476.95
101,468.64,601.92
97.173,598.58,354.48
98.208,596.09,479.45
99.243,593.6,604.43
95.417,723.54,356.99
96.452,721.05,481.96
97.487,718.56,606.93
223.91,475.39,350.98
224.95,472.9,475.95
225.98,470.41,600.92
222.15,600.36,353.48
223.19,597.87,478.46
224.23,595.38,603.43
220.4,725.32,355.99
221.43,722.83,480.96
222.47,720.34,605.94
348.89,477.17,349.98
349.93,474.68,474.95
350.96,472.19,599.93
347.14,602.13,352.49
348.17,599.64,477.46
349.21,597.15,602.43
345.38,727.09,354.99
346.42,724.61,479.97
347.45,722.12,604.94
101.85,476.25,475.64
103.78,476.36,600.62
105.71,476.47,725.61
105.48,601.2,475.47
107.41,601.31,600.46
109.34,601.42,725.44
109.11,726.15,475.3
111.04,726.26,600.29
112.97,726.37,725.27
226.78,472.62,473.71
228.71,472.73,598.7
230.64,472.84,723.68
230.41,597.57,473.54
232.34,597.68,598.53
234.27,597.79,723.51
234.04,722.52,473.38
235.97,722.63,598.36
237.9,722.73,723.35
351.71,468.99,471.78
353.64,469.1,596.77
355.57,469.21,721.75
355.34,593.94,471.62
357.27,594.05,596.6
359.2,594.16,721.59
358.97,718.88,471.45
360.9,718.99,596.44
362.83,719.1,721.42
100.26,473.87,600.33
97.638,472.7,725.29
95.019,471.52,850.26
99.755,598.86,601.49
97.136,597.69,726.46
94.518,596.51,851.43
99.253,723.86,602.66
96.634,722.68,727.62
94.016,721.51,852.59
225.23,474.35,602.95
222.61,473.17,727.92
220,472,852.89
224.73,599.34,604.12
222.11,598.16,729.09
219.49,596.99,854.05
224.23,724.33,605.28
221.61,723.16,730.25
218.99,721.98,855.22
350.21,474.82,605.58
347.59,473.65,730.55
344.97,472.47,855.51
349.71,599.81,606.74
347.09,598.64,731.71
344.47,597.47,856.68
349.2,724.81,607.91
346.59,723.63,732.88
343.97,722.46,857.84
100.21,601.77,98.388
101.33,601.75,223.38
102.45,601.72,348.38
100.52,726.77,98.412
101.64,726.74,223.41
102.77,726.72,348.4
100.83,851.77,98.436
101.96,851.74,223.43
103.08,851.72,348.43
225.2,601.46,97.261
226.33,601.44,222.26
227.45,601.41,347.25
225.52,726.46,97.285
226.64,726.43,222.28
227.76,726.41,347.27
225.83,851.46,97.309
226.95,851.43,222.3
228.07,851.4,347.3
350.2,601.15,96.134
351.32,601.12,221.13
352.45,601.1,346.12
350.51,726.15,96.158
351.64,726.12,221.15
352.76,726.09,346.15
350.82,851.14,96.182
351.95,851.12,221.18
353.07,851.09,346.17
99.261,600.2,224.26
101.38,598.89,349.24
103.5,597.58,474.22
102.27,725.16,225.52
104.39,723.84,350.5
106.52,722.53,475.47
105.28,850.11,226.78
107.41,848.8,351.75
109.53,847.49,476.73
224.21,597.21,222.11
226.33,595.9,347.08
228.45,594.59,472.06
227.22,722.17,223.36
229.34,720.86,348.34
231.46,719.55,473.32
230.23,847.12,224.62
232.35,845.81,349.6
234.47,844.5,474.58
349.16,594.23,219.95
351.28,592.91,344.93
353.4,591.6,469.91
352.17,719.18,221.21
354.29,717.87,346.19
356.41,716.56,471.17
355.18,844.13,222.47
357.3,842.82,347.45
359.42,841.51,472.43
99.412,601.34,350.68
102.52,603.92,475.62
105.62,606.49,600.55
99.599,726.32,348.1
102.7,728.89,473.04
105.81,731.47,597.97
99.785,851.29,345.52
102.89,853.87,470.45
106,856.44,595.39
224.37,601.09,347.58
227.48,603.67,472.52
230.58,606.24,597.45
224.56,726.07,345
227.67,728.64,469.93
230.77,731.22,594.87
224.75,851.04,342.42
227.85,853.62,467.35
230.96,856.19,592.29
349.33,600.85,344.48
352.44,603.42,469.41
355.55,606,594.35
349.52,725.82,341.9
352.63,728.4,466.83
355.73,730.97,591.77
349.71,850.8,339.31
352.81,853.37,464.25
355.92,855.95,589.18
101.22,600.39,474.7
99.335,600.69,599.68
97.451,600.99,724.67
102.95,725.38,474.42
101.07,725.68,599.4
99.183,725.98,724.39
104.68,850.37,474.14
102.8,850.66,599.12
100.92,850.96,724.11
226.19,598.66,476.58
224.31,598.95,601.57
222.42,599.25,726.55
227.92,723.64,476.3
226.04,723.94,601.29
224.16,724.24,726.27
229.66,848.63,476.02
227.77,848.93,601.01
225.89,849.23,725.99
351.17,596.92,478.47
349.28,597.22,603.45
347.4,597.52,728.44
352.9,721.91,478.19
351.01,722.21,603.17
349.13,722.51,728.16
354.63,846.9,477.91
352.75,847.19,602.89
350.86,847.49,727.88
100.95,601.56,601.77
100.65,599.86,726.75
100.35,598.15,851.74
99.498,726.54,603.47
99.199,724.84,728.46
98.9,723.14,853.44
98.044,851.53,605.17
97.744,849.82,730.16
97.445,848.12,855.14
225.95,603.01,602.09
225.65,601.3,727.07
225.35,599.6,852.06
224.49,727.99,603.79
224.19,726.29,728.77
223.9,724.59,853.76
223.04,852.97,605.49
222.74,851.27,730.47
222.44,849.57,855.46
350.94,604.46,602.4
350.64,602.75,727.39
350.35,601.05,852.37
349.49,729.44,604.1
349.19,727.74,729.09
348.89,726.03,854.08
348.03,854.42,605.81
347.74,852.72,730.79
347.44,851.02,855.78
226.94,101.52,100.39
229.85,100.85,225.36
232.75,100.18,350.32
229.97,226.49,100.99
232.88,225.81,225.96
235.78,225.14,350.92
233,351.45,101.59
235.91,350.78,226.56
238.81,350.11,351.52
351.88,98.508,97.474
354.78,97.835,222.43
357.68,97.162,347.4
354.9,223.47,98.074
357.81,222.8,223.04
360.71,222.13,348
357.93,348.44,98.674
360.84,347.76,223.64
363.74,347.09,348.6
476.81,95.493,94.553
479.71,94.82,219.51
482.62,94.148,344.48
479.83,220.46,95.153
482.74,219.79,220.11
485.64,219.11,345.08
482.86,345.42,95.753
485.77,344.75,220.71
488.67,344.08,345.68
225.77,101.97,226.89
226.93,100.23,351.87
228.08,98.498,476.85
227.27,226.95,228.61
228.43,225.22,353.59
229.58,223.48,478.57
228.77,351.94,230.33
229.93,350.2,355.31
231.08,348.46,480.29
350.76,100.49,225.71
351.91,98.752,350.69
353.06,97.015,475.67
352.26,225.47,227.43
353.41,223.73,352.41
354.56,222,477.39
353.76,350.45,229.16
354.91,348.72,354.14
356.06,346.98,479.12
475.74,99.007,224.53
476.89,97.269,349.51
478.05,95.532,474.49
477.24,223.99,226.26
478.39,222.25,351.24
479.55,220.51,476.22
478.74,348.97,227.98
479.89,347.23,352.96
481.05,345.5,477.94
226.88,99.473,350.67
228.77,98.205,475.65
230.66,96.938,600.63
230.15,224.42,351.89
232.04,223.15,476.87
233.93,221.89,601.86
233.41,349.37,353.11
235.3,348.1,478.1
237.2,346.84,603.08
351.82,96.221,348.75
353.71,94.953,473.73
355.6,93.686,598.71
355.09,221.17,349.97
356.98,219.9,474.95
358.87,218.63,599.93
358.35,346.12,351.19
360.24,344.85,476.17
362.14,343.58,601.15
476.76,92.969,346.83
478.65,91.701,471.81
480.54,90.434,596.79
480.03,217.92,348.05
481.92,216.65,473.03
483.81,215.38,598.01
483.29,342.87,349.27
485.18,341.6,474.25
487.08,340.33,599.23
223.92,99.124,475.38
225.55,98.047,600.37
227.19,96.97,725.35
222.47,224.11,476.48
224.1,223.04,601.46
225.73,221.96,726.45
221.01,349.1,477.57
222.64,348.02,602.56
224.28,346.95,727.54
348.9,100.59,473.76
350.53,99.518,598.75
352.16,98.441,723.73
347.44,225.58,474.86
349.08,224.51,599.84
350.71,223.43,724.83
345.99,350.57,475.95
347.62,349.5,600.94
349.25,348.42,725.92
473.88,102.07,472.14
475.51,100.99,597.12
477.14,99.912,722.11
472.42,227.05,473.24
474.05,225.98,598.22
475.69,224.9,723.21
470.97,352.04,474.33
472.6,350.97,599.32
474.23,349.89,724.3
223.17,99.378,601.2
225.2,96.075,726.14
227.24,92.772,851.08
225.31,224.32,604.47
227.34,221.02,729.41
229.38,217.71,854.34
227.44,349.26,607.73
229.48,345.96,732.67
231.51,342.66,857.61
348.14,97.291,599.11
350.17,93.988,724.05
352.21,90.685,848.99
350.27,222.23,602.38
352.31,218.93,727.31
354.34,215.63,852.25
352.41,347.17,605.64
354.44,343.87,730.58
356.48,340.57,855.52
473.1,95.204,597.02
475.14,91.901,721.96
477.17,88.598,846.89
475.24,220.15,600.28
477.27,216.84,725.22
479.31,213.54,850.16
477.38,345.09,603.55
479.41,341.78,728.49
481.45,338.48,853.43
224.64,226.99,98.885
222.63,224.12,223.84
220.63,221.24,348.79
226.04,351.94,101.78
224.03,349.07,226.73
222.03,346.2,351.69
227.44,476.9,104.67
225.43,474.02,229.63
223.43,471.15,354.58
349.61,225.54,100.86
347.61,222.67,225.81
345.61,219.8,350.76
351.01,350.5,103.75
349.01,347.62,228.7
347.01,344.75,353.66
352.41,475.45,106.64
350.41,472.58,231.6
348.41,469.7,356.55
474.59,224.1,102.83
472.59,221.22,227.78
470.58,218.35,352.73
475.99,349.05,105.72
473.99,346.18,230.67
471.98,343.3,355.63
477.39,474,108.62
475.39,471.13,233.57
473.38,468.26,358.52
223.28,223.48,226.81
225.78,222.76,351.79
228.28,222.04,476.76
224.45,348.47,227.51
226.95,347.75,352.48
229.45,347.03,477.46
225.62,473.47,228.2
228.12,472.75,353.18
230.63,472.03,478.15
348.25,222.32,224.3
350.75,221.6,349.28
353.25,220.88,474.26
349.42,347.31,225
351.92,346.59,349.98
354.42,345.87,474.95
350.6,472.3,225.7
353.1,471.58,350.67
355.6,470.86,475.65
473.22,221.16,221.8
475.72,220.44,346.77
478.22,219.72,471.75
474.39,346.15,222.49
476.9,345.43,347.47
479.4,344.71,472.44
475.57,471.14,223.19
478.07,470.42,348.16
480.57,469.7,473.14
225.11,225.38,348.76
228.03,225.24,473.73
230.95,225.1,598.69
223.89,350.37,348.93
226.81,350.23,473.89
229.73,350.09,598.86
222.67,475.36,349.09
225.59,475.22,474.06
228.51,475.08,599.02
350.06,226.6,345.84
352.99,226.46,470.81
355.91,226.33,595.77
348.84,351.59,346.01
351.77,351.46,470.97
354.69,351.32,595.94
347.62,476.58,346.17
350.55,476.45,471.14
353.47,476.31,596.1
475.02,227.83,342.92
477.94,227.69,467.88
480.87,227.55,592.85
473.8,352.82,343.08
476.72,352.68,468.05
479.65,352.54,593.02
472.58,477.81,343.25
475.5,477.67,468.22
478.43,477.54,593.18
225.61,226.84,473.64
227.95,228.69,598.61
230.28,230.55,723.58
224.78,351.82,471.81
227.12,353.68,596.77
229.45,355.53,721.74
223.95,476.81,469.97
226.28,478.66,594.94
228.62,480.51,719.9
350.59,227.63,471.3
352.92,229.48,596.27
355.25,231.34,721.24
349.76,352.61,469.46
352.09,354.47,594.43
354.42,356.32,719.4
348.92,477.6,467.63
351.26,479.45,592.59
353.59,481.3,717.56
475.56,228.42,468.96
477.9,230.27,593.93
480.23,232.13,718.89
474.73,353.4,467.12
477.06,355.26,592.09
479.4,357.11,717.06
473.9,478.39,465.28
476.23,480.24,590.25
478.57,482.09,715.22
226.84,224.07,601.06
228.55,225.3,726.04
230.26,226.54,851.02
223.83,349.03,599.86
225.54,350.26,724.84
227.26,351.49,849.82
220.82,473.98,598.67
222.53,475.22,723.65
224.25,476.45,848.63
351.79,227.06,599.32
353.5,228.29,724.3
355.22,229.53,849.28
348.78,352.02,598.12
350.49,353.25,723.1
352.21,354.48,848.08
345.77,476.97,596.93
347.49,478.21,721.91
349.2,479.44,846.89
476.74,230.05,597.57
478.46,231.28,722.55
480.17,232.52,847.53
473.73,355.01,596.38
475.45,356.24,721.36
477.16,357.47,846.34
470.73,479.96,595.19
472.44,481.2,720.17
474.15,482.43,845.15
226.41,348.58,98.374
227.92,349.24,223.36
229.43,349.89,348.35
224.22,473.56,97.746
225.73,474.22,222.74
227.24,474.87,347.73
222.03,598.54,97.117
223.54,599.2,222.11
225.04,599.85,347.1
351.38,350.77,96.855
352.89,351.43,221.84
354.4,352.08,346.84
349.19,475.75,96.226
350.7,476.41,221.22
352.21,477.06,346.21
347,600.73,95.598
348.51,601.38,220.59
350.02,602.04,345.58
476.35,352.96,95.335
477.86,353.61,220.33
479.37,354.27,345.32
474.16,477.94,94.707
475.67,478.59,219.7
477.18,479.25,344.69
471.97,602.92,94.078
473.48,603.57,219.07
474.99,604.23,344.06
223.23,349.82,225.24
219.95,346.26,350.15
216.66,342.7,475.06
223.01,474.77,228.8
219.73,471.21,353.71
216.44,467.64,478.62
222.79,599.71,232.36
219.51,596.15,357.27
216.22,592.59,482.17
348.19,349.94,228.53
344.91,346.38,353.44
341.62,342.82,478.35
347.97,474.89,232.09
344.69,471.33,357
341.4,467.77,481.91
347.75,599.84,235.65
344.47,596.28,360.55
341.18,592.72,485.46
473.15,350.07,231.82
469.87,346.5,356.73
466.58,342.94,481.64
472.93,475.01,235.38
469.65,471.45,360.29
466.36,467.89,485.2
472.71,599.96,238.94
469.43,596.4,363.84
466.14,592.84,488.75
223.91,351.13,351.83
225.53,353.06,476.81
227.14,355,601.78
221.13,476.08,349.93
222.74,478.02,474.9
224.36,479.96,599.88
218.35,601.04,348.03
219.96,602.97,473
221.57,604.91,597.98
348.87,353.88,350.18
350.48,355.82,475.15
352.1,357.76,600.13
346.09,478.84,348.27
347.7,480.78,473.25
349.32,482.71,598.22
343.3,603.79,346.37
344.92,605.73,471.35
346.53,607.67,596.32
473.83,356.64,348.52
475.44,358.58,473.5
477.06,360.52,598.47
471.05,481.6,346.62
472.66,483.54,471.59
474.28,485.47,596.57
468.26,606.55,344.72
469.88,608.49,469.69
471.49,610.43,594.67
226.29,348.65,474.71
228.1,345.66,599.66
229.91,342.66,724.61
224.81,473.6,477.72
226.62,470.61,602.67
228.43,467.62,727.62
223.34,598.56,480.73
225.15,595.57,605.68
226.96,592.58,730.63
351.27,350.16,472.94
353.08,347.17,597.89
354.89,344.18,722.84
349.79,475.12,475.95
351.6,472.13,600.9
353.41,469.14,725.85
348.32,600.07,478.96
350.13,597.08,603.91
351.94,594.09,728.86
476.25,351.68,471.17
478.06,348.69,596.12
479.87,345.7,721.07
474.77,476.63,474.18
476.58,473.64,599.13
478.39,470.65,724.08
473.3,601.59,477.19
475.11,598.6,602.14
476.92,595.61,727.09
224.31,348.14,599.1
225.84,351.4,724.05
227.37,354.66,849
227.02,473.07,595.8
228.55,476.33,720.76
230.08,479.59,845.71
229.73,598,592.51
231.26,601.26,717.46
232.79,604.52,842.42
349.28,345.4,597.64
350.8,348.66,722.59
352.33,351.92,847.55
351.98,470.33,594.35
353.51,473.59,719.3
355.04,476.84,844.25
354.69,595.25,591.06
356.22,598.51,716.01
357.75,601.77,840.96
474.24,342.65,596.19
475.76,345.91,721.14
477.29,349.17,846.09
476.94,467.58,592.9
478.47,470.84,717.85
480,474.1,842.8
479.65,592.51,589.6
481.18,595.77,714.55
482.71,599.03,839.51
223.68,473.48,99.673
225.23,471.24,224.64
226.78,469.01,349.61
226.26,598.43,101.88
227.81,596.2,226.85
229.36,593.96,351.82
228.84,723.39,104.08
230.39,721.15,229.06
231.94,718.91,354.03
348.64,470.93,98.081
350.19,468.69,223.05
351.74,466.45,348.02
351.22,595.88,100.29
352.77,593.64,225.26
354.32,591.41,350.23
353.8,720.83,102.49
355.35,718.6,227.46
356.9,716.36,352.43
473.6,468.38,96.489
475.15,466.14,221.46
476.7,463.9,346.43
476.18,593.33,98.696
477.73,591.09,223.67
479.28,588.85,348.64
478.76,718.28,100.9
480.31,716.04,225.87
481.86,713.8,350.84
226.5,476.53,223.92
223.71,475.85,348.89
220.93,475.16,473.86
226.17,601.53,224.59
223.38,600.84,349.56
220.6,600.16,474.53
225.84,726.52,225.27
223.05,725.84,350.24
220.27,725.16,475.21
351.47,476.84,226.71
348.68,476.16,351.67
345.89,475.47,476.64
351.14,601.84,227.38
348.35,601.16,352.35
345.57,600.47,477.32
350.81,726.84,228.06
348.02,726.15,353.03
345.24,725.47,478
476.43,477.16,229.49
473.65,476.47,354.46
470.86,475.79,479.43
476.1,602.16,230.17
473.32,601.47,355.14
470.53,600.79,480.11
475.78,727.15,230.85
472.99,726.47,355.81
470.2,725.78,480.78
226.59,476.06,349.1
224.03,476.83,474.07
221.46,477.6,599.04
228.67,601.04,348.37
226.11,601.81,473.34
223.54,602.58,598.31
230.75,726.01,347.63
228.19,726.79,472.6
225.63,727.56,597.57
351.55,473.99,351.67
348.98,474.77,476.64
346.42,475.54,601.61
353.63,598.97,350.94
351.06,599.74,475.91
348.5,600.52,600.88
355.71,723.95,350.2
353.15,724.72,475.17
350.58,725.49,600.14
476.5,471.93,354.24
473.94,472.7,479.21
471.38,473.47,604.18
478.58,596.91,353.51
476.02,597.68,478.48
473.46,598.45,603.45
480.66,721.89,352.77
478.1,722.66,477.74
475.54,723.43,602.72
224.38,474.34,476.78
225.66,471.54,601.74
226.95,468.74,726.7
223.09,599.3,479.59
224.37,596.5,604.55
225.65,593.7,729.51
221.8,724.26,482.41
223.08,721.46,607.37
224.36,718.66,732.33
349.37,475.66,475.53
350.65,472.86,600.49
351.93,470.06,725.44
348.08,600.62,478.34
349.36,597.82,603.3
350.64,595.02,728.26
346.79,725.58,481.16
348.07,722.78,606.12
349.35,719.98,731.08
474.36,476.98,474.28
475.64,474.18,599.23
476.92,471.38,724.19
473.07,601.95,477.09
474.35,599.14,602.05
475.63,596.34,727.01
471.77,726.91,479.91
473.05,724.11,604.87
474.33,721.3,729.83
223.93,476.81,598.6
225.9,479.71,723.55
227.87,482.6,848.5
222.14,601.76,595.73
224.12,604.66,720.68
226.09,607.55,845.63
220.36,726.71,592.86
222.33,729.61,717.81
224.3,732.5,842.76
348.9,478.54,596.59
350.87,481.44,721.54
352.84,484.33,846.49
347.12,603.5,593.73
349.09,606.39,718.68
351.06,609.28,843.62
345.34,728.45,590.86
347.31,731.34,715.81
349.28,734.23,840.76
473.88,480.28,594.59
475.85,483.17,719.54
477.82,486.06,844.49
472.1,605.23,591.72
474.07,608.12,716.67
476.04,611.02,841.62
470.31,730.18,588.85
472.28,733.07,713.8
474.26,735.97,838.75
223.19,599.22,99.907
224.43,601.61,224.88
225.67,603.99,349.85
219.85,724.15,97.556
221.09,726.54,222.53
222.32,728.92,347.49
216.5,849.08,95.205
217.74,851.47,220.17
218.98,853.85,345.14
348.14,602.54,98.6
349.38,604.92,223.57
350.62,607.31,348.54
344.79,727.47,96.249
346.03,729.85,221.22
347.27,732.24,346.19
341.45,852.4,93.898
342.69,854.78,218.87
343.93,857.17,343.84
473.09,605.85,97.293
474.32,608.24,222.26
475.56,610.62,347.23
469.74,730.78,94.942
470.98,733.17,219.91
472.22,735.55,344.88
466.39,855.71,92.591
467.63,858.1,217.56
468.87,860.48,342.53
223.06,599.33,223.28
223.23,598.6,348.28
223.4,597.87,473.28
225.86,724.3,224.01
226.03,723.57,349.01
226.19,722.84,474.01
228.65,849.27,224.74
228.82,848.54,349.74
228.99,847.81,474.73
348.03,596.54,223.1
348.2,595.81,348.1
348.36,595.08,473.09
350.82,721.51,223.83
350.99,720.78,348.82
351.16,720.04,473.82
353.62,846.47,224.55
353.79,845.74,349.55
353.96,845.01,474.55
472.99,593.75,222.91
473.16,593.02,347.91
473.33,592.28,472.91
475.79,718.71,223.64
475.96,717.98,348.64
476.13,717.25,473.63
478.59,843.68,224.37
478.76,842.95,349.36
478.93,842.22,474.36
224.32,600.44,349.14
225.88,601.11,474.12
227.45,601.78,599.11
224.2,725.44,348.47
225.76,726.11,473.46
227.33,726.78,598.44
224.08,850.44,347.8
225.64,851.11,472.79
227.21,851.78,597.78
349.31,600.55,347.57
350.88,601.22,472.55
352.44,601.89,597.54
349.19,725.55,346.9
350.76,726.22,471.89
352.32,726.89,596.87
349.07,850.55,346.23
350.64,851.22,471.22
352.2,851.89,596.2
474.31,600.66,345.99
475.87,601.33,470.98
477.44,602,595.97
474.19,725.66,345.33
475.75,726.33,470.31
477.32,727,595.3
474.07,850.66,344.66
475.63,851.33,469.65
477.2,852,594.63
223.17,599.22,475.63
221.44,598.28,600.61
219.7,597.34,725.6
223.74,724.22,476.57
222.01,723.28,601.56
220.27,722.34,726.54
224.31,849.21,477.52
222.58,848.27,602.51
220.84,847.33,727.49
348.16,598.63,477.35
346.42,597.69,602.34
344.69,596.75,727.33
348.73,723.63,478.3
346.99,722.69,603.29
345.26,721.75,728.27
349.3,848.63,479.25
347.56,847.69,604.24
345.83,846.75,729.22
473.14,598.05,479.08
471.41,597.11,604.07
469.67,596.17,729.05
473.71,723.04,480.03
471.98,722.1,605.02
470.25,721.16,730
474.29,848.04,480.98
472.55,847.1,605.96
470.82,846.16,730.95
225.8,599.66,601.65
227.03,596.18,726.6
228.27,592.7,851.54
228.92,724.57,605.09
230.15,721.09,730.04
231.39,717.61,854.99
232.04,849.49,608.54
233.28,846.01,733.48
234.51,842.53,858.43
350.75,596.57,600.33
351.99,593.09,725.28
353.22,589.61,850.23
353.88,721.49,603.78
355.11,718,728.72
356.35,714.52,853.67
357,846.4,607.22
358.23,842.92,732.17
359.47,839.44,857.11
475.71,593.48,599.02
476.94,590,723.96
478.18,586.52,848.91
478.83,718.4,602.46
480.07,714.92,727.41
481.3,711.44,852.35
481.96,843.31,605.9
483.19,839.83,730.85
484.43,836.35,855.8
350.4,101.4,100.04
347.07,101.51,225
343.75,101.62,349.95
347.33,226.36,99.853
344,226.47,224.81
340.67,226.57,349.76
344.25,351.32,99.663
340.93,351.42,224.62
337.6,351.53,349.57
475.32,104.48,103.37
471.99,104.59,228.32
468.67,104.7,353.28
472.25,229.44,103.18
468.92,229.55,228.13
465.59,229.66,353.09
469.17,354.4,102.99
465.85,354.51,227.94
462.52,354.61,352.9
600.24,107.56,106.69
596.92,107.67,231.65
593.59,107.78,356.6
597.17,232.52,106.5
593.84,232.63,231.46
590.52,232.74,356.41
594.1,357.48,106.31
590.77,357.59,231.27
587.44,357.7,356.22
350.01,98.289,224.9
348.08,97.575,349.88
346.15,96.862,474.86
349.79,223.29,225.61
347.86,222.57,350.59
345.93,221.86,475.57
349.57,348.28,226.32
347.64,347.57,351.3
345.71,346.85,476.28
475,98.494,226.83
473.07,97.781,351.81
471.14,97.067,476.79
474.78,223.49,227.54
472.85,222.78,352.52
470.92,222.06,477.5
474.56,348.49,228.25
472.63,347.77,353.23
470.7,347.06,478.21
599.99,98.7,228.76
598.06,97.986,353.74
596.13,97.272,478.72
599.77,223.7,229.47
597.84,222.98,354.45
595.91,222.27,479.43
599.55,348.69,230.18
597.62,347.98,355.16
595.69,347.26,480.14
350.41,100.25,350.97
351.92,102.94,475.93
353.42,105.64,600.9
351.9,225.21,348.26
353.4,227.91,473.22
354.9,230.6,598.18
353.39,350.17,345.54
354.89,352.87,470.51
356.39,355.56,595.47
475.39,98.727,349.5
476.9,101.42,474.46
478.4,104.12,599.43
476.88,223.69,346.78
478.38,226.38,471.75
479.88,229.08,596.71
478.37,348.65,344.07
479.87,351.34,469.03
481.37,354.04,594
600.37,97.204,348.02
601.88,99.899,472.99
603.38,102.59,597.95
601.86,222.16,345.31
603.36,224.86,470.27
604.86,227.56,595.24
603.35,347.13,342.6
604.85,349.82,467.56
606.35,352.52,592.52
350.66,100.77,473.68
354.14,103.01,598.61
357.62,105.24,723.55
349.32,225.75,471.49
352.8,227.98,596.42
356.27,230.22,721.35
347.97,350.72,469.29
351.45,352.96,594.22
354.93,355.19,719.15
475.61,102.05,470.18
479.09,104.29,595.11
482.56,106.52,720.04
474.26,227.03,467.98
477.74,229.26,592.91
481.22,231.5,717.85
472.92,352,465.79
476.4,354.24,590.72
479.87,356.47,715.65
600.55,103.34,466.68
604.03,105.57,591.61
607.51,107.8,716.54
599.21,228.31,464.48
602.68,230.55,589.41
606.16,232.78,714.34
597.86,353.29,462.28
601.34,355.52,587.21
604.82,357.75,712.15
349.46,101.1,598.05
350.61,102.17,723.05
351.77,103.24,848.04
349.81,226.09,596.99
350.96,227.16,721.98
352.12,228.23,846.97
350.16,351.09,595.92
351.31,352.16,720.91
352.47,353.23,845.9
474.45,100.74,596.9
475.61,101.81,721.89
476.76,102.88,846.88
474.8,225.73,595.83
475.96,226.8,720.82
477.11,227.87,845.81
475.15,350.73,594.76
476.31,351.8,719.75
477.46,352.87,844.75
599.44,100.38,595.74
600.6,101.45,720.73
601.76,102.52,845.73
599.79,225.37,594.67
600.95,226.44,719.67
602.11,227.51,844.66
600.14,350.37,593.61
601.3,351.44,718.6
602.46,352.51,843.59
348,223.02,99.882
345.98,220.66,224.84
343.96,218.29,349.8
349.28,348,102.26
347.25,345.63,227.22
345.23,343.27,352.18
350.55,472.97,104.65
348.53,470.61,229.6
346.51,468.24,354.56
472.98,221.71,101.88
470.95,219.34,226.84
468.93,216.97,351.8
474.25,346.68,104.26
472.23,344.32,229.22
470.21,341.95,354.18
475.53,471.66,106.65
473.5,469.29,231.6
471.48,466.93,356.56
597.95,220.39,103.88
595.93,218.02,228.84
593.91,215.66,353.8
599.23,345.36,106.26
597.2,343,231.22
595.18,340.63,356.18
600.5,470.34,108.65
598.48,467.97,233.6
596.46,465.61,358.56
351.52,223.31,225.17
353.32,219.81,350.11
355.12,216.3,475.05
351.76,348.26,228.67
353.56,344.76,353.61
355.36,341.25,478.55
352,473.21,232.17
353.8,469.7,357.11
355.6,466.2,482.04
476.51,223.12,223.36
478.31,219.62,348.3
480.11,216.12,473.24
476.75,348.07,226.86
478.55,344.57,351.8
480.35,341.07,476.73
476.99,473.02,230.36
478.79,469.52,355.29
480.59,466.02,480.23
601.5,222.94,221.55
603.3,219.43,346.49
605.11,215.93,471.43
601.74,347.89,225.05
603.54,344.38,349.99
605.34,340.88,474.92
601.98,472.83,228.55
603.78,469.33,353.48
605.58,465.83,478.42
349.11,226.55,348.3
345.76,224.23,473.23
342.4,221.9,598.17
347.98,351.53,350.6
344.62,349.2,475.53
341.26,346.87,600.47
346.85,476.5,352.9
343.49,474.17,477.83
340.13,471.85,602.77
474.06,227.63,351.67
470.71,225.3,476.6
467.35,222.97,601.54
472.93,352.6,353.97
469.57,350.27,478.91
466.22,347.95,603.84
471.8,477.58,356.27
468.44,475.25,481.21
465.08,472.92,606.14
599.01,228.7,355.04
595.66,226.38,479.98
592.3,224.05,604.91
597.88,353.68,357.34
594.52,351.35,482.28
591.17,349.02,607.21
596.75,478.65,359.64
593.39,476.32,484.58
590.03,474,609.51
350.89,223.65,475.21
350.66,227.09,600.16
350.42,230.52,725.12
348.78,348.58,471.77
348.55,352.02,596.72
348.31,355.46,721.68
346.67,473.52,468.33
346.44,476.95,593.28
346.2,480.39,718.23
475.88,225.76,475.39
475.64,229.2,600.34
475.41,232.64,725.29
473.77,350.69,471.94
473.53,354.13,596.9
473.3,357.57,721.85
471.66,475.63,468.5
471.43,479.07,593.45
471.19,482.51,718.41
600.86,227.87,475.56
600.63,231.31,600.51
600.39,234.75,725.47
598.76,352.81,472.12
598.52,356.24,597.07
598.28,359.68,722.02
596.65,477.74,468.68
596.41,481.18,593.63
596.18,484.62,718.58
351.08,225.53,598.11
350.26,223.61,723.1
349.44,221.69,848.08
350.14,350.51,600.03
349.31,348.59,725.01
348.49,346.68,849.99
349.19,475.5,601.94
348.37,473.58,726.92
347.55,471.66,851.91
476.08,226.46,598.95
475.26,224.54,723.93
474.43,222.62,848.92
475.13,351.44,600.87
474.31,349.52,725.85
473.49,347.6,850.83
474.19,476.42,602.78
473.37,474.5,727.76
472.54,472.59,852.74
601.08,227.38,599.79
600.25,225.46,724.77
599.43,223.54,849.75
600.13,352.37,601.7
599.31,350.45,726.68
598.49,348.53,851.67
599.18,477.35,603.62
598.36,475.43,728.6
597.54,473.51,853.58
350.33,351,101.29
352.5,348.09,226.23
354.67,345.18,351.18
353.59,475.92,104.14
355.76,473.01,229.09
357.93,470.1,354.03
356.85,600.84,106.99
359.01,597.93,231.94
361.18,595.02,356.88
475.27,347.79,99.043
477.44,344.88,223.99
479.61,341.97,348.94
478.53,472.71,101.89
480.7,469.8,226.84
482.87,466.89,351.79
481.79,597.63,104.75
483.96,594.73,229.69
486.13,591.82,354.64
600.21,344.58,96.798
602.38,341.67,221.74
604.55,338.76,346.69
603.47,469.5,99.65
605.64,466.59,224.6
607.81,463.69,349.54
606.73,594.43,102.5
608.9,591.52,227.45
611.07,588.61,352.39
351.29,349.83,223.54
352.21,351.79,348.53
353.12,353.76,473.51
348.57,474.79,221.6
349.48,476.75,346.58
350.39,478.72,471.56
345.84,599.74,219.65
346.75,601.71,344.63
347.67,603.67,469.61
476.25,352.53,222.59
477.17,354.5,347.57
478.08,356.47,472.55
473.53,477.49,220.64
474.44,479.46,345.62
475.35,481.42,470.61
470.8,602.45,218.69
471.72,604.41,343.68
472.63,606.38,468.66
601.21,355.24,221.63
602.13,357.21,346.62
603.04,359.17,471.6
598.49,480.2,219.69
599.4,482.16,344.67
600.32,484.13,469.65
595.76,605.15,217.74
596.68,607.12,342.72
597.59,609.09,467.71
349.62,350.47,348.89
351.86,350.31,473.87
354.11,350.15,598.85
347.11,475.45,349.1
349.36,475.28,474.08
351.6,475.12,599.06
344.61,600.42,349.31
346.85,600.26,474.29
349.09,600.09,599.27
474.58,352.99,346.65
476.82,352.83,471.63
479.06,352.66,596.61
472.07,477.96,346.86
474.31,477.8,471.84
476.55,477.64,596.82
469.56,602.94,347.07
471.8,602.77,472.05
474.04,602.61,597.03
599.53,355.5,344.42
601.77,355.34,469.4
604.01,355.18,594.38
597.02,480.48,344.62
599.26,480.31,469.6
601.5,480.15,594.58
594.51,605.45,344.83
596.75,605.29,469.81
598.99,605.12,594.79
349.36,349.59,474.21
349.48,352.07,599.18
349.61,354.55,724.16
351.95,474.54,471.72
352.07,477.02,596.7
352.2,479.5,721.68
354.54,599.5,469.24
354.66,601.97,594.22
354.79,604.45,719.2
474.33,347,474.13
474.45,349.47,599.11
474.58,351.95,724.09
476.92,471.95,471.65
477.04,474.42,596.63
477.17,476.9,721.61
479.51,596.9,469.17
479.63,599.38,594.15
479.76,601.85,719.12
599.3,344.4,474.05
599.42,346.88,599.03
599.55,349.35,724.01
601.89,469.35,471.57
602.01,471.83,596.55
602.14,474.3,721.53
604.48,594.3,469.09
604.6,596.78,594.07
604.73,599.26,719.05
349.24,351.3,600.14
348.8,353.07,725.12
348.36,354.83,850.11
347.43,476.28,598.37
346.99,478.04,723.36
346.55,479.8,848.34
345.63,601.25,596.6
345.19,603.02,721.59
344.75,604.78,846.58
474.22,353.12,600.55
473.78,354.88,725.54
473.34,356.64,850.52
472.42,478.09,598.78
471.98,479.86,723.77
471.54,481.62,848.76
470.61,603.07,597.02
470.17,604.83,722.01
469.73,606.59,846.99
599.21,354.93,600.96
598.77,356.7,725.95
598.33,358.46,850.94
597.4,479.91,599.2
596.96,481.67,724.18
596.53,483.43,849.17
595.6,604.88,597.43
595.16,606.64,722.42
594.72,608.41,847.41
348.54,474.28,98.879
351.91,476,223.82
355.27,477.73,348.76
348.51,599.27,97.149
351.88,600.99,222.09
355.25,602.72,347.03
348.49,724.25,95.418
351.86,725.98,220.36
355.23,727.7,345.3
473.49,474.26,95.507
476.86,475.98,220.45
480.23,477.71,345.39
473.47,599.24,93.776
476.84,600.97,218.72
480.2,602.69,343.66
473.44,724.23,92.046
476.81,725.95,216.99
480.18,727.68,341.93
598.45,474.24,92.135
601.81,475.96,217.08
605.18,477.68,342.02
598.42,599.22,90.404
601.79,600.95,215.35
605.16,602.67,340.29
598.4,724.21,88.674
601.76,725.93,213.61
605.13,727.66,338.56
351.92,476.7,225.11
354.66,475.96,350.08
357.41,475.21,475.05
349.04,601.67,225.92
351.79,600.92,350.89
354.53,600.17,475.86
346.16,726.63,226.73
348.91,725.88,351.7
351.65,725.14,476.67
476.86,479.6,222.38
479.6,478.85,347.35
482.35,478.1,472.32
473.98,604.56,223.2
476.72,603.81,348.16
479.47,603.07,473.13
471.1,729.53,224.01
473.85,728.78,348.98
476.59,728.03,473.95
601.8,482.49,219.66
604.54,481.74,344.63
607.29,481,469.6
598.92,607.46,220.47
601.66,606.71,345.44
604.41,605.96,470.41
596.04,732.42,221.28
598.79,731.67,346.25
601.53,730.92,471.22
348.52,474.55,348.82
351.98,477.58,473.73
355.43,480.61,598.65
350.7,599.49,345.73
354.15,602.52,470.64
357.6,605.55,595.56
352.87,724.43,342.64
356.32,727.46,467.55
359.77,730.49,592.47
473.46,472.29,345.42
476.91,475.32,470.33
480.36,478.35,595.25
475.63,597.23,342.33
479.08,600.26,467.24
482.54,603.29,592.16
477.8,722.17,339.24
481.25,725.2,464.15
484.71,728.24,589.07
598.39,470.03,342.02
601.84,473.06,466.94
605.3,476.09,591.85
600.56,594.97,338.93
604.01,598,463.84
607.47,601.03,588.76
602.73,719.92,335.84
606.18,722.95,460.75
609.64,725.98,585.67
348.78,475.05,476.83
351.49,475.96,601.79
354.2,476.88,726.76
348.23,600.05,475.92
350.94,600.96,600.89
353.66,601.87,725.86
347.68,725.04,475.02
350.39,725.96,599.99
353.11,726.87,724.95
473.75,475.58,474.11
476.46,476.49,599.07
479.17,477.41,724.04
473.2,600.57,473.2
475.91,601.49,598.17
478.62,602.4,723.14
472.65,725.57,472.3
475.36,726.48,597.27
478.07,727.4,722.23
598.71,476.11,471.39
601.43,477.02,596.35
604.14,477.93,721.32
598.16,601.1,470.48
600.88,602.02,595.45
603.59,602.93,720.42
597.61,726.1,469.58
600.33,727.01,594.55
603.04,727.92,719.51
351.58,473.64,600.4
351.42,473.28,725.4
351.26,472.93,850.41
350.95,598.64,600.75
350.79,598.28,725.75
350.64,597.93,850.76
350.33,723.64,601.1
350.17,723.28,726.1
350.01,722.93,851.11
476.58,474.25,600.55
476.42,473.9,725.56
476.26,473.54,850.56
475.95,599.25,600.91
475.8,598.9,725.91
475.64,598.54,850.91
475.33,724.25,601.26
475.17,723.9,726.26
475.02,723.54,851.26
601.58,474.87,600.71
601.42,474.51,725.71
601.26,474.16,850.71
600.95,599.87,601.06
600.8,599.51,726.06
600.64,599.16,851.06
600.33,724.87,601.41
600.17,724.51,726.41
600.02,724.16,851.42
348.68,600.04,101.55
346.71,599.98,226.54
344.75,599.93,351.52
344.98,724.99,101.55
343.01,724.93,226.53
341.05,724.88,351.52
341.28,849.93,101.55
339.31,849.88,226.53
337.35,849.83,351.51
473.61,603.74,103.53
471.64,603.68,228.51
469.68,603.63,353.49
469.91,728.69,103.52
467.94,728.63,228.51
465.98,728.58,353.49
466.21,853.64,103.52
464.24,853.58,228.5
462.28,853.53,353.49
598.54,607.44,105.5
596.57,607.39,230.48
594.61,607.33,355.46
594.84,732.39,105.49
592.87,732.34,230.48
590.91,732.28,355.46
591.14,857.34,105.49
589.17,857.29,230.47
587.21,857.23,355.46
349.36,599.44,224.23
352.93,596.87,349.15
356.51,594.31,474.08
351.11,724.4,226.74
354.69,721.84,351.66
358.27,719.27,476.59
352.87,849.36,229.25
356.45,846.8,354.18
360.03,844.23,479.1
474.29,597.75,220.62
477.87,595.19,345.54
481.45,592.62,470.46
476.05,722.71,223.13
479.63,720.15,348.05
483.21,717.58,472.97
477.81,847.68,225.64
481.39,845.11,350.56
484.97,842.55,475.49
599.23,596.07,217.01
602.81,593.5,341.93
606.39,590.94,466.85
600.99,721.03,219.52
604.57,718.46,344.44
608.15,715.9,469.36
602.75,845.99,222.03
606.33,843.43,346.95
609.9,840.86,471.87
348.23,598.42,348.87
345.36,600.88,473.82
342.5,603.33,598.77
349.46,723.39,346.44
346.59,725.85,471.39
343.72,728.3,596.34
350.69,848.36,344.01
347.82,850.82,468.96
344.95,853.27,593.91
473.19,597.25,351.77
470.32,599.7,476.71
467.46,602.16,601.66
474.42,722.22,349.34
471.55,724.67,474.28
468.69,727.13,599.23
475.65,847.19,346.91
472.78,849.64,471.85
469.91,852.1,596.8
598.15,596.08,354.66
595.28,598.53,479.6
592.42,600.98,604.55
599.38,721.05,352.23
596.51,723.5,477.17
593.65,725.95,602.12
600.61,846.02,349.8
597.74,848.47,474.74
594.88,850.92,599.69
350.66,599.66,475.8
350.51,601.06,600.79
350.37,602.46,725.78
350.37,724.65,474.4
350.22,726.05,599.38
350.08,727.45,724.37
350.08,849.65,472.99
349.94,851.04,597.98
349.79,852.44,722.97
475.66,599.95,475.93
475.51,601.35,600.92
475.37,602.75,725.91
475.37,724.94,474.53
475.23,726.34,599.52
475.08,727.74,724.51
475.09,849.94,473.13
474.94,851.33,598.12
474.8,852.73,723.11
600.66,600.24,476.07
600.52,601.64,601.06
600.37,603.04,726.05
600.37,725.23,474.67
600.23,726.63,599.66
600.08,728.03,724.65
600.09,850.23,473.26
599.94,851.62,598.25
599.8,853.02,723.24
351.37,598.22,599.1
352.33,598.74,724.09
353.29,599.25,849.09
349.21,723.2,598.61
350.17,723.72,723.6
351.13,724.23,848.6
347.05,848.18,598.12
348.01,848.69,723.11
348.97,849.21,848.11
476.35,600.37,598.13
477.31,600.89,723.12
478.27,601.4,848.12
474.18,725.35,597.64
475.14,725.87,722.63
476.11,726.38,847.63
472.02,850.33,597.14
472.98,850.84,722.14
473.94,851.36,847.13
601.32,602.52,597.15
602.28,603.04,722.15
603.24,603.55,847.14
599.16,727.5,596.66
600.12,728.02,721.66
601.08,728.53,846.65
597,852.48,596.17
597.96,852.99,721.17
598.92,853.51,846.16
473.83,100.99,101.15
474.96,101.61,226.14
476.09,102.22,351.13
474.17,225.99,100.53
475.31,226.61,225.52
476.44,227.22,350.52
474.52,350.99,99.91
475.65,351.6,224.9
476.78,352.22,349.9
598.82,100.63,100.01
599.95,101.25,225.01
601.09,101.86,350
599.17,225.63,99.393
600.3,226.25,224.39
601.43,226.86,349.38
599.52,350.63,98.775
600.65,351.25,223.77
601.78,351.86,348.76
723.82,100.28,98.876
724.95,100.89,223.87
726.08,101.51,348.86
724.16,225.28,98.258
725.3,225.89,223.25
726.43,226.51,348.25
724.51,350.28,97.64
725.64,350.89,222.63
726.78,351.51,347.63
475.8,99.665,224.66
472.92,101.96,349.61
470.04,104.26,474.56
478.64,224.61,222.43
475.76,226.91,347.38
472.89,229.21,472.32
481.48,349.56,220.2
478.61,351.86,345.14
475.73,354.15,470.09
600.73,96.867,227.59
597.85,99.163,352.54
594.98,101.46,477.48
603.57,221.82,225.36
600.7,224.11,350.3
597.82,226.41,475.25
606.42,346.76,223.12
603.54,349.06,348.07
600.66,351.36,473.02
725.66,94.07,230.52
722.78,96.366,355.46
719.91,98.662,480.41
728.5,219.02,228.28
725.63,221.31,353.23
722.75,223.61,478.18
731.35,343.97,226.05
728.47,346.26,351
725.59,348.56,475.94
476.49,98.403,351.32
476.88,98.942,476.32
477.27,99.48,601.32
473.42,223.37,350.79
473.81,223.91,475.79
474.2,224.44,600.79
470.36,348.33,350.26
470.74,348.87,475.25
471.13,349.41,600.25
601.46,101.47,350.92
601.85,102.01,475.92
602.24,102.55,600.92
598.39,226.44,350.39
598.78,226.97,475.39
599.17,227.51,600.39
595.32,351.4,349.86
595.71,351.94,474.85
596.1,352.48,599.85
726.42,104.54,350.53
726.81,105.08,475.52
727.2,105.62,600.52
723.35,229.5,349.99
723.74,230.04,474.99
724.13,230.58,599.99
720.29,354.47,349.46
720.67,355.01,474.46
721.06,355.55,599.45
475.56,100.51,473.93
473.63,98.7,598.9
471.7,96.889,723.87
477.48,225.48,475.77
475.55,223.67,600.74
473.62,221.86,725.71
479.39,350.46,477.61
477.47,348.65,602.58
475.54,346.84,727.55
600.53,98.562,475.83
598.6,96.752,600.8
596.68,94.942,725.77
602.45,223.54,477.67
600.52,221.72,602.64
598.59,219.91,727.61
604.37,348.51,479.51
602.44,346.7,604.48
600.51,344.89,729.45
725.5,96.615,477.73
723.57,94.804,602.69
721.65,92.994,727.66
727.42,221.59,479.57
725.49,219.78,604.54
723.57,217.97,729.51
729.34,346.56,481.41
727.41,344.75,606.38
725.49,342.94,731.35
476.5,99.749,598.3
477.71,100.06,723.3
478.93,100.37,848.29
478.15,224.74,597.98
479.37,225.05,722.97
480.59,225.36,847.97
479.81,349.74,597.66
481.03,350.05,722.65
482.25,350.36,847.65
601.48,98.085,597.09
602.7,98.395,722.08
603.91,98.705,847.08
603.14,223.08,596.76
604.35,223.39,721.76
605.57,223.7,846.75
604.79,348.07,596.44
606.01,348.38,721.43
607.23,348.69,846.43
726.46,96.421,595.87
727.68,96.731,720.86
728.89,97.041,845.86
728.12,221.41,595.55
729.34,221.72,720.54
730.55,222.03,845.54
729.78,346.41,595.22
730.99,346.72,720.22
732.21,347.03,845.21
474.58,226.3,99.924
477.06,228.1,224.89
479.55,229.9,349.85
473.91,351.28,98.133
476.39,353.08,223.09
478.88,354.89,348.06
473.23,476.27,96.343
475.72,478.07,221.3
478.21,479.87,346.27
599.55,226.93,97.432
602.04,228.73,222.39
604.52,230.53,347.35
598.88,351.92,95.641
601.37,353.72,220.6
603.85,355.52,345.56
598.21,476.9,93.851
600.7,478.7,218.81
603.18,480.5,343.77
724.52,227.56,94.94
727.01,229.36,219.9
729.5,231.17,344.86
723.85,352.55,93.149
726.34,354.35,218.11
728.83,356.15,343.07
723.18,477.53,91.359
725.67,479.34,216.32
728.16,481.14,341.28
473.98,223.94,225.32
472.82,223.28,350.32
471.66,222.62,475.31
476.44,348.91,226
475.28,348.25,351
474.12,347.59,475.99
478.9,473.88,226.68
477.74,473.23,351.68
476.58,472.57,476.67
598.95,221.47,226.47
597.79,220.81,351.46
596.63,220.15,476.46
601.41,346.44,227.15
600.25,345.78,352.14
599.09,345.12,477.14
603.87,471.41,227.83
602.71,470.76,352.82
601.55,470.1,477.82
723.92,219,227.62
722.76,218.34,352.61
721.6,217.68,477.61
726.38,343.97,228.3
725.22,343.31,353.29
724.06,342.66,478.29
728.84,468.94,228.97
727.68,468.29,353.97
726.52,467.63,478.97
473.8,223.14,350.76
477.27,224.32,475.71
480.74,225.5,600.66
475.14,348.12,349.54
478.61,349.3,474.49
482.07,350.49,599.44
476.48,473.11,348.32
479.94,474.29,473.27
483.41,475.47,598.22
598.74,221.77,347.31
602.21,222.95,472.26
605.68,224.13,597.2
600.08,346.75,346.09
603.55,347.93,471.03
607.02,349.11,595.98
601.42,471.74,344.87
604.89,472.92,469.81
608.35,474.1,594.76
723.68,220.39,343.85
727.15,221.58,468.8
730.62,222.76,593.75
725.02,345.38,342.63
728.49,346.56,467.58
731.96,347.74,592.53
726.36,470.36,341.41
729.83,471.55,466.36
733.29,472.73,591.31
473.79,224.95,475.77
473.9,227.74,600.74
474.01,230.53,725.71
473.62,349.92,472.98
473.73,352.71,597.95
473.84,355.5,722.92
473.45,474.88,470.2
473.56,477.67,595.16
473.67,480.47,720.13
598.79,225.11,475.66
598.9,227.9,600.63
599.01,230.69,725.6
598.62,350.08,472.87
598.73,352.87,597.84
598.84,355.66,722.81
598.45,475.04,470.08
598.56,477.83,595.05
598.67,480.63,720.02
723.79,225.27,475.54
723.9,228.06,600.51
724.01,230.85,725.48
723.62,350.24,472.75
723.73,353.03,597.72
723.84,355.82,722.69
723.45,475.2,469.97
723.56,477.99,594.94
723.67,480.79,719.9
475.6,224.37,598.99
472.6,221.91,723.93
469.6,219.45,848.87
479.21,349.29,601.54
476.22,346.83,726.48
473.22,344.37,851.42
482.83,474.21,604.09
479.83,471.75,729.03
476.84,469.29,853.97
600.51,220.69,601.91
597.51,218.23,726.85
594.52,215.77,851.79
604.13,345.61,604.46
601.13,343.15,729.4
598.13,340.69,854.34
607.75,470.53,607.02
604.75,468.08,731.96
601.75,465.62,856.9
725.42,217.01,604.84
722.43,214.55,729.78
719.43,212.09,854.72
729.04,341.93,607.39
726.04,339.47,732.33
723.05,337.02,857.27
732.66,466.86,609.94
729.66,464.4,734.88
726.66,461.94,859.82
473.85,351.37,98.522
471.11,352.73,223.48
468.37,354.08,348.45
474.46,476.36,97.182
471.71,477.72,222.14
468.97,479.07,347.11
475.06,601.35,95.842
472.32,602.71,220.8
469.57,604.06,345.77
598.82,350.8,101.27
596.08,352.15,226.23
593.33,353.51,351.2
599.42,475.79,99.932
596.68,477.14,224.89
593.94,478.5,349.86
600.03,600.78,98.592
597.28,602.13,223.55
594.54,603.49,348.52
723.79,350.22,104.02
721.04,351.58,228.98
718.3,352.93,353.95
724.39,475.21,102.68
721.65,476.57,227.64
718.9,477.92,352.61
724.99,600.2,101.34
722.25,601.56,226.3
719.5,602.91,351.27
476.51,350.36,224.53
474.55,352.91,349.49
472.58,355.45,474.45
475.73,475.33,221.98
473.77,477.88,346.94
471.8,480.42,471.9
474.95,600.3,219.42
472.98,602.85,344.38
471.02,605.39,469.34
601.5,351.19,226.48
599.53,353.73,351.44
597.57,356.27,476.4
600.71,476.16,223.93
598.75,478.7,348.89
596.78,481.24,473.85
599.93,601.13,221.37
597.96,603.67,346.33
596,606.21,471.29
726.48,352.01,228.43
724.51,354.55,353.39
722.55,357.09,478.35
725.69,476.98,225.88
723.73,479.52,350.84
721.76,482.06,475.8
724.91,601.95,223.33
722.94,604.49,348.29
720.98,607.03,473.25
474.15,350.36,350.58
471.84,349.84,475.56
469.54,349.33,600.53
473.74,475.36,351.09
471.44,474.84,476.07
469.13,474.32,601.05
473.34,600.35,351.61
471.03,599.83,476.58
468.73,599.32,601.56
599.12,350.76,352.88
596.82,350.24,477.86
594.51,349.72,602.84
598.72,475.76,353.4
596.41,475.24,478.37
594.11,474.72,603.35
598.31,600.75,353.91
596.01,600.23,478.89
593.71,599.71,603.86
724.1,351.16,355.19
721.79,350.64,480.16
719.49,350.12,605.14
723.69,476.16,355.7
721.39,475.64,480.68
719.09,475.12,605.65
723.29,601.15,356.21
720.99,600.63,481.19
718.68,600.11,606.16
475.62,350.01,476.36
479.28,350.87,601.3
482.94,351.72,726.24
475.18,475.01,475.52
478.85,475.87,600.46
482.51,476.72,725.4
474.75,600.01,474.68
478.41,600.87,599.62
482.08,601.72,724.56
600.56,350.42,472.7
604.22,351.27,597.64
607.88,352.13,722.58
600.13,475.42,471.86
603.79,476.27,596.8
607.45,477.13,721.74
599.7,600.42,471.02
603.36,601.27,595.96
607.02,602.13,720.9
725.5,350.82,469.04
729.16,351.68,593.98
732.82,352.53,718.92
725.07,475.82,468.2
728.73,476.68,593.14
732.39,477.53,718.08
724.64,600.82,467.36
728.3,601.68,592.3
731.96,602.53,717.24
474.82,350.26,599.62
471.14,347,724.52
467.47,343.73,849.43
478.45,475.17,602.99
474.77,471.9,727.89
471.1,468.64,852.8
482.08,600.07,606.36
478.41,596.81,731.27
474.73,593.54,856.17
599.71,346.54,603.2
596.03,343.27,728.1
592.36,340.01,853
603.34,471.44,606.57
599.67,468.17,731.47
595.99,464.91,856.38
606.97,596.34,609.94
603.3,593.08,734.85
599.62,589.81,859.75
724.6,342.81,606.78
720.93,339.54,731.68
717.25,336.28,856.58
728.23,467.71,610.15
724.56,464.45,735.05
720.88,461.18,859.96
731.86,592.62,613.52
728.19,589.35,738.42
724.52,586.09,863.33
475.36,475.93,98.534
476.19,477.85,223.51
477.02,479.78,348.49
473.34,600.9,96.62
474.17,602.82,221.6
475,604.75,346.58
471.32,725.87,94.706
472.15,727.79,219.69
472.98,729.72,344.67
600.35,477.94,97.674
601.18,479.86,222.65
602,481.79,347.63
598.33,602.91,95.761
599.16,604.83,220.74
599.98,606.76,345.72
596.31,727.87,93.847
597.14,729.8,218.83
597.96,731.73,343.81
725.33,479.94,96.815
726.16,481.87,221.79
726.99,483.8,346.77
723.31,604.91,94.901
724.14,606.84,219.88
724.97,608.77,344.86
721.29,729.88,92.987
722.12,731.81,217.97
722.95,733.74,342.95
476.65,473.93,224.99
477.24,477.6,349.94
477.84,481.27,474.88
475.81,598.88,221.32
476.41,602.55,346.27
477,606.22,471.21
474.98,723.82,217.66
475.58,727.49,342.6
476.17,731.16,467.54
601.64,474.74,224.37
602.24,478.41,349.32
602.83,482.09,474.26
600.81,599.69,220.71
601.41,603.36,345.65
602,607.03,470.59
599.98,724.63,217.04
600.57,728.31,341.98
601.17,731.98,466.92
726.64,475.56,223.75
727.23,479.23,348.7
727.83,482.9,473.64
725.81,600.5,220.09
726.4,604.17,345.03
727,607.84,469.97
724.98,725.45,216.42
725.57,729.12,341.36
726.17,732.79,466.3
475.06,473.91,349.24
474.17,474.47,474.24
473.27,475.03,599.23
471.89,598.87,348.65
471,599.43,473.65
470.1,599.99,598.64
468.72,723.83,348.06
467.83,724.39,473.06
466.93,724.95,598.06
600.02,477.09,350.12
599.12,477.65,475.12
598.23,478.21,600.11
596.85,602.05,349.53
595.95,602.61,474.53
595.06,603.17,599.53
593.68,727.01,348.94
592.78,727.57,473.94
591.89,728.13,598.94
724.97,480.27,351
724.08,480.83,476
723.18,481.39,601
721.8,605.23,350.41
720.91,605.79,475.41
720.01,606.35,600.41
718.63,730.18,349.83
717.74,730.75,474.82
716.84,731.31,599.82
474.96,475.3,476.57
472.25,477.75,601.52
469.55,480.21,726.46
474.83,600.28,474.12
472.12,602.73,599.06
469.42,605.18,724.01
474.7,725.26,471.66
471.99,727.71,596.61
469.29,730.16,721.56
599.93,475.48,479.27
597.23,477.94,604.22
594.52,480.39,729.16
599.8,600.46,476.81
597.1,602.91,601.76
594.39,605.37,726.71
599.67,725.44,474.36
596.97,727.89,599.31
594.26,730.34,724.26
724.9,475.67,481.97
722.2,478.12,606.91
719.5,480.57,731.86
724.77,600.64,479.51
722.07,603.1,604.46
719.37,605.55,729.41
724.64,725.62,477.06
721.94,728.07,602.01
719.23,730.52,726.95
474.13,473.75,598.31
472.15,470.09,723.24
470.17,466.43,848.17
471.44,598.67,601.94
469.46,595.01,726.87
467.48,591.35,851.8
468.75,723.59,605.56
466.77,719.93,730.49
464.79,716.27,855.42
599.08,476.39,600.37
597.1,472.72,725.3
595.12,469.06,850.23
596.39,601.31,603.99
594.41,597.64,728.92
592.43,593.98,853.85
593.7,726.23,607.62
591.72,722.56,732.54
589.74,718.9,857.47
724.03,479.02,602.42
722.05,475.35,727.35
720.07,471.69,852.28
721.34,603.94,606.05
719.36,600.27,730.98
717.38,596.61,855.91
718.65,728.86,609.67
716.67,725.19,734.6
714.69,721.53,859.53
476.73,598.92,100.72
475.12,597.74,225.7
473.51,596.55,350.68
480.23,723.86,101.94
478.62,722.68,226.93
477.01,721.5,351.91
483.73,848.81,103.17
482.12,847.63,228.15
480.51,846.44,353.13
601.67,595.4,102.29
600.06,594.22,227.28
598.45,593.04,352.26
605.17,720.35,103.52
603.56,719.17,228.5
601.95,717.98,353.49
608.67,845.29,104.74
607.06,844.11,229.73
605.45,842.93,354.71
726.62,591.89,103.87
725,590.71,228.85
723.39,589.52,353.84
730.12,716.83,105.1
728.5,715.65,230.08
726.89,714.47,355.06
733.61,841.78,106.32
732,840.6,231.31
730.39,839.42,356.29
474.09,599.02,224.19
477.28,597.45,349.14
480.47,595.87,474.08
473.35,724.01,225.78
476.54,722.44,350.73
479.72,720.86,475.68
472.61,849,227.38
475.8,847.43,352.33
478.98,845.85,477.28
599.05,599.81,221.01
602.24,598.23,345.96
605.43,596.66,470.91
598.31,724.79,222.6
601.5,723.22,347.55
604.68,721.64,472.5
597.57,849.78,224.2
600.76,848.21,349.15
603.94,846.63,474.1
724.01,600.59,217.83
727.2,599.01,342.78
730.39,597.44,467.73
723.27,725.58,219.42
726.46,724,344.37
729.65,722.43,469.32
722.53,850.57,221.02
725.72,848.99,345.97
728.9,847.42,470.92
473.83,599.38,350.95
470.41,600.54,475.9
466.98,601.69,600.85
472.11,724.36,349.75
468.68,725.52,474.7
465.25,726.67,599.65
470.38,849.34,348.54
466.96,850.49,473.49
463.53,851.65,598.44
598.78,601.13,354.37
595.35,602.29,479.32
591.92,603.45,604.27
597.05,726.11,353.16
593.62,727.27,478.11
590.19,728.43,603.06
595.33,851.09,351.95
591.9,852.25,476.9
588.47,853.41,601.85
723.72,602.89,357.78
720.29,604.05,482.73
716.86,605.2,607.68
721.99,727.87,356.58
718.56,729.03,481.53
715.14,730.18,606.48
720.27,852.85,355.37
716.84,854,480.32
713.41,855.16,605.27
476.16,600.73,476.4
477.36,597.1,601.34
478.55,593.47,726.28
473.02,725.63,480.05
474.22,722.01,604.99
475.41,718.38,729.93
469.88,850.54,483.7
471.08,846.91,608.64
472.27,843.28,733.58
601.12,603.9,475.29
602.31,600.27,600.23
603.51,596.65,725.17
597.98,728.8,478.94
599.17,725.18,603.88
600.37,721.55,728.82
594.84,853.71,482.59
596.03,850.08,607.53
597.23,846.46,732.47
726.07,607.07,474.19
727.27,603.45,599.13
728.46,599.82,724.07
722.93,731.98,477.84
724.13,728.35,602.78
725.32,724.72,727.72
719.79,856.88,481.49
720.99,853.25,606.43
722.18,849.63,731.37
473.69,599.39,599.06
474.8,602.08,724.03
475.91,604.77,848.99
471.07,724.34,596.4
472.17,727.03,721.36
473.28,729.72,846.33
468.44,849.29,593.73
469.55,851.98,718.7
470.65,854.67,843.66
598.66,602,597.9
599.77,604.69,722.86
600.88,607.38,847.82
596.03,726.94,595.23
597.14,729.63,720.2
598.25,732.32,845.16
593.4,851.89,592.57
594.51,854.58,717.53
595.62,857.27,842.5
723.63,604.6,596.73
724.74,607.29,721.7
725.84,609.98,846.66
721,729.55,594.07
722.11,732.24,719.03
723.22,734.93,844
718.37,854.5,591.4
719.48,857.19,716.37
720.59,859.88,841.33
601.17,100.01,99.476
600.12,98.461,224.46
599.07,96.914,349.45
597.97,224.96,101
596.93,223.41,225.98
595.88,221.86,350.97
594.78,349.91,102.51
593.73,348.36,227.5
592.69,346.81,352.48
726.12,103.18,100.57
725.07,101.64,225.55
724.02,100.09,350.54
722.93,228.13,102.09
721.88,226.58,227.07
720.83,225.04,352.06
719.74,353.08,103.61
718.69,351.53,228.59
717.64,349.99,353.58
851.08,106.36,101.66
850.03,104.81,226.64
848.98,103.26,351.63
847.88,231.31,103.18
846.84,229.76,228.16
845.79,228.21,353.15
844.69,356.26,104.7
843.64,354.71,229.68
842.59,353.16,354.67
601.04,101.27,224.29
600.66,98.633,349.26
600.29,95.998,474.24
601.15,226.24,226.93
600.77,223.61,351.9
600.4,220.97,476.88
601.25,351.21,229.57
600.88,348.58,354.55
600.51,345.94,479.52
726.04,101.15,224.66
725.66,98.517,349.63
725.29,95.882,474.61
726.14,226.12,227.3
725.77,223.49,352.28
725.39,220.85,477.25
726.25,351.1,229.94
725.88,348.46,354.92
725.5,345.83,479.89
851.03,101.04,225.03
850.66,98.401,350.01
850.28,95.766,474.98
851.14,226.01,227.67
850.77,223.37,352.65
850.39,220.74,477.62
851.25,350.98,230.31
850.87,348.35,355.29
850.5,345.71,480.27
598.88,98.33,349.38
602.48,100.28,474.32
606.08,102.24,599.25
597.24,223.31,347.48
600.84,225.26,472.41
604.44,227.21,597.34
595.59,348.28,345.57
599.19,350.23,470.5
602.79,352.19,595.44
723.82,99.918,345.76
727.42,101.87,470.69
731.02,103.82,595.63
722.18,224.89,343.85
725.78,226.85,468.79
729.37,228.8,593.72
720.53,349.87,341.94
724.13,351.82,466.88
727.73,353.77,591.81
848.76,101.51,342.13
852.36,103.46,467.07
855.96,105.41,592
847.11,226.48,340.23
850.71,228.43,465.16
854.31,230.39,590.1
845.47,351.46,338.32
849.07,353.41,463.25
852.67,355.36,588.19
598.72,98.39,475.68
599.42,99.518,600.67
600.12,100.65,725.67
597.88,223.38,474.56
598.57,224.51,599.55
599.27,225.63,724.54
597.03,348.37,473.43
597.72,349.49,598.43
598.42,350.62,723.42
723.72,99.233,474.98
724.42,100.36,599.97
725.12,101.49,724.96
722.87,224.22,473.85
723.57,225.35,598.85
724.27,226.48,723.84
722.02,349.21,472.73
722.72,350.34,597.72
723.42,351.47,722.72
848.71,100.08,474.27
849.41,101.2,599.26
850.11,102.33,724.26
847.86,225.06,473.15
848.56,226.19,598.14
849.26,227.32,723.13
847.02,350.05,472.02
847.71,351.18,597.02
848.41,352.31,722.01
598.84,99.82,600.46
597.53,97.495,725.43
596.22,95.169,850.41
600.13,224.79,602.8
598.82,222.47,727.77
597.51,220.14,852.74
601.42,349.77,605.13
600.11,347.44,730.11
598.79,345.12,855.08
723.84,98.513,601.74
722.53,96.187,726.71
721.21,93.861,851.68
725.12,223.49,604.07
723.81,221.16,729.05
722.5,218.83,854.02
726.41,348.46,606.41
725.1,346.13,731.38
723.79,343.81,856.36
848.83,97.205,603.02
847.52,94.88,727.99
846.21,92.554,852.96
850.11,222.18,605.35
848.8,219.85,730.33
847.49,217.53,855.3
851.4,347.15,607.69
850.09,344.83,732.66
848.78,342.5,857.63
600.08,223.37,98.989
599.46,224.95,223.98
598.83,226.53,348.97
601.57,348.35,97.422
600.95,349.93,222.41
600.33,351.51,347.4
603.07,473.33,95.855
602.44,474.91,220.84
601.82,476.49,345.83
725.07,221.88,99.626
724.44,223.46,224.62
723.82,225.04,349.6
726.56,346.86,98.059
725.94,348.44,223.05
725.32,350.02,348.04
728.05,471.84,96.492
727.43,473.42,221.48
726.81,475,346.47
850.05,220.4,100.26
849.43,221.98,225.25
848.81,223.56,350.24
851.55,345.38,98.696
850.92,346.96,223.69
850.3,348.54,348.68
853.04,470.36,97.129
852.42,471.94,222.12
851.8,473.52,347.11
600.28,226.61,224.95
602.93,227.61,349.92
605.59,228.62,474.89
597.6,351.58,224
600.26,352.58,348.97
602.92,353.59,473.94
594.93,476.54,223.05
597.59,477.55,348.02
600.24,478.56,472.99
725.22,229.26,222.27
727.87,230.26,347.24
730.53,231.27,472.21
722.54,354.22,221.32
725.2,355.23,346.29
727.86,356.24,471.26
719.87,479.19,220.37
722.53,480.2,345.34
725.18,481.21,470.31
850.16,231.9,219.6
852.81,232.91,344.57
855.47,233.92,469.54
847.48,356.87,218.65
850.14,357.88,343.62
852.8,358.89,468.59
844.81,481.84,217.7
847.47,482.85,342.67
850.12,483.85,467.64
598.91,223.46,349.53
599.65,224.49,474.53
600.38,225.53,599.53
601.39,348.43,348.48
602.13,349.46,473.48
602.86,350.5,598.47
603.87,473.4,347.42
604.61,474.43,472.42
605.34,475.47,597.42
723.89,220.97,348.82
724.62,222.01,473.81
725.36,223.05,598.81
726.37,345.94,347.76
727.1,346.98,472.76
727.84,348.02,597.76
728.85,470.91,346.71
729.58,471.95,471.71
730.32,472.99,596.7
848.86,218.49,348.1
849.6,219.53,473.1
850.33,220.57,598.09
851.34,343.46,347.05
852.08,344.5,472.04
852.81,345.53,597.04
853.82,468.43,345.99
854.56,469.47,470.99
855.29,470.5,595.99
600.42,224.54,473.49
601.63,224.01,598.49
602.83,223.49,723.48
602.54,349.52,473.99
603.75,349,598.99
604.96,348.47,723.98
604.67,474.51,474.5
605.87,473.98,599.49
607.08,473.45,724.48
725.4,222.42,472.27
726.61,221.89,597.27
727.81,221.37,722.26
727.52,347.4,472.78
728.73,346.88,597.77
729.94,346.35,722.76
729.65,472.39,473.28
730.85,471.86,598.27
732.06,471.33,723.27
850.38,220.3,471.06
851.58,219.78,596.05
852.79,219.25,721.04
852.5,345.29,471.56
853.71,344.76,596.55
854.92,344.23,721.55
854.62,470.27,472.06
855.83,469.74,597.06
857.04,469.22,722.05
600.5,224.95,601.31
604.22,222.96,726.24
607.95,220.97,851.17
600.25,349.94,603.31
603.98,347.94,728.24
607.7,345.95,853.17
600,474.92,605.31
603.73,472.92,730.24
607.46,470.93,855.17
725.44,225.26,597.59
729.17,223.27,722.52
732.9,221.28,847.45
725.2,350.25,599.59
728.92,348.25,724.52
732.65,346.26,849.45
724.95,475.23,601.59
728.68,473.23,726.52
732.4,471.24,851.45
850.39,225.57,593.87
854.11,223.58,718.8
857.84,221.58,843.73
850.14,350.55,595.87
853.87,348.56,720.8
857.59,346.57,845.73
849.89,475.54,597.87
853.62,473.54,722.8
857.35,471.55,847.73
600.91,351.31,100.22
599.56,352.26,225.21
598.2,353.21,350.2
597.91,476.27,99.243
596.56,477.22,224.23
595.21,478.17,349.22
594.92,601.23,98.263
593.57,602.18,223.25
592.21,603.12,348.24
725.87,354.32,101.55
724.51,355.27,226.54
723.16,356.21,351.53
722.87,479.28,100.57
721.52,480.22,225.56
720.17,481.17,350.55
719.88,604.23,99.588
718.52,605.18,224.58
717.17,606.13,349.57
850.83,357.32,102.87
849.47,358.27,227.86
848.12,359.22,352.85
847.83,482.28,101.89
846.48,483.23,226.88
845.12,484.18,351.87
844.84,607.24,100.91
843.48,608.19,225.9
842.13,609.13,350.89
600.61,351.48,225.34
602.48,354.19,350.3
604.34,356.9,475.25
598.08,476.43,222.68
599.95,479.14,347.63
601.81,481.85,472.59
595.55,601.37,220.01
597.42,604.08,344.96
599.28,606.79,469.92
725.57,353.97,223.43
727.44,356.68,348.38
729.3,359.39,473.34
723.04,478.91,220.76
724.91,481.62,345.71
726.77,484.33,470.67
720.52,603.86,218.09
722.38,606.56,343.04
724.24,609.27,468
850.53,356.45,221.51
852.4,359.16,346.46
854.26,361.87,471.42
848.01,481.4,218.84
849.87,484.11,343.79
851.74,486.82,468.75
845.48,606.34,216.17
847.34,609.05,341.12
849.21,611.76,466.08
600.78,348.84,348.54
598.86,346.67,473.51
596.94,344.5,598.48
602.71,473.81,350.75
600.79,471.64,475.71
598.87,469.47,600.68
604.64,598.78,352.95
602.72,596.61,477.92
600.8,594.44,602.89
725.76,346.88,350.43
723.84,344.71,475.39
721.91,342.54,600.36
727.69,471.85,352.63
725.77,469.68,477.6
723.84,467.51,602.57
729.62,596.82,354.83
727.7,594.65,479.8
725.78,592.48,604.77
850.73,344.92,352.31
848.81,342.75,477.28
846.89,340.58,602.25
852.66,469.89,354.51
850.74,467.72,479.48
848.82,465.55,604.45
854.59,594.86,356.72
852.67,592.69,481.69
850.75,590.52,606.66
600.55,351.26,475.25
602.46,349.31,600.22
604.37,347.35,725.19
596.96,476.2,477.26
598.87,474.24,602.23
600.78,472.29,727.2
593.38,601.13,479.26
595.29,599.18,604.23
597.2,597.22,729.2
725.48,354.88,473.4
727.39,352.92,598.37
729.3,350.97,723.34
721.9,479.81,475.41
723.81,477.86,600.37
725.72,475.9,725.34
718.31,604.75,477.41
720.22,602.79,602.38
722.13,600.84,727.35
850.41,358.49,471.55
852.32,356.54,596.52
854.23,354.58,721.49
846.83,483.43,473.55
848.74,481.47,598.52
850.65,479.52,723.49
843.25,608.36,475.56
845.16,606.41,600.53
847.07,604.45,725.5
600.2,350.07,601.6
598.89,350.11,726.6
597.59,350.14,851.59
596.96,475.03,601.54
595.66,475.06,726.53
594.35,475.09,851.53
593.72,599.98,601.48
592.42,600.02,726.47
591.11,600.05,851.46
725.15,353.31,602.91
723.84,353.34,727.9
722.54,353.37,852.9
721.91,478.26,602.84
720.61,478.3,727.84
719.3,478.33,852.83
718.68,603.22,602.78
717.37,603.25,727.77
716.07,603.29,852.77
850.1,356.54,604.21
848.8,356.58,729.21
847.49,356.61,854.2
846.86,481.5,604.15
845.56,481.53,729.14
844.25,481.57,854.14
843.63,606.46,604.09
842.32,606.49,729.08
841.02,606.52,854.07
601.11,475.17,100.72
598.91,473.04,225.69
596.71,470.91,350.65
599.43,600.14,102.82
597.23,598.01,227.78
595.03,595.88,352.75
597.75,725.11,104.92
595.55,722.98,229.88
593.35,720.85,354.84
726.08,476.82,102.95
723.88,474.69,227.91
721.68,472.56,352.88
724.4,601.79,105.05
722.2,599.66,230.01
720,597.53,354.97
722.72,726.76,107.14
720.52,724.63,232.11
718.32,722.5,357.07
851.05,478.47,105.17
848.85,476.34,230.14
846.65,474.21,355.1
849.37,603.44,107.27
847.17,601.31,232.23
844.97,599.18,357.2
847.69,728.41,109.37
845.49,726.28,234.33
843.29,724.15,359.29
599.66,476.67,226.48
599.09,480.38,351.42
598.52,484.09,476.36
599.1,601.61,222.76
598.53,605.33,347.71
597.96,609.04,472.65
598.54,726.56,219.05
597.97,730.27,344
597.4,733.98,468.94
724.65,477.24,227.03
724.09,480.95,351.97
723.52,484.67,476.92
724.09,602.19,223.32
723.52,605.9,348.26
722.95,609.61,473.2
723.53,727.14,219.6
722.96,730.85,344.55
722.39,734.56,469.49
849.65,477.82,227.58
849.08,481.53,352.53
848.51,485.24,477.47
849.09,602.77,223.87
848.52,606.48,348.81
847.95,610.19,473.76
848.53,727.71,220.16
847.96,731.43,345.1
847.39,735.14,470.04
600.93,476.57,351.64
603.14,477.04,476.62
605.34,477.52,601.6
599.42,601.56,351.2
601.62,602.03,476.18
603.82,602.51,601.16
597.91,726.55,350.76
600.11,727.03,475.74
602.31,727.5,600.72
725.9,478.07,349.44
728.1,478.55,474.42
730.3,479.02,599.4
724.39,603.06,348.99
726.59,603.54,473.97
728.79,604.01,598.95
722.88,728.06,348.55
725.08,728.53,473.53
727.28,729.01,598.51
850.87,479.58,347.23
853.07,480.05,472.21
855.27,480.53,597.19
849.36,604.57,346.79
851.56,605.04,471.77
853.76,605.52,596.75
847.85,729.56,346.34
850.05,730.04,471.33
852.25,730.51,596.31
601.63,474.07,474.95
603.82,474.89,599.93
606,475.72,724.9
604.83,599.02,474.07
607.01,599.85,599.05
609.19,600.68,724.02
608.02,723.98,473.19
610.21,724.81,598.16
612.39,725.64,723.14
726.57,470.85,472.79
728.75,471.68,597.76
730.94,472.51,722.74
729.76,595.81,471.9
731.95,596.64,596.88
734.13,597.47,721.86
732.96,720.77,471.02
735.14,721.6,596
737.33,722.43,720.97
851.51,467.64,470.62
853.69,468.47,595.6
855.88,469.3,720.57
854.7,592.6,469.74
856.89,593.43,594.72
859.07,594.26,719.69
857.9,717.55,468.86
860.08,718.38,593.83
862.27,719.21,718.81
599.12,474.38,598.03
596.45,477.44,722.96
593.79,480.5,847.9
596.15,599.3,594.91
593.49,602.36,719.85
590.83,605.42,844.78
593.19,724.23,591.8
590.53,727.29,716.73
587.86,730.35,841.67
724.05,477.41,600.61
721.39,480.47,725.55
718.73,483.52,850.48
721.09,602.33,597.5
718.43,605.39,722.43
715.77,608.45,847.37
718.13,727.26,594.38
715.47,730.32,719.32
712.8,733.37,844.25
848.99,480.43,603.2
846.33,483.49,728.14
843.67,486.55,853.07
846.03,605.36,600.09
843.37,608.42,725.02
840.71,611.48,849.96
843.07,730.28,596.97
840.4,733.34,721.91
837.74,736.4,846.84
599.17,598.54,98.277
596.56,601.62,223.21
593.95,604.7,348.15
601.86,723.47,95.257
599.25,726.55,220.19
596.64,729.63,345.13
604.54,848.41,92.237
601.93,851.48,217.17
599.33,854.56,342.11
724.11,595.92,100.95
721.5,599,225.88
718.89,602.08,350.82
726.8,720.85,97.929
724.19,723.93,222.86
721.58,727.01,347.8
729.49,845.79,94.91
726.88,848.86,219.84
724.27,851.94,344.78
849.05,593.3,103.62
846.44,596.38,228.56
843.83,599.46,353.49
851.74,718.23,100.6
849.13,721.31,225.54
846.52,724.39,350.47
854.43,843.17,97.582
851.82,846.24,222.52
849.21,849.32,347.45
599.28,600.95,225.76
596.4,598.02,350.69
593.51,595.08,475.62
596.37,725.88,228.63
593.48,722.95,353.56
590.6,720.01,478.5
593.45,850.82,231.5
590.57,847.88,356.44
587.68,844.94,481.37
724.21,603.8,228.71
721.33,600.87,353.64
718.45,597.93,478.57
721.3,728.73,231.58
718.42,725.8,356.51
715.53,722.86,481.45
718.39,853.66,234.45
715.5,850.73,359.39
712.62,847.79,484.32
849.15,606.65,231.66
846.26,603.71,356.59
843.38,600.78,481.52
846.23,731.58,234.53
843.35,728.64,359.46
840.47,725.71,484.4
843.32,856.51,237.4
840.44,853.57,362.34
837.55,850.64,487.27
598.74,601.78,350.31
595.72,605.26,475.23
592.7,608.74,600.14
596.5,726.72,346.78
593.48,730.2,471.69
590.46,733.67,596.6
594.26,851.65,343.24
591.24,855.13,468.15
588.22,858.61,593.07
723.68,604.11,353.27
720.66,607.59,478.18
717.64,611.07,603.1
721.44,729.04,349.73
718.42,732.52,474.65
715.4,736,599.56
719.2,853.97,346.2
716.18,857.45,471.11
713.16,860.93,596.02
848.62,606.43,356.23
845.6,609.91,481.14
842.58,613.39,606.05
846.38,731.36,352.69
843.36,734.84,477.6
840.34,738.32,602.52
844.14,856.3,349.15
841.12,859.78,474.07
838.1,863.25,598.98
601.33,601.3,476.97
597.69,598.18,601.87
594.06,595.07,726.78
603.74,726.23,480.16
600.11,723.12,605.06
596.48,720,729.96
606.16,851.17,483.34
602.53,848.05,608.24
598.9,844.94,733.14
726.25,598.79,480.54
722.62,595.67,605.44
718.99,592.56,730.35
728.67,723.72,483.73
725.04,720.61,608.63
721.4,717.49,733.53
731.09,848.66,486.91
727.45,845.54,611.81
723.82,842.43,736.71
851.17,596.28,484.11
847.54,593.16,609.01
843.91,590.05,733.92
853.59,721.21,487.3
849.96,718.1,612.2
846.33,714.98,737.1
856.01,846.15,490.48
852.38,843.03,615.38
848.75,839.92,740.28
598.82,598.17,598.57
598.75,594.52,723.51
598.68,590.87,848.46
596.44,723.1,602.21
596.37,719.44,727.16
596.3,715.79,852.11
594.06,848.02,605.86
593.99,844.37,730.81
593.92,840.72,855.76
723.79,600.55,598.7
723.72,596.9,723.65
723.66,593.25,848.6
721.41,725.47,602.35
721.35,721.82,727.3
721.28,718.17,852.24
719.04,850.39,606
718.97,846.74,730.94
718.9,843.09,855.89
848.77,602.93,598.83
848.7,599.28,723.78
848.63,595.63,848.73
846.39,727.85,602.48
846.32,724.2,727.43
846.25,720.55,852.38
844.01,852.77,606.13
843.94,849.12,731.08
843.88,845.47,856.03
