27,125,0
195.42,197.53,190.03
0,0,0
101.98,100.33,100.68
98.881,100.27,225.64
95.783,100.21,350.6
98.849,225.29,100.66
95.751,225.23,225.62
92.653,225.18,350.58
95.719,350.25,100.63
92.621,350.19,225.59
89.524,350.14,350.56
226.9,103.45,103.78
223.8,103.4,228.74
220.7,103.34,353.7
223.77,228.41,103.76
220.67,228.36,228.72
217.57,228.3,353.68
220.64,353.37,103.73
217.54,353.32,228.69
214.44,353.26,353.66
351.82,106.58,106.88
348.72,106.52,231.84
345.62,106.46,356.8
348.69,231.54,106.86
345.59,231.48,231.82
342.49,231.42,356.78
345.56,356.5,106.83
342.46,356.44,231.79
339.36,356.39,356.75
99.702,101.64,224.21
103.2,100.09,349.15
106.7,98.525,474.09
97.707,226.62,225.82
101.21,225.06,350.76
104.71,223.5,475.7
95.711,351.6,227.44
99.212,350.04,352.37
102.71,348.48,477.31
224.64,103.68,220.74
228.14,102.12,345.67
231.64,100.56,470.61
222.64,228.66,222.35
226.14,227.1,347.29
229.64,225.54,472.23
220.65,353.64,223.96
224.15,352.08,348.9
227.65,350.52,473.84
349.57,105.71,217.26
353.07,104.15,342.2
356.57,102.59,467.14
347.58,230.69,218.88
351.08,229.13,343.82
354.58,227.57,468.76
345.58,355.67,220.49
349.08,354.11,345.43
352.58,352.55,470.37
101.72,98.613,348.74
103.84,95.814,473.69
105.97,93.014,598.64
104.36,223.55,351.49
106.48,220.75,476.44
108.61,217.95,601.39
106.99,348.5,354.25
109.12,345.7,479.2
111.25,342.9,604.14
226.67,96.019,346.56
228.8,93.219,471.5
230.93,90.419,596.45
229.31,220.96,349.31
231.44,218.16,474.26
233.57,215.36,599.21
231.95,345.9,352.06
234.08,343.1,477.01
236.2,340.3,601.96
351.63,93.424,344.37
353.76,90.625,469.32
355.88,87.825,594.27
354.27,218.37,347.13
356.4,215.57,472.08
358.52,212.77,597.03
356.91,343.31,349.88
359.04,340.51,474.83
361.16,337.71,599.78
98.566,99.301,473.17
95.46,95.88,598.09
92.354,92.459,723.01
97.537,224.25,476.57
94.431,220.83,601.49
91.324,217.41,726.41
96.508,349.2,479.97
93.402,345.78,604.89
90.295,342.36,729.81
223.52,100.25,476.3
220.42,96.828,601.22
217.31,93.407,726.14
222.49,225.2,479.7
219.39,221.78,604.62
216.28,218.36,729.53
221.47,350.15,483.1
218.36,346.73,608.02
215.25,343.31,732.93
348.48,101.2,479.43
345.38,97.775,604.35
342.27,94.354,729.26
347.45,226.15,482.83
344.35,222.72,607.75
341.24,219.3,732.66
346.42,351.09,486.23
343.32,347.67,611.14
340.21,344.25,736.06
100.02,100.93,600.12
102.13,103.21,725.08
104.23,105.49,850.04
102.18,225.89,597.8
104.28,228.17,722.76
106.39,230.45,847.72
104.33,350.85,595.49
106.43,353.13,720.45
108.54,355.41,845.41
224.98,98.74,598.05
227.09,101.02,723.01
229.2,103.3,847.97
227.14,223.7,595.74
229.24,225.98,720.69
231.35,228.26,845.65
229.29,348.66,593.42
231.4,350.94,718.38
233.5,353.22,843.34
349.95,96.551,595.98
352.05,98.832,720.94
354.16,101.11,845.9
352.1,221.51,593.67
354.2,223.79,718.63
356.31,226.07,843.58
354.25,346.48,591.35
356.36,348.76,716.31
358.46,351.04,841.27
100.9,225.06,99.381
104.17,225.36,224.34
107.44,225.67,349.29
103.22,350.04,99.016
106.49,350.34,223.97
109.76,350.65,348.93
105.54,475.02,98.651
108.81,475.32,223.61
112.08,475.63,348.56
225.84,222.73,96.114
229.11,223.04,221.07
232.38,223.34,346.02
228.16,347.71,95.749
231.43,348.02,220.7
234.7,348.32,345.66
230.48,472.69,95.384
233.75,473,220.34
237.02,473.3,345.29
350.77,220.41,92.847
354.05,220.71,217.8
357.32,221.02,342.76
353.09,345.39,92.481
356.36,345.69,217.44
359.64,346,342.39
355.41,470.37,92.116
358.68,470.67,217.07
361.95,470.98,342.03
100.39,226.92,226.85
98.83,227.77,351.84
97.265,228.63,476.82
103.15,351.89,226.03
101.59,352.74,351.01
100.02,353.6,476
105.91,476.85,225.2
104.34,477.71,350.19
102.78,478.57,475.18
225.36,224.17,228.43
223.79,225.03,353.42
222.23,225.88,478.41
228.11,349.14,227.61
226.55,350,352.6
224.98,350.85,477.59
230.87,474.11,226.79
229.3,474.96,351.78
227.74,475.82,476.76
350.32,221.42,230.01
348.75,222.28,355
347.19,223.14,479.99
353.07,346.39,229.19
351.51,347.25,354.18
349.94,348.1,479.17
355.83,471.36,228.37
354.26,472.22,353.36
352.7,473.07,478.35
101.32,225.93,351.79
99.055,227.93,476.75
96.788,229.92,601.72
98.979,350.9,349.74
96.712,352.89,474.71
94.446,354.89,599.67
96.636,475.86,347.7
94.37,477.85,472.67
92.103,479.85,597.63
226.28,228.31,354.02
224.02,230.3,478.98
221.75,232.3,603.95
223.94,353.27,351.97
221.67,355.27,476.94
219.41,357.26,601.9
221.6,478.23,349.93
219.33,480.23,474.9
217.07,482.22,599.86
351.25,230.68,356.25
348.98,232.68,481.21
346.71,234.67,606.18
348.9,355.65,354.2
346.64,357.64,479.17
344.37,359.64,604.13
346.56,480.61,352.16
344.29,482.6,477.13
342.03,484.6,602.09
100.28,225.16,474.42
100.02,228.29,599.39
99.761,231.42,724.35
98.24,350.1,471.29
97.982,353.23,596.25
97.723,356.36,721.21
96.202,475.04,468.15
95.944,478.17,593.11
95.686,481.3,718.07
225.26,227.2,474.63
225,230.33,599.6
224.74,233.46,724.56
223.22,352.15,471.5
222.97,355.28,596.46
222.71,358.41,721.42
221.19,477.09,468.36
220.93,480.22,593.32
220.67,483.35,718.28
350.25,229.25,474.84
349.99,232.38,599.81
349.73,235.51,724.77
348.21,354.19,471.71
347.95,357.32,596.67
347.69,360.45,721.63
346.17,479.13,468.57
345.91,482.26,593.53
345.65,485.39,718.49
99.494,223.42,601.79
100.74,226.85,726.73
101.98,230.28,851.68
99.087,348.37,598.36
100.33,351.8,723.31
101.57,355.23,848.26
98.68,473.32,594.94
99.923,476.75,719.89
101.17,480.18,844.83
224.48,223.79,600.54
225.73,227.22,725.49
226.97,230.65,850.43
224.08,348.74,597.11
225.32,352.17,722.06
226.56,355.6,847.01
223.67,473.7,593.69
224.91,477.13,718.64
226.16,480.56,843.58
349.47,224.17,599.29
350.72,227.6,724.24
351.96,231.03,849.18
349.07,349.12,595.86
350.31,352.55,720.81
351.55,355.98,845.76
348.66,474.07,592.44
349.9,477.5,717.39
351.14,480.93,842.33
101.5,351.79,99.897
100.5,351.91,224.9
99.497,352.04,349.89
99.808,476.78,99.759
98.808,476.9,224.76
97.808,477.03,349.76
98.119,601.77,99.621
97.119,601.89,224.62
96.118,602.02,349.62
226.48,353.48,100.9
225.48,353.61,225.9
224.48,353.73,350.89
224.79,478.47,100.76
223.79,478.6,225.76
222.79,478.72,350.76
223.1,603.46,100.62
222.1,603.59,225.62
221.1,603.71,350.62
351.47,355.17,101.9
350.47,355.3,226.9
349.47,355.42,351.89
349.78,480.16,101.76
348.78,480.29,226.76
347.78,480.41,351.75
348.09,605.15,101.62
347.09,605.28,226.62
346.09,605.4,351.62
99.543,349.11,225.03
95.86,351.84,349.94
92.177,354.57,474.86
100.63,474.08,222.33
96.952,476.81,347.24
93.269,479.54,472.16
101.73,599.05,219.62
98.044,601.78,344.54
94.361,604.51,469.45
224.48,348.1,228.74
220.8,350.83,353.65
217.12,353.56,478.57
225.57,473.07,226.04
221.89,475.8,350.95
218.21,478.53,475.87
226.67,598.03,223.33
222.98,600.76,348.25
219.3,603.49,473.16
349.42,347.08,232.45
345.74,349.81,357.36
342.06,352.54,482.28
350.51,472.05,229.75
346.83,474.78,354.66
343.15,477.51,479.58
351.61,597.02,227.04
347.92,599.75,351.96
344.24,602.48,476.87
99.255,348.39,351.69
100.31,352,476.63
101.37,355.6,601.57
100.24,473.33,348.07
101.3,476.94,473.01
102.36,480.54,597.96
101.22,598.27,344.46
102.28,601.88,469.4
103.34,605.48,594.34
224.25,347.38,350.65
225.31,350.99,475.6
226.37,354.59,600.54
225.23,472.32,347.04
226.29,475.93,471.98
227.35,479.53,596.92
226.22,597.26,343.43
227.28,600.87,468.37
228.33,604.47,593.31
349.24,346.37,349.62
350.3,349.98,474.56
351.36,353.58,599.51
350.23,471.31,346.01
351.28,474.92,470.95
352.34,478.52,595.89
351.21,596.25,342.39
352.27,599.86,467.33
353.33,603.46,592.28
98.077,350.06,476.44
100.24,353.71,601.37
102.4,357.35,726.3
101.68,474.96,472.74
103.85,478.6,597.66
106.01,482.24,722.59
105.29,599.85,469.03
107.45,603.49,593.96
109.62,607.14,718.89
223.01,346.39,474.38
225.17,350.04,599.31
227.34,353.68,724.24
226.62,471.29,470.68
228.78,474.93,595.61
230.94,478.57,720.53
230.22,596.18,466.97
232.39,599.82,591.9
234.55,603.47,716.83
347.95,342.72,472.32
350.11,346.37,597.25
352.27,350.01,722.18
351.55,467.62,468.62
353.71,471.26,593.55
355.88,474.9,718.47
355.16,592.51,464.91
357.32,596.15,589.84
359.48,599.8,714.77
100.54,348.82,601.77
104.13,348.8,726.72
107.73,348.79,851.66
101.19,473.82,601.77
104.79,473.8,726.71
108.38,473.79,851.66
101.85,598.81,601.76
105.45,598.8,726.71
109.04,598.79,851.65
225.48,348.16,598.17
229.08,348.15,723.12
232.67,348.13,848.07
226.14,473.16,598.17
229.74,473.14,723.12
233.33,473.13,848.06
226.8,598.16,598.16
230.4,598.14,723.11
233.99,598.13,848.06
350.43,347.5,594.58
354.03,347.49,719.52
357.62,347.47,844.47
351.09,472.5,594.57
354.69,472.49,719.52
358.28,472.47,844.47
351.75,597.5,594.57
355.34,597.48,719.51
358.94,597.47,844.46
99.708,475.89,99.825
98.379,478.39,224.79
97.051,480.88,349.76
97.182,600.84,97.305
95.853,603.34,222.27
94.525,605.83,347.24
94.656,725.79,94.785
93.327,728.29,219.75
91.998,730.78,344.72
224.68,478.45,101.1
223.35,480.95,226.07
222.02,483.44,351.03
222.15,603.4,98.578
220.82,605.9,223.55
219.49,608.39,348.51
219.62,728.35,96.058
218.29,730.85,221.03
216.97,733.34,345.99
349.64,481.01,102.37
348.31,483.51,227.34
346.99,486,352.31
347.12,605.96,99.851
345.79,608.46,224.82
344.46,610.95,349.79
344.59,730.91,97.331
343.26,733.41,222.3
341.93,735.9,347.27
99.621,476.65,224.21
103.18,478.58,349.15
106.73,480.51,474.08
97.879,601.62,222.33
101.43,603.55,347.26
104.99,605.48,472.2
96.137,726.6,220.44
99.692,728.53,345.38
103.25,730.46,470.31
224.56,478.33,220.63
228.12,480.27,345.57
231.67,482.2,470.5
222.82,603.31,218.75
226.37,605.24,343.68
229.93,607.17,468.62
221.08,728.28,216.86
224.63,730.22,341.8
228.19,732.15,466.73
349.5,480.02,217.05
353.05,481.95,341.99
356.61,483.89,466.92
347.76,605,215.17
351.31,606.93,340.1
354.87,608.86,465.03
346.02,729.97,213.28
349.57,731.9,338.21
353.13,733.84,463.15
98.922,474.16,350.97
96.402,472.39,475.93
93.882,470.62,600.9
96.341,599.12,352.69
93.82,597.35,477.66
91.3,595.58,602.62
93.759,724.08,354.41
91.239,722.31,479.38
88.719,720.54,604.34
223.87,476.7,353.52
221.35,474.93,478.49
218.83,473.16,603.45
221.29,601.66,355.25
218.77,599.89,480.21
216.25,598.12,605.17
218.71,726.62,356.97
216.19,724.85,481.93
213.67,723.08,606.9
348.82,479.25,356.08
346.3,477.48,481.04
343.78,475.71,606.01
346.24,604.2,357.8
343.72,602.43,482.76
341.2,600.67,607.73
343.65,729.16,359.52
341.13,727.39,484.49
338.61,725.62,609.45
98.083,476.86,475.46
101.17,479.11,600.4
104.26,481.35,725.34
100.23,601.82,473.16
103.32,604.07,598.1
106.41,606.31,723.05
102.38,726.78,470.87
105.47,729.03,595.81
108.56,731.27,720.75
223.03,474.66,472.41
226.12,476.9,597.35
229.21,479.15,722.29
225.18,599.62,470.11
228.27,601.86,595.06
231.36,604.11,720
227.33,724.58,467.82
230.42,726.82,592.76
233.51,729.06,717.7
347.97,472.45,469.36
351.06,474.7,594.3
354.15,476.94,719.24
350.12,597.41,467.06
353.21,599.66,592.01
356.3,601.9,716.95
352.27,722.37,464.77
355.36,724.61,589.71
358.45,726.86,714.65
98.093,474.27,601.8
99.22,470.74,726.76
100.35,467.2,851.71
96.654,599.21,605.35
97.78,595.68,730.3
98.906,592.15,855.25
95.214,724.16,608.89
96.34,720.62,733.85
97.467,717.09,858.8
223.08,475.74,600.72
224.21,472.21,725.67
225.33,468.68,850.62
221.64,600.68,604.27
222.77,597.15,729.22
223.89,593.62,854.17
220.2,725.63,607.81
221.33,722.09,732.76
222.45,718.56,857.71
348.06,477.21,599.64
349.19,473.68,724.59
350.32,470.15,849.54
346.63,602.16,603.18
347.75,598.62,728.13
348.88,595.09,853.08
345.19,727.1,606.73
346.31,723.57,731.68
347.44,720.03,856.63
100.75,598.27,98.162
101.65,598.83,223.16
102.55,599.38,348.15
97.372,723.23,97.635
98.27,723.78,222.63
99.167,724.33,347.62
93.992,848.18,97.108
94.889,848.74,222.1
95.786,849.29,347.1
225.7,601.65,97.249
226.6,602.2,222.24
227.5,602.76,347.24
222.32,726.6,96.722
223.22,727.16,221.72
224.12,727.71,346.71
218.94,851.56,96.195
219.84,852.11,221.19
220.74,852.67,346.18
350.65,605.03,96.337
351.55,605.58,221.33
352.45,606.13,346.33
347.27,729.98,95.809
348.17,730.54,220.8
349.07,731.09,345.8
343.89,854.94,95.282
344.79,855.49,220.28
345.68,856.04,345.27
101.72,601.58,226.86
103.74,599.55,351.82
105.77,597.51,476.79
100.92,726.56,228.91
102.94,724.53,353.87
104.97,722.49,478.84
100.12,851.55,230.95
102.14,849.51,355.92
104.17,847.48,480.89
226.7,602.42,224.85
228.73,600.38,349.82
230.75,598.34,474.78
225.9,727.4,226.9
227.93,725.36,351.87
229.95,723.33,476.83
225.1,852.38,228.95
227.13,850.35,353.92
229.15,848.31,478.88
351.69,603.25,222.85
353.71,601.22,347.81
355.74,599.18,472.78
350.89,728.23,224.9
352.91,726.2,349.86
354.94,724.16,474.83
350.09,853.22,226.95
352.11,851.18,351.91
354.14,849.15,476.88
98.249,599.61,349.33
96.792,596.14,474.27
95.336,592.66,599.22
98.488,724.56,352.81
97.032,721.09,477.75
95.576,717.61,602.7
98.728,849.52,356.29
97.272,846.04,481.23
95.816,842.56,606.18
223.24,599.34,350.78
221.78,595.86,475.72
220.33,592.38,600.66
223.48,724.29,354.26
222.02,720.81,479.2
220.57,717.33,604.14
223.72,849.24,357.74
222.26,845.76,482.68
220.81,842.28,607.63
348.23,599.06,352.22
346.77,595.58,477.17
345.32,592.1,602.11
348.47,724.01,355.7
347.01,720.53,480.65
345.56,717.05,605.59
348.71,848.96,359.18
347.25,845.48,484.13
345.8,842,609.07
99.324,598.24,473.16
100.99,601.45,598.1
102.66,604.66,723.05
95.832,723.16,469.99
97.5,726.36,594.94
99.169,729.57,719.89
92.34,848.07,466.83
94.008,851.27,591.78
95.677,854.48,716.73
224.26,601.69,471.4
225.93,604.9,596.34
227.6,608.1,721.29
220.77,726.6,468.23
222.44,729.81,593.18
224.11,733.02,718.13
217.28,851.51,465.07
218.95,854.72,590.02
220.61,857.93,714.97
349.2,605.13,469.64
350.87,608.34,594.59
352.54,611.55,719.53
345.71,730.04,466.47
347.38,733.25,591.42
349.04,736.46,716.37
342.22,854.96,463.31
343.88,858.16,588.26
345.55,861.37,713.21
98.301,600.21,600.81
101.25,602.47,725.76
104.19,604.72,850.7
99.251,725.19,598.54
102.2,727.44,723.48
105.14,729.69,848.43
100.2,850.17,596.27
103.15,852.42,721.21
106.09,854.67,846.15
223.26,599.21,597.89
226.21,601.46,722.83
229.15,603.72,847.77
224.21,724.19,595.61
227.16,726.44,720.55
230.1,728.69,845.5
225.16,849.16,593.34
228.11,851.42,718.28
231.05,853.67,843.22
348.22,598.21,594.96
351.16,600.46,719.9
354.11,602.71,844.84
349.17,723.19,592.68
352.11,725.44,717.63
355.06,727.69,842.57
350.12,848.16,590.41
353.06,850.41,715.35
356.01,852.67,840.3
224.99,100.78,101.78
227.52,98.418,226.73
230.04,96.058,351.68
223.06,225.74,104.18
225.58,223.38,229.13
228.11,221.02,354.08
221.12,350.7,106.58
223.65,348.34,231.53
226.17,345.98,356.48
349.95,102.75,99.29
352.48,100.39,224.24
355,98.033,349.2
348.02,227.71,101.69
350.55,225.35,226.64
353.07,222.99,351.59
346.09,352.67,104.09
348.61,350.31,229.04
351.14,347.95,353.99
474.92,104.73,96.802
477.44,102.37,221.75
479.97,100.01,346.71
472.98,229.69,99.201
475.51,227.33,224.15
478.03,224.97,349.11
471.05,354.65,101.6
473.58,352.29,226.55
476.1,349.93,351.51
223.43,100.38,225.44
222.67,99.792,350.44
221.91,99.205,475.44
222.97,225.38,226.03
222.21,224.79,351.02
221.45,224.2,476.02
222.51,350.37,226.61
221.75,349.78,351.6
220.99,349.2,476.6
348.42,100.83,226.21
347.66,100.24,351.21
346.9,99.658,476.2
347.96,225.83,226.79
347.2,225.24,351.79
346.44,224.65,476.78
347.5,350.82,227.38
346.74,350.24,352.37
345.98,349.65,477.37
473.42,101.28,226.98
472.66,100.7,351.97
471.9,100.11,476.97
472.96,226.28,227.56
472.2,225.69,352.56
471.44,225.11,477.55
472.5,351.28,228.14
471.74,350.69,353.14
470.98,350.1,478.13
223.35,98.701,348.35
221.79,100.5,473.32
220.24,102.29,598.3
226.26,223.65,346.58
224.71,225.45,471.56
223.15,227.25,596.53
229.18,348.61,344.82
227.62,350.4,469.8
226.07,352.2,594.77
348.31,95.807,349.94
346.75,97.604,474.92
345.19,99.401,599.89
351.22,220.76,348.18
349.66,222.56,473.16
348.11,224.35,598.13
354.13,345.71,346.42
352.58,347.51,471.39
351.02,349.31,596.37
473.26,92.914,351.54
471.71,94.711,476.51
470.15,96.508,601.49
476.18,217.87,349.78
474.62,219.66,474.75
473.07,221.46,599.73
479.09,342.82,348.01
477.54,344.62,472.99
475.98,346.41,597.96
224.52,99.628,473.87
223.8,100.14,598.87
223.07,100.65,723.86
224.2,224.63,473.36
223.47,225.14,598.36
222.75,225.65,723.35
223.87,349.63,472.85
223.15,350.14,597.85
222.42,350.65,722.84
349.53,99.956,474.6
348.8,100.47,599.59
348.07,100.98,724.59
349.2,224.96,474.09
348.47,225.47,599.08
347.75,225.98,724.08
348.87,349.96,473.58
348.15,350.47,598.57
347.42,350.98,723.57
474.53,100.28,475.32
473.8,100.79,600.32
473.07,101.3,725.31
474.2,225.28,474.81
473.47,225.79,599.81
472.75,226.3,724.8
473.87,350.28,474.3
473.15,350.79,599.3
472.42,351.3,724.29
223.4,99.946,600.9
223.98,98.029,725.88
224.57,96.113,850.86
220.77,224.9,602.83
221.35,222.98,727.81
221.93,221.07,852.79
218.14,349.85,604.76
218.72,347.94,729.74
219.3,346.02,854.72
348.37,102.59,600.35
348.95,100.67,725.33
349.54,98.752,850.32
345.74,227.54,602.28
346.32,225.62,727.27
346.91,223.71,852.25
343.11,352.49,604.21
343.69,350.58,729.2
344.27,348.66,854.18
473.34,105.22,599.81
473.92,103.31,724.79
474.51,101.39,849.77
470.71,230.18,601.74
471.29,228.26,726.72
471.88,226.35,851.7
468.08,355.13,603.67
468.66,353.22,728.65
469.25,351.3,853.63
224.45,224.35,101.45
224.43,226.24,226.43
224.41,228.12,351.41
222.19,349.31,99.559
222.17,351.2,224.54
222.15,353.09,349.52
219.93,474.28,97.672
219.91,476.17,222.65
219.89,478.05,347.64
349.43,226.62,101.42
349.41,228.5,226.41
349.39,230.39,351.39
347.17,351.58,99.538
347.15,353.47,224.52
347.13,355.36,349.5
344.91,476.54,97.651
344.89,478.43,222.63
344.87,480.32,347.62
474.41,228.88,101.4
474.39,230.77,226.39
474.38,232.66,351.37
472.15,353.85,99.516
472.13,355.74,224.5
472.12,357.62,349.48
469.89,478.81,97.629
469.87,480.7,222.61
469.85,482.59,347.59
225.21,224.33,224.69
225.44,225.68,349.68
225.68,227.02,474.68
226.61,349.31,223.34
226.84,350.66,348.34
227.07,352.01,473.33
228.01,474.3,221.99
228.24,475.64,346.99
228.47,476.99,471.98
350.21,222.92,224.47
350.44,224.27,349.47
350.67,225.62,474.46
351.61,347.91,223.13
351.84,349.25,348.12
352.07,350.6,473.11
353.01,472.89,221.78
353.24,474.24,346.77
353.47,475.59,471.76
475.2,221.52,224.26
475.43,222.86,349.25
475.66,224.21,474.25
476.6,346.5,222.91
476.83,347.85,347.9
477.06,349.2,472.9
478,471.49,221.56
478.23,472.83,346.55
478.46,474.18,471.55
226.17,225.57,350.36
224.41,224.12,475.33
222.66,222.68,600.31
227.3,350.56,351.81
225.55,349.11,476.79
223.8,347.66,601.77
228.43,475.55,353.27
226.68,474.1,478.25
224.93,472.65,603.23
351.15,224.42,352.09
349.4,222.97,477.07
347.65,221.52,602.05
352.28,349.41,353.55
350.53,347.96,478.53
348.78,346.51,603.51
353.42,474.4,355.01
351.67,472.95,479.99
349.91,471.5,604.97
476.13,223.27,353.83
474.38,221.82,478.81
472.63,220.37,603.79
477.27,348.26,355.29
475.52,346.81,480.27
473.76,345.36,605.25
478.4,473.25,356.75
476.65,471.8,481.73
474.9,470.35,606.7
223.88,226.18,474.48
225.17,222.96,599.43
226.45,219.74,724.38
221.83,351.12,477.72
223.11,347.9,602.67
224.4,344.68,727.62
219.78,476.06,480.96
221.06,472.84,605.91
222.34,469.62,730.86
348.86,228.27,473.25
350.14,225.05,598.2
351.43,221.83,723.15
346.8,353.21,476.49
348.09,349.99,601.44
349.37,346.77,726.39
344.75,478.15,479.73
346.03,474.93,604.68
347.32,471.71,729.63
473.83,230.35,472.02
475.12,227.13,596.96
476.4,223.91,721.91
471.78,355.29,475.25
473.06,352.07,600.2
474.35,348.85,725.15
469.73,480.23,478.49
471.01,477.01,603.44
472.29,473.79,728.39
225.06,226.55,600.99
225.81,229.4,725.95
226.56,232.25,850.92
223.53,351.5,598.15
224.28,354.36,723.12
225.03,357.21,848.08
222,476.46,595.31
222.75,479.31,720.28
223.5,482.16,845.25
350.05,228.06,600.21
350.8,230.91,725.17
351.55,233.76,850.14
348.52,353.02,597.37
349.27,355.87,722.33
350.02,358.72,847.3
346.99,477.98,594.53
347.74,480.83,719.5
348.49,483.68,844.46
475.04,229.58,599.42
475.79,232.43,724.39
476.54,235.28,849.35
473.51,354.53,596.58
474.26,357.38,721.55
475.01,360.24,846.52
471.98,479.49,593.75
472.73,482.34,718.71
473.48,485.19,843.68
225.19,351.18,98.367
226.62,352.27,223.36
228.06,353.37,348.34
225.91,476.17,97.265
227.34,477.27,222.25
228.77,478.36,347.24
226.63,601.16,96.163
228.06,602.26,221.15
229.49,603.35,346.14
350.18,350.45,96.944
351.61,351.54,221.93
353.04,352.64,346.92
350.9,475.44,95.842
352.33,476.53,220.83
353.76,477.63,345.82
351.62,600.43,94.739
353.05,601.53,219.73
354.48,602.62,344.72
475.17,349.71,95.521
476.6,350.81,220.51
478.03,351.91,345.5
475.89,474.71,94.418
477.32,475.8,219.41
478.75,476.9,344.39
476.6,599.7,93.316
478.03,600.8,218.3
479.47,601.89,343.29
225.17,351.57,223.16
225.15,350.1,348.15
225.13,348.63,473.14
228.26,476.52,224.63
228.24,475.05,349.62
228.22,473.58,474.61
231.35,601.48,226.1
231.33,600.01,351.09
231.32,598.53,476.08
350.13,348.48,223.14
350.11,347.01,348.14
350.09,345.53,473.13
353.22,473.43,224.61
353.2,471.96,349.6
353.18,470.49,474.6
356.31,598.38,226.08
356.29,596.91,351.07
356.27,595.44,476.07
475.08,345.38,223.13
475.06,343.91,348.12
475.05,342.44,473.11
478.18,470.34,224.6
478.16,468.87,349.59
478.14,467.39,474.58
481.27,595.29,226.07
481.25,593.82,351.06
481.23,592.35,476.05
226.08,351.57,349.56
229.42,354.56,474.48
232.76,357.54,599.39
228.09,476.52,346.53
231.43,479.5,471.44
234.77,482.48,596.36
230.11,601.46,343.49
233.45,604.45,468.4
236.79,607.43,593.32
351.02,349.48,346.27
354.36,352.46,471.19
357.7,355.45,596.1
353.03,474.43,343.23
356.37,477.41,468.15
359.71,480.39,593.06
355.05,599.37,340.2
358.39,602.36,465.11
361.73,605.34,590.03
475.95,347.39,342.98
479.3,350.37,467.89
482.64,353.36,592.81
477.97,472.33,339.94
481.31,475.32,464.86
484.65,478.3,589.77
479.99,597.28,336.91
483.33,600.26,461.82
486.67,603.25,586.74
226.18,350.42,473.12
229.24,348.12,598.06
232.31,345.81,723
226.22,475.4,475.43
229.29,473.1,600.36
232.35,470.79,725.3
226.26,600.38,477.73
229.33,598.08,602.67
232.4,595.77,727.61
351.14,350.44,470.06
354.21,348.13,595
357.27,345.83,719.94
351.18,475.42,472.36
354.25,473.11,597.3
357.31,470.81,722.24
351.22,600.4,474.67
354.29,598.09,599.6
357.36,595.79,724.54
476.1,350.46,467
479.17,348.15,591.94
482.23,345.84,716.87
476.14,475.43,469.3
479.21,473.13,594.24
482.28,470.82,719.18
476.19,600.41,471.6
479.25,598.11,596.54
482.32,595.8,721.48
223.86,348.94,601.22
222.47,352,726.18
221.08,355.06,851.13
221.26,473.87,598.14
219.87,476.93,723.09
218.48,479.99,848.04
218.65,598.8,595.05
217.27,601.86,720
215.88,604.92,844.96
348.82,351.58,602.55
347.43,354.64,727.5
346.05,357.7,852.46
346.22,476.51,599.46
344.83,479.57,724.41
343.44,482.63,849.37
343.62,601.44,596.37
342.23,604.5,721.33
340.84,607.56,846.28
473.78,354.21,603.87
472.4,357.27,728.83
471.01,360.34,853.78
471.18,479.14,600.79
469.79,482.21,725.74
468.41,485.27,850.69
468.58,604.08,597.7
467.19,607.14,722.65
465.81,610.2,847.61
226.11,475.79,101.17
224.01,472.74,226.12
221.92,469.69,351.07
223.54,600.73,104.18
221.45,597.68,229.12
219.36,594.63,354.07
220.97,725.67,107.18
218.88,722.62,232.13
216.79,719.57,357.07
351.06,478.31,103.32
348.97,475.26,228.27
346.88,472.21,353.21
348.49,603.25,106.33
346.4,600.2,231.27
344.31,597.14,356.22
345.93,728.18,109.33
343.84,725.13,234.28
341.75,722.08,359.22
476.01,480.82,105.47
473.92,477.77,230.42
471.83,474.72,355.36
473.45,605.76,108.48
471.36,602.71,233.42
469.27,599.66,358.37
470.88,730.7,111.48
468.79,727.65,236.43
466.7,724.6,361.37
225.66,473.1,226.28
224.03,474.24,351.26
222.41,475.38,476.25
224.81,598.1,225.13
223.19,599.23,350.12
221.57,600.37,475.11
223.96,723.09,223.98
222.34,724.22,348.97
220.72,725.36,473.96
350.65,473.96,227.89
349.02,475.1,352.88
347.4,476.23,477.87
349.8,598.96,226.74
348.18,600.09,351.73
346.55,601.23,476.72
348.95,723.95,225.6
347.33,725.08,350.59
345.71,726.22,475.57
475.63,474.82,229.5
474.01,475.96,354.49
472.39,477.09,479.48
474.79,599.81,228.36
473.16,600.95,353.35
471.54,602.08,478.33
473.94,724.81,227.21
472.32,725.94,352.2
470.69,727.08,477.19
226.31,473.37,349.62
229.98,476.17,474.54
233.64,478.97,599.45
227.43,598.34,346.78
231.1,601.13,471.7
234.76,603.93,596.62
228.55,723.3,343.95
232.22,726.1,468.86
235.88,728.9,593.78
351.25,472.17,345.98
354.92,474.97,470.9
358.58,477.77,595.82
352.38,597.14,343.15
356.04,599.94,468.06
359.71,602.73,592.98
353.5,722.1,340.31
357.16,724.9,465.23
360.83,727.7,590.14
476.2,470.97,342.35
479.86,473.77,467.26
483.53,476.57,592.18
477.32,595.94,339.51
480.98,598.74,464.43
484.65,601.54,589.34
478.44,720.9,336.67
482.1,723.7,461.59
485.77,726.5,586.51
225.5,476.1,477
223.55,476.96,601.98
221.61,477.83,726.96
225.86,601.1,476.15
223.91,601.96,601.13
221.96,602.82,726.11
226.21,726.1,475.3
224.27,726.96,600.28
222.32,727.82,725.26
350.48,475.75,478.95
348.53,476.62,603.93
346.59,477.48,728.92
350.84,600.75,478.1
348.89,601.61,603.08
346.95,602.48,728.06
351.2,725.75,477.25
349.25,726.61,602.23
347.31,727.47,727.21
475.46,475.4,480.9
473.52,476.27,605.88
471.57,477.13,730.87
475.82,600.4,480.05
473.88,601.26,605.03
471.93,602.13,730.01
476.18,725.4,479.2
474.23,726.26,604.18
472.29,727.12,729.16
223.87,476.94,598.1
224.5,473.55,723.05
225.14,470.16,848.01
224.17,601.89,601.49
224.8,598.5,726.44
225.44,595.11,851.4
224.47,726.84,604.88
225.1,723.45,729.83
225.74,720.06,854.78
348.86,476.65,597.45
349.5,473.26,722.41
350.13,469.87,847.36
349.17,601.61,600.84
349.8,598.22,725.8
350.44,594.83,850.75
349.47,726.56,604.23
350.1,723.17,729.18
350.74,719.78,854.14
473.86,476.37,596.81
474.5,472.98,721.76
475.13,469.59,846.72
474.16,601.32,600.2
474.8,597.93,725.15
475.43,594.54,850.1
474.46,726.28,603.58
475.1,722.89,728.54
475.73,719.5,853.49
225.76,598.59,101.92
225.37,595.61,226.89
224.98,592.64,351.85
222.35,723.51,104.89
221.95,720.53,229.85
221.56,717.55,354.82
218.93,848.42,107.85
218.54,845.45,232.82
218.14,842.47,357.78
350.72,602,102.39
350.33,599.02,227.36
349.93,596.04,352.32
347.3,726.91,105.36
346.91,723.94,230.32
346.52,720.96,355.29
343.89,851.83,108.33
343.49,848.85,233.29
343.1,845.88,358.25
475.67,605.4,102.87
475.28,602.43,227.83
474.89,599.45,352.8
472.26,730.32,105.83
471.86,727.34,230.8
471.47,724.37,355.76
468.84,855.24,108.8
468.45,852.26,233.76
468.05,849.28,358.73
224.85,601.26,225.75
222.24,602.13,350.72
219.63,603,475.69
228.03,726.22,224.95
225.42,727.09,349.92
222.81,727.96,474.89
231.21,851.18,224.15
228.6,852.05,349.13
225.99,852.92,474.1
349.78,598.1,228.38
347.17,598.96,353.35
344.56,599.83,478.32
352.97,723.05,227.59
350.35,723.92,352.56
347.74,724.79,477.53
356.15,848.01,226.79
353.54,848.88,351.76
350.92,849.75,476.73
474.72,594.93,231.02
472.11,595.79,355.99
469.49,596.66,480.96
477.9,719.89,230.22
475.29,720.75,355.19
472.68,721.62,480.16
481.08,844.84,229.42
478.47,845.71,354.39
475.86,846.58,479.36
225.27,598.89,351.36
223.25,601.8,476.31
221.23,604.71,601.26
226.56,723.84,348.47
224.54,726.75,473.42
222.52,729.66,598.37
227.85,848.8,345.58
225.83,851.71,470.53
223.81,854.62,595.48
350.25,597.65,353.41
348.23,600.56,478.36
346.21,603.46,603.31
351.54,722.6,350.52
349.52,725.51,475.47
347.5,728.42,600.42
352.83,847.56,347.63
350.81,850.47,472.58
348.79,853.38,597.53
475.23,596.4,355.46
473.21,599.31,480.41
471.19,602.22,605.36
476.52,721.36,352.57
474.5,724.27,477.52
472.48,727.18,602.47
477.81,846.32,349.68
475.79,849.23,474.63
473.77,852.14,599.58
224.75,598.7,474.31
226.37,595.85,599.26
227.99,593,724.21
221.57,723.63,477.2
223.19,720.78,602.15
224.81,717.92,727.1
218.39,848.56,480.09
220.01,845.7,605.04
221.63,842.85,729.99
349.7,601.92,472.76
351.32,599.07,597.71
352.94,596.22,722.67
346.52,726.85,475.65
348.14,724,600.6
349.76,721.14,725.56
343.33,851.78,478.54
344.96,848.92,603.49
346.58,846.07,728.45
474.64,605.14,471.22
476.26,602.29,596.17
477.88,599.44,721.12
471.46,730.07,474.11
473.08,727.22,599.06
474.7,724.36,724.01
468.28,855,477
469.9,852.15,601.95
471.52,849.29,726.9
223.81,601.34,599.54
220.94,602.18,724.5
218.06,603.03,849.47
222.24,726.33,598.66
219.37,727.17,723.62
216.49,728.02,848.58
220.67,851.32,597.78
217.79,852.16,722.74
214.92,853.01,847.7
348.77,602.93,602.41
345.89,603.77,727.37
343.01,604.62,852.33
347.2,727.92,601.53
344.32,728.76,726.49
341.44,729.61,851.45
345.63,852.91,600.64
342.75,853.75,725.61
339.87,854.6,850.57
473.72,604.52,605.27
470.85,605.36,730.23
467.97,606.2,855.19
472.15,729.51,604.39
469.27,730.35,729.35
466.4,731.19,854.31
470.58,854.5,603.51
467.7,855.34,728.47
464.83,856.18,853.43
350.87,98.702,101.27
354.01,96.569,226.21
357.16,94.437,351.15
352.34,223.67,103.36
355.48,221.54,228.3
358.62,219.41,353.24
353.8,348.65,105.46
356.95,346.51,230.4
360.09,344.38,355.34
475.82,97.285,98.094
478.96,95.153,223.03
482.11,93.021,347.97
477.29,222.26,100.19
480.43,220.13,225.13
483.57,217.99,350.07
478.75,347.23,102.29
481.9,345.1,227.23
485.04,342.97,352.17
600.77,95.869,94.923
603.91,93.737,219.86
607.06,91.604,344.8
602.24,220.84,97.019
605.38,218.71,221.96
608.52,216.58,346.9
603.7,345.81,99.115
606.85,343.68,224.06
609.99,341.55,349
350.52,98.218,224.17
347.28,96.378,349.11
344.04,94.537,474.06
350.85,223.21,226.01
347.61,221.36,350.96
344.37,219.52,475.91
351.18,348.19,227.86
347.94,346.35,352.81
344.7,344.51,477.76
475.48,97.841,227.4
472.24,96.001,352.35
468.99,94.16,477.3
475.81,222.83,229.25
472.57,220.99,354.2
469.32,219.15,479.15
476.14,347.82,231.1
472.89,345.97,356.05
469.65,344.13,480.99
600.43,97.464,230.64
597.19,95.624,355.59
593.95,93.783,480.54
600.76,222.45,232.49
597.52,220.61,357.44
594.28,218.77,482.38
601.09,347.44,234.34
597.85,345.6,359.28
594.61,343.76,484.23
350.92,99.905,350.67
353.41,96.425,475.6
355.89,92.945,600.53
347.71,224.81,354.21
350.19,221.33,479.14
352.67,217.85,604.07
344.49,349.72,357.75
346.98,346.24,482.68
349.46,342.76,607.61
475.86,103.19,348.28
478.34,99.711,473.21
480.82,96.231,598.14
472.64,228.1,351.82
475.12,224.62,476.75
477.61,221.14,601.68
469.43,353.01,355.36
471.91,349.53,480.29
474.39,346.05,605.22
600.79,106.48,345.88
603.27,103,470.81
605.75,99.516,595.74
597.57,231.39,349.43
600.06,227.91,474.36
602.54,224.43,599.29
594.36,356.29,352.97
596.84,352.81,477.9
599.32,349.33,602.83
349.82,98.534,476.88
350.53,96.518,601.86
351.25,94.502,726.85
346.85,223.48,478.91
347.56,221.46,603.9
348.28,219.45,728.88
343.88,348.43,480.95
344.6,346.41,605.93
345.31,344.4,730.91
474.78,101.52,476.21
475.5,99.499,601.19
476.21,97.483,726.18
471.81,226.46,478.24
472.53,224.45,603.23
473.24,222.43,728.21
468.84,351.41,480.28
469.56,349.39,605.26
470.28,347.38,730.24
599.74,104.5,475.54
600.46,102.48,600.52
601.17,100.47,725.51
596.77,229.44,477.57
597.49,227.43,602.56
598.21,225.41,727.54
593.81,354.39,479.61
594.52,352.37,604.59
595.24,350.36,729.57
349.48,101.65,598.17
346.14,100.94,723.13
342.8,100.22,848.08
346.83,226.62,598.82
343.49,225.9,723.77
340.16,225.19,848.73
344.19,351.59,599.47
340.85,350.87,724.42
337.51,350.16,849.38
474.4,104.27,601.53
471.06,103.55,726.48
467.73,102.84,851.43
471.76,229.24,602.18
468.42,228.52,727.13
465.08,227.81,852.08
469.11,354.21,602.83
465.77,353.49,727.78
462.44,352.78,852.73
599.33,106.89,604.88
595.99,106.17,729.84
592.65,105.46,854.79
596.68,231.86,605.53
593.34,231.14,730.48
590.01,230.43,855.44
594.04,356.83,606.18
590.7,356.11,731.13
587.36,355.39,856.09
348.03,223.25,98.586
347.98,222.83,223.58
347.92,222.41,348.58
350.07,348.24,99.01
350.02,347.82,224.01
349.97,347.39,349.01
352.11,473.23,99.434
352.06,472.8,224.43
352.01,472.38,349.43
473.01,221.21,98.631
472.96,220.79,223.63
472.91,220.37,348.63
475.05,346.2,99.055
475,345.78,224.05
474.95,345.35,349.05
477.09,471.18,99.479
477.04,470.76,224.48
476.99,470.34,349.48
597.99,219.17,98.675
597.94,218.75,223.67
597.89,218.33,348.67
600.03,344.16,99.099
599.98,343.73,224.1
599.93,343.31,349.1
602.07,469.14,99.523
602.02,468.72,224.52
601.97,468.3,349.52
351.51,223.85,225.51
350.81,226.01,350.49
350.1,228.16,475.47
350.78,348.83,223.35
350.08,350.99,348.33
349.37,353.14,473.31
350.05,473.81,221.2
349.35,475.96,346.17
348.64,478.12,471.15
476.5,224.6,226.2
475.8,226.75,351.18
475.1,228.91,476.16
475.77,349.58,224.04
475.07,351.73,349.02
474.37,353.89,474
475.04,474.56,221.89
474.34,476.71,346.86
473.64,478.86,471.84
601.5,225.34,226.89
600.79,227.5,351.87
600.09,229.65,476.85
600.77,350.32,224.74
600.06,352.48,349.71
599.36,354.63,474.69
600.04,475.3,222.58
599.33,477.46,347.56
598.63,479.61,472.53
351.08,223.09,349.58
349.37,225.02,474.55
347.67,226.95,599.52
353.25,348.06,347.69
351.54,349.99,472.66
349.84,351.91,597.63
355.42,473.03,345.79
353.72,474.95,470.77
352.01,476.88,595.74
476.04,220.95,351.32
474.34,222.87,476.29
472.63,224.8,601.26
478.21,345.92,349.42
476.51,347.84,474.4
474.81,349.77,599.37
480.39,470.88,347.53
478.68,472.81,472.51
476.98,474.74,597.48
601.01,218.8,353.05
599.3,220.73,478.03
597.6,222.66,603
603.18,343.77,351.16
601.48,345.7,476.14
599.77,347.62,601.11
605.35,468.74,349.27
603.65,470.66,474.24
601.94,472.59,599.22
350.09,225.54,476.18
350.38,226.65,601.17
350.67,227.76,726.16
349.96,350.53,475.06
350.25,351.64,600.06
350.54,352.76,725.05
349.83,475.53,473.95
350.12,476.64,598.95
350.41,477.75,723.94
475.09,225.66,475.88
475.38,226.77,600.88
475.67,227.88,725.87
474.96,350.66,474.77
475.25,351.77,599.77
475.54,352.88,724.76
474.83,475.65,473.66
475.12,476.76,598.65
475.41,477.87,723.65
600.09,225.78,475.59
600.38,226.9,600.59
600.67,228.01,725.58
599.96,350.78,474.48
600.25,351.89,599.47
600.54,353,724.47
599.83,475.77,473.37
600.12,476.89,598.36
600.41,478,723.36
351.17,226.66,598.95
352.78,229.22,723.92
354.39,231.78,848.88
353.7,351.61,596.36
355.31,354.17,721.32
356.92,356.73,846.28
356.23,476.55,593.76
357.84,479.12,718.72
359.45,481.68,843.69
476.13,224.1,597.4
477.74,226.66,722.36
479.35,229.22,847.32
478.66,349.05,594.8
480.27,351.61,719.76
481.88,354.17,844.72
481.19,473.99,592.2
482.8,476.56,717.17
484.41,479.12,842.13
601.09,221.54,595.84
602.7,224.1,720.8
604.31,226.66,845.76
603.62,346.49,593.24
605.23,349.05,718.2
606.84,351.61,843.17
606.15,471.44,590.64
607.76,474,715.61
609.37,476.56,840.57
348.93,348.74,100.61
345.73,347.49,225.57
342.53,346.23,350.52
348.19,473.73,101.85
344.99,472.48,226.8
341.79,471.22,351.76
347.45,598.73,103.08
344.25,597.47,228.04
341.05,596.22,352.99
473.89,349.44,103.82
470.69,348.19,228.78
467.49,346.93,353.73
473.15,474.44,105.06
469.95,473.18,230.01
466.75,471.93,354.97
472.4,599.43,106.29
469.2,598.18,231.25
466.01,596.92,356.2
598.84,350.14,107.03
595.65,348.89,231.99
592.45,347.64,356.94
598.1,475.14,108.27
594.9,473.88,233.22
591.7,472.63,358.18
597.36,600.13,109.5
594.16,598.88,234.46
590.96,597.62,359.41
349.51,350.91,226.84
351.74,350.4,351.82
353.98,349.9,476.8
352.51,475.87,227.3
354.75,475.37,352.27
356.98,474.86,477.25
355.51,600.84,227.75
357.75,600.33,352.72
359.98,599.83,477.7
474.46,347.92,224.6
476.69,347.41,349.57
478.93,346.91,474.55
477.46,472.88,225.05
479.69,472.38,350.02
481.93,471.87,475
480.46,597.85,225.5
482.69,597.34,350.47
484.93,596.84,475.45
599.4,344.92,222.35
601.64,344.42,347.32
603.87,343.92,472.3
602.4,469.89,222.8
604.64,469.38,347.77
606.87,468.88,472.75
605.4,594.85,223.25
607.64,594.35,348.23
609.87,593.84,473.2
348.8,350.84,348.41
350.08,353.27,473.38
351.35,355.7,598.35
352.44,475.77,345.94
353.71,478.2,470.91
354.98,480.63,595.88
356.08,600.69,343.47
357.35,603.12,468.44
358.62,605.56,593.41
473.74,347.18,347.21
475.02,349.62,472.18
476.29,352.05,597.15
477.38,472.11,344.74
478.65,474.54,469.71
479.92,476.97,594.68
481.02,597.04,342.27
482.29,599.47,467.24
483.56,601.9,592.21
598.68,343.53,346.01
599.96,345.96,470.99
601.23,348.39,595.96
602.32,468.45,343.54
603.59,470.88,468.51
604.86,473.32,593.49
605.96,593.38,341.07
607.23,595.81,466.04
608.5,598.24,591.01
350.26,351.35,474.09
346.92,348.5,599.01
343.57,345.64,723.93
351.4,476.31,476.98
348.05,473.46,601.9
344.71,470.6,726.83
352.54,601.27,479.87
349.19,598.42,604.79
345.85,595.56,729.72
475.21,350.14,477.41
471.86,347.29,602.34
468.52,344.43,727.26
476.35,475.1,480.3
473,472.25,605.23
469.66,469.39,730.15
477.48,600.06,483.2
474.14,597.21,608.12
470.79,594.35,733.04
600.16,348.93,480.74
596.81,346.08,605.66
593.47,343.22,730.58
601.29,473.89,483.63
597.95,471.04,608.55
594.61,468.18,733.47
602.43,598.85,486.52
599.09,596,611.44
595.74,593.14,736.36
348.71,351.12,601.56
349.17,349.37,726.54
349.62,347.62,851.53
346.63,476.1,603.32
347.08,474.35,728.31
347.53,472.6,853.29
344.54,601.07,605.08
344.99,599.32,730.07
345.45,597.57,855.05
473.7,353.22,601.13
474.15,351.47,726.11
474.61,349.72,851.1
471.61,478.19,602.89
472.06,476.44,727.88
472.52,474.69,852.86
469.52,603.17,604.65
469.98,601.42,729.64
470.43,599.66,854.62
598.68,355.31,600.7
599.13,353.56,725.68
599.59,351.81,850.67
596.59,480.29,602.46
597.05,478.54,727.44
597.5,476.78,852.43
594.5,605.26,604.22
594.96,603.51,729.21
595.41,601.76,854.19
350.8,474.41,98.822
348.16,475.87,223.78
345.53,477.34,348.74
351.42,599.4,97.37
348.78,600.86,222.33
346.14,602.33,347.29
352.03,724.39,95.917
349.39,725.85,220.88
346.76,727.32,345.84
475.77,473.82,101.46
473.13,475.29,226.42
470.5,476.75,351.38
476.39,598.81,100.01
473.75,600.28,224.97
471.11,601.75,349.93
477,723.8,98.557
474.36,725.27,223.52
471.73,726.74,348.48
600.74,473.24,104.1
598.1,474.71,229.06
595.47,476.17,354.02
601.36,598.23,102.65
598.72,599.7,227.61
596.08,601.16,352.57
601.97,723.22,101.2
599.34,724.69,226.16
596.7,726.15,351.12
348.12,476.33,225.31
351.76,477.32,350.25
355.4,478.31,475.19
348.96,601.33,224.29
352.6,602.32,349.23
356.23,603.3,474.17
349.79,726.32,223.27
353.43,727.31,348.2
357.07,728.3,473.14
473.07,475.47,221.68
476.71,476.46,346.62
480.35,477.45,471.56
473.9,600.47,220.66
477.54,601.46,345.6
481.18,602.44,470.54
474.73,725.46,219.64
478.37,726.45,344.58
482.01,727.44,469.52
598.01,474.62,218.05
601.65,475.6,342.99
605.29,476.59,467.93
598.84,599.61,217.03
602.48,600.6,341.97
606.12,601.59,466.91
599.68,724.6,216.01
603.31,725.59,340.95
606.95,726.58,465.89
348.93,475.96,349.94
352.07,474.35,474.89
355.21,472.75,599.84
347.92,600.94,351.58
351.06,599.33,476.53
354.2,597.73,601.48
346.91,725.92,353.21
350.05,724.32,478.16
353.19,722.71,603.11
473.89,477.01,346.82
477.03,475.4,471.77
480.16,473.8,596.72
472.88,601.99,348.45
476.02,600.39,473.4
479.15,598.78,598.35
471.87,726.98,350.08
475.01,725.37,475.04
478.14,723.77,599.99
598.84,478.06,343.69
601.98,476.45,468.64
605.12,474.85,593.59
597.83,603.04,345.32
600.97,601.44,470.28
604.11,599.83,595.23
596.82,728.03,346.96
599.96,726.42,471.91
603.1,724.82,596.86
348.83,473.09,475.6
351.33,473.6,600.57
353.82,474.11,725.55
349.59,598.09,475.08
352.09,598.6,600.05
354.58,599.1,725.03
350.36,723.08,474.56
352.85,723.59,599.53
355.34,724.1,724.51
473.8,472.32,473.1
476.3,472.83,598.08
478.79,473.33,723.05
474.57,597.32,472.58
477.06,597.82,597.56
479.55,598.33,722.53
475.33,722.31,472.06
477.82,722.82,597.04
480.32,723.33,722.01
598.77,471.55,470.61
601.27,472.05,595.58
603.76,472.56,720.56
599.54,596.54,470.09
602.03,597.05,595.06
604.52,597.56,720.04
600.3,721.54,469.57
602.79,722.05,594.54
605.29,722.55,719.52
349.34,473.27,601.78
350.33,472.94,726.77
351.33,472.61,851.77
350.15,598.26,602.1
351.15,597.93,727.1
352.14,597.6,852.09
350.96,723.25,602.42
351.96,722.92,727.42
352.96,722.59,852.42
474.33,472.45,600.78
475.33,472.12,725.78
476.33,471.79,850.77
475.15,597.44,601.1
476.14,597.12,726.1
477.14,596.79,851.1
475.96,722.44,601.43
476.96,722.11,726.42
477.95,721.78,851.42
599.33,471.64,599.78
600.33,471.31,724.78
601.32,470.98,849.78
600.14,596.63,600.11
601.14,596.3,725.1
602.14,595.97,850.1
600.96,721.62,600.43
601.95,721.29,725.42
602.95,720.96,850.42
348.04,600.71,100.6
351.13,598.92,225.55
354.22,597.12,350.5
351.74,725.64,102.3
354.84,723.85,227.25
357.93,722.06,352.2
355.45,850.58,104
358.55,848.79,228.95
361.64,846.99,353.9
472.95,597.05,97.458
476.04,595.25,222.41
479.13,593.46,347.36
476.65,721.98,99.158
479.75,720.19,224.11
482.84,718.39,349.06
480.36,846.92,100.86
483.45,845.12,225.81
486.55,843.33,350.76
597.86,593.38,94.314
600.95,591.59,219.26
604.04,589.8,344.21
601.56,718.32,96.014
604.66,716.53,220.96
607.75,714.73,345.91
605.27,843.25,97.715
608.36,841.46,222.66
611.46,839.67,347.61
349.31,600.42,224.26
348.05,603.43,349.21
346.8,606.43,474.17
352.28,725.35,221.28
351.03,728.35,346.24
349.77,731.36,471.19
355.25,850.27,218.3
354,853.28,343.26
352.74,856.29,468.21
474.27,597.47,225.58
473.01,600.48,350.54
471.76,603.49,475.5
477.24,722.4,222.61
475.98,725.41,347.56
474.73,728.41,472.52
480.21,847.33,219.63
478.96,850.33,344.59
477.7,853.34,469.54
599.23,594.53,226.91
597.97,597.53,351.87
596.71,600.54,476.83
602.2,719.45,223.94
600.94,722.46,348.89
599.69,725.47,473.85
605.17,844.38,220.96
603.92,847.39,345.91
602.66,850.4,470.87
350.21,598.17,349.85
350.72,600.05,474.84
351.23,601.92,599.82
350.13,723.16,347.98
350.63,725.04,472.97
351.14,726.91,597.95
350.04,848.15,346.11
350.55,850.02,471.09
351.05,851.9,596.08
475.21,598.25,349.34
475.71,600.13,474.32
476.22,602,599.31
475.12,723.24,347.47
475.63,725.12,472.45
476.13,726.99,597.44
475.03,848.23,345.59
475.54,850.1,470.58
476.05,851.98,595.56
600.2,598.33,348.83
600.71,600.21,473.81
601.21,602.08,598.8
600.11,723.32,346.95
600.62,725.2,471.94
601.13,727.07,596.92
600.03,848.31,345.08
600.53,850.18,470.06
601.04,852.06,595.05
348.71,598.44,476.31
346.69,601.84,601.25
344.67,605.24,726.18
349.58,723.39,472.92
347.55,726.79,597.85
345.53,730.19,722.79
350.44,848.34,469.53
348.42,851.75,594.46
346.4,855.15,719.4
473.69,597.63,478.36
471.67,601.03,603.29
469.65,604.43,728.23
474.56,722.58,474.97
472.54,725.98,599.9
470.51,729.38,724.84
475.42,847.53,471.57
473.4,850.93,596.51
471.38,854.34,721.44
598.67,596.81,480.41
596.65,600.21,605.34
594.63,603.62,730.28
599.54,721.77,477.01
597.52,725.17,601.95
595.49,728.57,726.88
600.4,846.72,473.62
598.38,850.12,598.56
596.36,853.52,723.49
348.14,601.78,599.17
350.37,599.95,724.13
352.6,598.12,849.1
346.71,726.76,601.02
348.94,724.93,725.99
351.17,723.1,850.96
345.29,851.74,602.88
347.52,849.91,727.85
349.75,848.08,852.82
473.11,603.25,596.96
475.34,601.41,721.92
477.57,599.58,846.89
471.69,728.22,598.81
473.92,726.39,723.78
476.15,724.56,848.75
470.26,853.2,600.67
472.49,851.37,725.64
474.72,849.54,850.61
598.09,604.71,594.75
600.32,602.88,719.72
602.55,601.04,844.68
596.66,729.69,596.6
598.89,727.85,721.57
601.12,726.02,846.54
595.24,854.66,598.46
597.47,852.83,723.43
599.7,851,848.4
473.35,100.61,98.102
470.9,96.989,223.02
468.46,93.366,347.95
475.52,225.54,101.76
473.08,221.92,226.68
470.64,218.29,351.61
477.7,350.47,105.42
475.26,346.85,230.34
472.82,343.22,355.26
598.3,98.362,100.47
595.86,94.74,225.4
593.42,91.117,350.32
600.48,223.29,104.13
598.04,219.67,229.06
595.6,216.04,353.98
602.66,348.22,107.79
600.22,344.6,232.72
597.78,340.97,357.64
723.26,96.113,102.85
720.82,92.49,227.77
718.38,88.867,352.69
725.44,221.04,106.51
723,217.42,231.43
720.56,213.8,356.35
727.62,345.97,110.17
725.18,342.35,235.09
722.74,338.72,360.01
473.96,101.62,224.67
471.02,104.52,349.6
468.09,107.43,474.53
473.84,226.59,221.76
470.9,229.49,346.69
467.97,232.39,471.62
473.71,351.55,218.85
470.78,354.46,343.78
467.85,357.36,468.71
598.92,101.81,227.6
595.99,104.71,352.53
593.06,107.62,477.46
598.8,226.78,224.69
595.87,229.68,349.62
592.93,232.58,474.55
598.68,351.75,221.78
595.75,354.65,346.71
592.81,357.55,471.64
723.89,102,230.53
720.95,104.91,355.46
718.02,107.81,480.39
723.77,226.97,227.62
720.83,229.87,352.55
717.9,232.77,477.48
723.64,351.94,224.71
720.71,354.84,349.64
717.78,357.74,474.57
475.05,99.253,348.05
477.26,101.05,473.02
479.47,102.85,597.99
473.35,224.23,346.28
475.56,226.03,471.25
477.77,227.83,596.22
471.65,349.2,344.51
473.86,351,469.48
476.06,352.8,594.45
600.02,100.93,345.82
602.23,102.73,470.79
604.44,104.53,595.76
598.32,225.9,344.05
600.53,227.7,469.02
602.73,229.5,593.99
596.62,350.88,342.28
598.83,352.68,467.25
601.03,354.48,592.22
724.99,102.6,343.6
727.2,104.4,468.56
729.41,106.2,593.53
723.29,227.58,341.82
725.5,229.38,466.79
727.7,231.18,591.76
721.59,352.55,340.05
723.8,354.35,465.02
726,356.15,589.99
473.3,99.31,473.46
475.29,98.494,598.44
477.28,97.677,723.42
473.58,224.31,474.27
475.57,223.49,599.26
477.56,222.67,724.24
473.85,349.3,475.09
475.84,348.49,600.07
477.84,347.67,725.05
598.29,99.049,471.46
600.28,98.232,596.44
602.27,97.416,721.43
598.56,224.05,472.28
600.55,223.23,597.26
602.54,222.41,722.24
598.84,349.04,473.09
600.83,348.23,598.08
602.82,347.41,723.06
723.27,98.788,469.46
725.26,97.971,594.45
727.25,97.155,719.43
723.55,223.78,470.28
725.54,222.97,595.26
727.53,222.15,720.24
723.82,348.78,471.1
725.81,347.96,596.08
727.8,347.15,721.06
473.07,101.95,599.13
475.3,105.68,724.06
477.53,109.41,848.98
471.91,226.89,595.42
474.13,230.62,720.35
476.36,234.35,845.27
470.74,351.83,591.71
472.97,355.56,716.64
475.2,359.28,841.57
598.05,103.05,596.87
600.28,106.78,721.8
602.51,110.51,846.72
596.89,227.99,593.16
599.11,231.72,718.09
601.34,235.45,843.01
595.72,352.93,589.45
597.95,356.66,714.38
600.18,360.38,839.3
723.03,104.15,594.61
725.26,107.88,719.54
727.48,111.61,844.46
721.86,229.09,590.9
724.09,232.82,715.83
726.32,236.55,840.75
720.7,354.03,587.19
722.93,357.76,712.12
725.15,361.48,837.04
475.09,223.61,100.36
478.16,220.72,225.29
481.23,217.82,350.22
474.52,348.58,103.27
477.59,345.68,228.2
480.66,342.79,353.13
473.96,473.54,106.18
477.03,470.65,231.11
480.1,467.75,356.04
600.05,224.25,97.307
603.12,221.36,222.24
606.19,218.47,347.17
599.48,349.22,100.22
602.55,346.32,225.15
605.62,343.43,350.08
598.92,474.18,103.12
601.99,471.29,228.05
605.06,468.4,352.99
725.01,224.89,94.254
728.08,222,219.18
731.15,219.11,344.12
724.44,349.86,97.162
727.51,346.96,222.09
730.58,344.07,347.02
723.88,474.82,100.07
726.95,471.93,225
730.02,469.04,349.93
474.32,223.46,223.64
472.05,226.21,348.59
469.77,228.97,473.54
472.81,348.42,220.86
470.53,351.18,345.81
468.26,353.93,470.76
471.29,473.38,218.08
469.02,476.14,343.03
466.75,478.89,467.98
599.29,225.02,225.89
597.02,227.78,350.84
594.74,230.53,475.79
597.78,349.98,223.1
595.5,352.74,348.05
593.23,355.49,473
596.26,474.95,220.32
593.99,477.7,345.27
591.72,480.46,470.22
724.26,226.58,228.13
721.99,229.34,353.08
719.71,232.1,478.03
722.75,351.55,225.35
720.47,354.3,350.3
718.2,357.06,475.25
721.23,476.51,222.57
718.96,479.27,347.51
716.69,482.02,472.46
474.3,224.86,349.66
474.71,224.92,474.66
475.12,224.97,599.66
473.98,349.86,349.6
474.39,349.92,474.6
474.8,349.97,599.61
473.67,474.86,349.55
474.08,474.92,474.55
474.49,474.97,599.55
599.3,225.18,349.24
599.71,225.23,474.24
600.12,225.29,599.25
598.98,350.18,349.19
599.39,350.23,474.19
599.8,350.29,599.19
598.67,475.18,349.13
599.08,475.23,474.13
599.49,475.29,599.13
724.3,225.49,348.83
724.71,225.55,473.83
725.12,225.6,598.83
723.98,350.49,348.77
724.39,350.55,473.77
724.8,350.6,598.77
723.66,475.49,348.71
724.08,475.55,473.71
724.49,475.6,598.71
475.88,223.32,473.58
478.69,222.41,598.54
481.49,221.5,723.5
474.16,348.3,474.53
476.97,347.39,599.49
479.77,346.48,724.46
472.44,473.29,475.48
475.24,472.37,600.44
478.05,471.46,725.41
600.84,225.06,470.79
603.65,224.15,595.75
606.45,223.24,720.71
599.12,350.04,471.74
601.93,349.13,596.7
604.73,348.22,721.67
597.4,475.03,472.69
600.2,474.11,597.65
603.01,473.2,722.62
725.81,226.8,468
728.61,225.89,592.96
731.42,224.98,717.92
724.08,351.78,468.95
726.89,350.87,593.91
729.69,349.96,718.87
722.36,476.77,469.9
725.17,475.85,594.86
727.97,474.94,719.83
473.18,223.31,598.39
474.01,224.13,723.38
474.84,224.96,848.38
475.56,348.28,597.55
476.39,349.1,722.54
477.22,349.93,847.54
477.95,473.25,596.71
478.77,474.08,721.71
479.6,474.9,846.7
598.16,220.92,597.58
598.99,221.74,722.57
599.82,222.57,847.57
600.54,345.89,596.74
601.37,346.72,721.73
602.2,347.54,846.73
602.92,470.86,595.9
603.75,471.69,720.89
604.58,472.51,845.89
723.14,218.53,596.76
723.96,219.36,721.76
724.79,220.18,846.75
725.52,343.5,595.93
726.35,344.33,720.92
727.18,345.15,845.91
727.9,468.47,595.09
728.73,469.3,720.08
729.56,470.12,845.08
474.41,348.09,100.08
473.45,350.12,225.07
472.5,352.15,350.05
471.49,473.04,98.036
470.53,475.07,223.02
469.58,477.1,348
468.57,598,95.988
467.61,600.02,220.97
466.66,602.05,345.95
599.37,351.03,100.99
598.41,353.06,225.97
597.46,355.08,350.96
596.45,475.98,98.945
595.49,478.01,223.93
594.54,480.03,348.91
593.53,600.93,96.897
592.57,602.96,221.88
591.62,604.99,346.86
724.33,353.96,101.9
723.37,355.99,226.88
722.42,358.02,351.87
721.41,478.92,99.854
720.45,480.94,224.84
719.5,482.97,349.82
718.49,603.87,97.806
717.53,605.9,222.79
716.58,607.92,347.77
473.5,350.82,223.45
471.9,349.41,348.44
470.29,348.01,473.42
470.96,475.79,224.83
469.36,474.38,349.81
467.75,472.98,474.8
468.42,600.76,226.21
466.81,599.35,351.19
465.21,597.95,476.17
598.47,353.35,225.09
596.87,351.94,350.07
595.26,350.53,475.05
595.93,478.32,226.46
594.32,476.91,351.45
592.72,475.5,476.43
593.39,603.29,227.84
591.78,601.88,352.82
590.18,600.47,477.8
723.44,355.87,226.72
721.83,354.47,351.7
720.23,353.06,476.69
720.9,480.84,228.1
719.29,479.44,353.08
717.69,478.03,478.06
718.35,605.81,229.47
716.75,604.41,354.45
715.14,603,479.44
474.82,351.02,348.55
473.43,354.47,473.49
472.04,357.93,598.43
475.64,475.97,345.1
474.25,479.42,470.04
472.86,482.88,594.98
476.46,600.91,341.65
475.07,604.37,466.59
473.68,607.83,591.53
599.81,350.24,349.97
598.42,353.69,474.91
597.03,357.15,599.85
600.63,475.19,346.52
599.24,478.64,471.46
597.85,482.1,596.4
601.45,600.13,343.07
600.06,603.59,468.01
598.67,607.05,592.95
724.8,349.46,351.38
723.41,352.92,476.33
722.02,356.37,601.27
725.62,474.41,347.93
724.23,477.86,472.88
722.84,481.32,597.82
726.44,599.35,344.48
725.05,602.81,469.43
723.65,606.27,594.37
473.36,351.42,473.35
472.65,348.59,598.31
471.95,345.76,723.27
474.83,476.39,476.19
474.13,473.55,601.15
473.42,470.72,726.11
476.31,601.35,479.03
475.6,598.51,603.99
474.9,595.68,728.96
598.35,349.94,474.02
597.64,347.1,598.99
596.93,344.27,723.95
599.82,474.9,476.86
599.11,472.06,601.83
598.41,469.23,726.79
601.3,599.86,479.7
600.59,597.03,604.67
599.88,594.19,729.63
723.33,348.45,474.7
722.63,345.62,599.66
721.92,342.78,724.62
724.81,473.41,477.54
724.1,470.58,602.5
723.4,467.74,727.46
726.28,598.37,480.38
725.58,595.54,605.34
724.87,592.71,730.3
473.64,350.02,601.42
471.84,349.7,726.4
470.03,349.38,851.39
469.92,474.96,601.68
468.12,474.64,726.66
466.32,474.32,851.65
466.21,599.91,601.94
464.41,599.59,726.92
462.6,599.27,851.91
598.57,353.73,603.23
596.77,353.41,728.22
594.96,353.09,853.2
594.85,478.67,603.49
593.05,478.35,728.48
591.25,478.03,853.46
591.14,603.62,603.75
589.34,603.3,728.74
587.53,602.98,853.72
723.5,357.44,605.04
721.7,357.12,730.03
719.89,356.79,855.01
719.78,482.38,605.3
717.98,482.06,730.29
716.18,481.74,855.27
716.07,607.33,605.56
714.27,607.01,730.55
712.46,606.69,855.53
473.12,475.73,99.193
476.81,479.36,224.09
480.5,482.99,348.98
475.65,600.65,95.487
479.34,604.28,220.38
483.03,607.91,345.28
478.17,725.57,91.781
481.86,729.2,216.68
485.55,732.83,341.57
598.05,473.1,95.576
601.74,476.73,220.47
605.43,480.36,345.37
600.57,598.02,91.869
604.26,601.65,216.77
607.95,605.28,341.66
603.09,722.94,88.163
606.78,726.57,213.06
610.47,730.2,337.95
722.97,470.47,91.958
726.66,474.09,216.85
730.35,477.72,341.75
725.49,595.39,88.252
729.18,599.01,213.15
732.87,602.64,338.04
728.01,720.31,84.545
731.7,723.93,209.44
735.4,727.56,334.34
476.38,475.43,224.56
477.08,476.84,349.55
477.78,478.26,474.54
479.72,600.38,223.12
480.42,601.79,348.11
481.12,603.21,473.11
483.06,725.32,221.69
483.76,726.74,346.68
484.46,728.15,471.67
601.33,472.08,223.9
602.03,473.49,348.89
602.73,474.91,473.88
604.68,597.03,222.47
605.37,598.44,347.46
606.07,599.86,472.45
608.02,721.98,221.04
608.72,723.39,346.03
609.41,724.8,471.02
726.29,468.73,223.24
726.99,470.15,348.23
727.68,471.56,473.22
729.63,593.68,221.81
730.33,595.09,346.8
731.03,596.51,471.79
732.97,718.63,220.38
733.67,720.04,345.37
734.37,721.46,470.36
476.35,473.08,351.13
472.83,476.77,476.02
469.31,480.46,600.92
478.78,598,347.51
475.27,601.69,472.4
471.75,605.39,597.29
481.22,722.93,343.88
477.7,726.62,468.78
474.18,730.31,593.67
601.27,470.75,354.72
597.76,474.44,479.61
594.24,478.13,604.51
603.71,595.67,351.1
600.19,599.37,475.99
596.67,603.06,600.88
606.15,720.6,347.47
602.63,724.29,472.37
599.11,727.98,597.26
726.2,468.42,358.31
722.68,472.11,483.21
719.16,475.8,608.1
728.64,593.35,354.69
725.12,597.04,479.58
721.6,600.73,604.48
731.07,718.27,351.07
727.55,721.96,475.96
724.03,725.66,600.85
475.87,473.5,475.26
476.6,470.43,600.22
477.32,467.36,725.18
475.47,598.47,478.33
476.19,595.4,603.29
476.91,592.33,728.25
475.07,723.43,481.41
475.79,720.36,606.37
476.51,717.29,731.33
600.87,473.93,474.55
601.59,470.86,599.51
602.31,467.79,724.47
600.47,598.89,477.62
601.19,595.82,602.58
601.91,592.75,727.54
600.06,723.85,480.7
600.78,720.78,605.66
601.51,717.71,730.62
725.86,474.35,473.84
726.59,471.28,598.8
727.31,468.21,723.76
725.46,599.31,476.91
726.18,596.24,601.87
726.9,593.18,726.83
725.06,724.28,479.99
725.78,721.21,604.95
726.5,718.14,729.91
474.16,476.91,601.31
475.13,479.15,726.28
476.09,481.39,851.25
474.12,601.89,599.07
475.08,604.13,724.04
476.05,606.37,849.01
474.07,726.87,596.83
475.04,729.11,721.8
476,731.35,846.77
599.16,476.94,600.34
600.12,479.18,725.32
601.09,481.42,850.29
599.12,601.92,598.1
600.08,604.16,723.08
601.05,606.39,848.05
599.07,726.9,595.86
600.04,729.13,720.84
601,731.37,845.81
724.16,476.97,599.38
725.12,479.2,724.35
726.09,481.44,849.33
724.11,601.95,597.14
725.08,604.18,722.11
726.04,606.42,847.09
724.07,726.92,594.9
725.03,729.16,719.87
726,731.4,844.85
475.86,600.7,100.21
478.32,597.42,225.15
480.77,594.13,350.08
479.28,725.62,103.44
481.73,722.33,228.37
484.19,719.04,353.3
482.7,850.53,106.66
485.15,847.24,231.59
487.6,843.95,356.52
600.79,597.35,97.669
603.24,594.07,222.6
605.7,590.78,347.53
604.21,722.27,100.89
606.66,718.98,225.82
609.11,715.69,350.76
607.62,847.18,104.11
610.08,843.89,229.05
612.53,840.6,353.98
725.72,594,95.124
728.17,590.72,220.06
730.62,587.43,344.99
729.13,718.92,98.346
731.59,715.63,223.28
734.04,712.34,348.21
732.55,843.83,101.57
735,840.54,226.5
737.46,837.25,351.43
474.2,601.95,226.66
475.59,602.55,351.65
476.98,603.14,476.64
473.35,726.95,226.08
474.74,727.54,351.07
476.13,728.14,476.05
472.51,851.95,225.5
473.9,852.54,350.48
475.29,853.14,475.47
599.19,602.79,225.27
600.58,603.38,350.26
601.97,603.98,475.24
598.34,727.79,224.69
599.73,728.38,349.67
601.12,728.98,474.66
597.5,852.78,224.1
598.89,853.38,349.09
600.28,853.97,474.08
724.18,603.63,223.88
725.57,604.22,348.86
726.96,604.81,473.85
723.33,728.62,223.29
724.72,729.22,348.28
726.11,729.81,473.27
722.49,853.62,222.71
723.88,854.21,347.7
725.27,854.81,472.68
474.56,598.29,350.2
477.22,594.55,475.12
479.87,590.82,600.03
477.95,723.19,353.86
480.61,719.46,478.78
483.27,715.72,603.7
481.35,848.1,357.53
484,844.36,482.44
486.66,840.62,607.36
599.48,594.98,347.44
602.14,591.24,472.36
604.8,587.5,597.28
602.88,719.88,351.11
605.54,716.14,476.02
608.19,712.41,600.94
606.27,844.78,354.77
608.93,841.05,479.69
611.59,837.31,604.6
724.41,591.67,344.69
727.07,587.93,469.6
729.72,584.19,594.52
727.8,716.57,348.35
730.46,712.83,473.27
733.12,709.1,598.18
731.2,841.47,352.01
733.86,837.74,476.93
736.51,834,601.85
473.2,600.48,474.2
475.98,598.33,599.16
478.75,596.18,724.11
476.87,725.41,476.27
479.64,723.26,601.23
482.41,721.11,726.18
480.53,850.34,478.35
483.3,848.19,603.3
486.08,846.04,728.25
598.12,596.87,471.37
600.89,594.71,596.32
603.66,592.56,721.27
601.78,721.8,473.44
604.55,719.65,598.39
607.33,717.5,723.34
605.44,846.73,475.51
608.22,844.58,600.46
610.99,842.43,725.41
723.03,593.25,468.54
725.8,591.1,593.49
728.58,588.95,718.44
726.69,718.18,470.61
729.47,716.03,595.56
732.24,713.88,720.51
730.36,843.12,472.68
733.13,840.96,597.63
735.9,838.81,722.58
474.56,601.61,598.56
474.23,598.83,723.53
473.91,596.06,848.5
473.33,726.57,601.33
473,723.8,726.3
472.68,721.02,851.27
472.1,851.53,604.11
471.77,848.76,729.08
471.45,845.98,854.05
599.56,602.83,598.92
599.23,600.06,723.89
598.9,597.28,848.86
598.33,727.79,601.69
598,725.02,726.66
597.67,722.24,851.63
597.09,852.75,604.47
596.77,849.98,729.44
596.44,847.2,854.41
724.55,604.05,599.27
724.22,601.28,724.24
723.89,598.5,849.21
723.32,729.01,602.05
722.99,726.24,727.02
722.66,723.46,851.99
722.09,853.97,604.82
721.76,851.2,729.79
721.43,848.42,854.76
601.93,98.856,101.94
602.23,95.899,226.91
602.53,92.942,351.87
605.38,223.77,104.89
605.68,220.82,229.85
605.99,217.86,354.82
608.83,348.69,107.83
609.13,345.73,232.8
609.44,342.78,357.76
726.88,95.417,101.56
727.18,92.46,226.52
727.48,89.503,351.48
730.33,220.33,104.5
730.63,217.38,229.46
730.94,214.42,354.43
733.78,345.25,107.44
734.09,342.3,232.41
734.39,339.34,357.37
851.83,91.977,101.17
852.13,89.02,226.13
852.44,86.063,351.1
855.28,216.9,104.11
855.58,213.94,229.08
855.89,210.98,354.04
858.73,341.81,107.06
859.04,338.86,232.02
859.34,335.9,356.99
599.83,98.171,223.48
601.63,101.13,348.43
603.43,104.1,473.38
598.22,223.12,220.53
600.02,226.09,345.49
601.82,229.05,470.44
596.61,348.07,217.59
598.41,351.04,342.54
600.21,354,467.5
724.81,99.736,221.64
726.6,102.7,346.59
728.4,105.66,471.55
723.2,224.69,218.7
725,227.65,343.65
726.79,230.61,468.6
721.59,349.64,215.75
723.39,352.6,340.71
725.19,355.56,465.66
849.78,101.3,219.8
851.58,104.26,344.76
853.38,107.23,469.71
848.17,226.25,216.86
849.97,229.21,341.81
851.77,232.18,466.77
846.57,351.2,213.92
848.36,354.17,338.87
850.16,357.13,463.82
598.2,99.204,348.04
595.1,101.56,472.98
592.01,103.92,597.92
601.2,224.15,345.77
598.11,226.5,470.7
595.01,228.86,595.64
604.2,349.09,343.49
601.11,351.45,468.43
598.01,353.8,593.37
723.12,96.264,351.2
720.03,98.621,476.14
716.93,100.98,601.08
726.13,221.21,348.92
723.03,223.56,473.86
719.94,225.92,598.8
729.13,346.15,346.64
726.03,348.51,471.58
722.94,350.86,596.52
848.05,93.323,354.35
844.95,95.68,479.29
841.86,98.037,604.23
851.05,218.27,352.08
847.96,220.62,477.01
844.86,222.98,601.95
854.05,343.21,349.8
850.96,345.57,474.74
847.86,347.92,599.68
598.84,99.929,473.67
596.43,102.5,598.62
594.02,105.08,723.57
596.32,224.88,471.05
593.91,227.45,596
591.5,230.02,720.96
593.8,349.82,468.43
591.39,352.4,593.38
588.98,354.97,718.34
723.79,102.49,476.03
721.38,105.07,600.98
718.97,107.64,725.93
721.27,227.44,473.41
718.86,230.01,598.36
716.45,232.59,723.31
718.75,352.39,470.79
716.34,354.96,595.74
713.93,357.53,720.69
848.74,105.05,478.39
846.33,107.63,603.34
843.92,110.2,728.29
846.22,230,475.77
843.81,232.58,600.72
841.4,235.15,725.67
843.7,354.95,473.15
841.29,357.52,598.1
838.88,360.1,723.05
599.49,101.37,600.08
596.13,100.77,725.04
592.77,100.17,849.99
602.94,226.32,600.78
599.58,225.72,725.73
596.22,225.12,850.68
606.39,351.26,601.47
603.03,350.66,726.42
599.67,350.06,851.37
724.4,97.909,603.42
721.04,97.309,728.38
717.68,96.708,853.33
727.85,222.86,604.12
724.49,222.26,729.07
721.13,221.65,854.02
731.29,347.8,604.81
727.93,347.2,729.76
724.57,346.6,854.71
849.3,94.446,606.77
845.94,93.846,731.72
842.58,93.245,856.67
852.75,219.39,607.46
849.39,218.79,732.41
846.03,218.19,857.36
856.2,344.34,608.15
852.84,343.74,733.1
849.48,343.14,858.05
600.8,224.58,98.002
599.06,225.93,222.98
597.33,227.28,347.96
602.2,349.56,96.67
600.46,350.92,221.65
598.73,352.27,346.63
603.6,474.55,95.337
601.87,475.9,220.32
600.13,477.25,345.29
725.78,223.19,99.751
724.04,224.54,224.73
722.31,225.89,349.71
727.18,348.17,98.419
725.44,349.52,223.4
723.71,350.88,348.38
728.58,473.16,97.086
726.84,474.51,222.07
725.11,475.86,347.04
850.76,221.8,101.5
849.02,223.15,226.48
847.29,224.5,351.46
852.16,346.78,100.17
850.42,348.13,225.15
848.69,349.49,350.13
853.56,471.77,98.835
851.82,473.12,223.81
850.09,474.47,348.79
598.47,223.49,224.34
598.66,225.66,349.31
598.86,227.83,474.29
598.36,348.47,222.16
598.55,350.64,347.14
598.75,352.81,472.12
598.25,473.45,219.99
598.45,475.62,344.97
598.64,477.8,469.95
723.47,223.59,224.14
723.66,225.76,349.12
723.86,227.94,474.1
723.36,348.57,221.97
723.56,350.74,346.95
723.75,352.92,471.93
723.25,473.55,219.8
723.45,475.72,344.78
723.64,477.9,469.75
848.47,223.69,223.95
848.66,225.86,348.92
848.86,228.04,473.9
848.36,348.67,221.77
848.56,350.85,346.75
848.75,353.02,471.73
848.25,473.65,219.6
848.45,475.83,344.58
848.64,478,469.56
598.31,224.45,350.73
594.74,222.41,475.66
591.17,220.37,600.59
598.94,349.43,352.78
595.37,347.39,477.72
591.79,345.35,602.65
599.56,474.41,354.84
595.99,472.37,479.77
592.42,470.33,604.7
723.26,223.77,354.3
719.69,221.73,479.23
716.12,219.69,604.16
723.88,348.75,356.35
720.31,346.71,481.28
716.74,344.67,606.21
724.51,473.73,358.4
720.94,471.69,483.33
717.36,469.65,608.26
848.21,223.08,357.87
844.63,221.05,482.8
841.06,219.01,607.73
848.83,348.07,359.92
845.26,346.03,484.85
841.69,343.99,609.78
849.45,473.05,361.97
845.88,471.01,486.9
842.31,468.97,611.83
601.83,224.97,476.74
599.97,221.28,601.67
598.1,217.59,726.6
603.55,349.9,480.46
601.68,346.21,605.39
599.82,342.53,730.32
605.27,474.84,484.18
603.4,471.15,609.11
601.54,467.46,734.04
726.8,223.2,478.55
724.94,219.51,603.48
723.08,215.82,728.42
728.52,348.13,482.27
726.66,344.45,607.2
724.8,340.76,732.13
730.24,473.07,485.99
728.38,469.38,610.92
726.51,465.7,735.85
851.78,221.43,480.36
849.91,217.74,605.3
848.05,214.05,730.23
853.5,346.36,484.08
851.63,342.68,609.01
849.77,338.99,733.94
855.22,471.3,487.8
853.35,467.61,612.73
851.49,463.93,737.66
601.02,226.79,598.93
603.52,224.05,723.88
606.02,221.31,848.82
600.06,351.75,601.69
602.56,349.01,726.63
605.06,346.27,851.58
599.1,476.71,604.44
601.6,473.98,729.39
604.1,471.24,854.33
725.99,227.8,596.46
728.49,225.06,721.41
730.98,222.32,846.35
725.03,352.76,599.21
727.53,350.03,724.16
730.02,347.29,849.11
724.07,477.73,601.97
726.57,474.99,726.91
729.07,472.25,851.86
850.96,228.81,593.99
853.46,226.07,718.93
855.95,223.34,843.88
850,353.78,596.74
852.5,351.04,721.69
854.99,348.3,846.63
849.04,478.74,599.5
851.54,476,724.44
854.03,473.26,849.39
599.41,349.34,99.136
600.6,351.44,224.11
601.8,353.53,349.09
596.06,474.28,97.075
597.26,476.37,222.05
598.46,478.47,347.03
592.71,599.21,95.014
593.91,601.31,219.99
595.11,603.4,344.97
724.36,352.67,97.883
725.55,354.76,222.86
726.75,356.86,347.84
721.01,477.6,95.821
722.21,479.7,220.8
723.41,481.8,345.78
717.66,602.54,93.76
718.86,604.63,218.74
720.06,606.73,343.72
849.31,355.99,96.629
850.5,358.09,221.61
851.7,360.19,346.59
845.96,480.93,94.567
847.16,483.03,219.55
848.36,485.12,344.52
842.61,605.87,92.506
843.81,607.96,217.48
845.01,610.06,342.46
599.25,348.43,224.07
597.11,351.94,349
594.98,355.46,473.94
601.92,473.35,220.6
599.79,476.87,345.54
597.66,480.38,470.47
604.6,598.28,217.14
602.47,601.79,342.07
600.33,605.31,467
724.2,345.81,226.28
722.07,349.33,351.21
719.93,352.84,476.14
726.88,470.74,222.81
724.74,474.25,347.74
722.61,477.77,472.68
729.55,595.66,219.34
727.42,599.18,344.28
725.28,602.69,469.21
849.15,343.2,228.48
847.02,346.71,353.42
844.88,350.23,478.35
851.83,468.12,225.02
849.69,471.64,349.95
847.56,475.15,474.88
854.5,593.05,221.55
852.37,596.57,346.48
850.23,600.08,471.42
599.8,350.16,351.69
601.62,346.84,476.64
603.44,343.53,601.58
598.65,475.11,355.03
600.48,471.79,479.97
602.3,468.47,604.91
597.51,600.06,358.36
599.33,596.74,483.3
601.15,593.42,608.24
724.78,351.35,349.9
726.6,348.03,474.84
728.42,344.72,599.78
723.64,476.3,353.23
725.46,472.98,478.18
727.28,469.66,603.12
722.49,601.25,356.57
724.31,597.93,481.51
726.13,594.61,606.45
849.76,352.54,348.11
851.58,349.22,473.05
853.4,345.91,597.99
848.62,477.49,351.44
850.44,474.17,476.38
852.26,470.85,601.32
847.47,602.44,354.77
849.29,599.12,479.71
851.11,595.8,604.66
601.62,348.83,476.83
598.67,347.76,601.79
595.72,346.69,726.75
601.8,473.82,477.9
598.85,472.75,602.86
595.9,471.69,727.82
601.99,598.81,478.97
599.04,597.75,603.93
596.09,596.68,728.89
726.58,348.62,479.77
723.63,347.55,604.74
720.68,346.48,729.7
726.77,473.61,480.85
723.82,472.54,605.81
720.87,471.48,730.77
726.95,598.6,481.92
724,597.54,606.88
721.05,596.47,731.84
851.54,348.41,482.72
848.59,347.34,607.68
845.64,346.28,732.65
851.73,473.4,483.79
848.78,472.34,608.76
845.83,471.27,733.72
851.92,598.4,484.86
848.97,597.33,609.83
846.02,596.26,734.79
600.28,348.12,598.14
597.28,349.84,723.09
594.28,351.57,848.04
601.6,473.1,596.45
598.6,474.82,721.4
595.6,476.55,846.35
602.92,598.08,594.76
599.92,599.81,719.71
596.92,601.53,844.66
725.23,346.83,601.16
722.23,348.56,726.11
719.23,350.29,851.06
726.55,471.82,599.46
723.55,473.54,724.42
720.55,475.27,849.37
727.88,596.8,597.77
724.88,598.52,722.73
721.88,600.25,847.68
850.19,345.55,604.17
847.19,347.28,729.12
844.19,349,854.07
851.51,470.53,602.48
848.51,472.26,727.43
845.51,473.99,852.38
852.83,595.52,600.79
849.83,597.24,725.74
846.83,598.97,850.69
598.43,476.4,99.342
598.53,474.63,224.33
598.62,472.86,349.32
601.46,601.35,101.11
601.56,599.58,226.1
601.66,597.81,351.09
604.49,726.29,102.88
604.59,724.52,227.87
604.69,722.75,352.86
723.39,473.37,99.199
723.49,471.6,224.19
723.59,469.83,349.17
726.42,598.32,100.97
726.52,596.54,225.96
726.62,594.77,350.94
729.45,723.26,102.74
729.55,721.49,227.73
729.65,719.72,352.71
848.36,470.34,99.056
848.45,468.57,224.04
848.55,466.79,349.03
851.39,595.28,100.83
851.48,593.51,225.81
851.58,591.74,350.8
854.42,720.23,102.6
854.51,718.46,227.58
854.61,716.69,352.57
600.92,475.24,226.03
601.83,476.68,351.02
602.73,478.12,476.02
600.02,600.23,224.59
600.93,601.67,349.59
601.83,603.11,474.58
599.13,725.21,223.16
600.03,726.66,348.15
600.94,728.1,473.14
725.92,476.12,225.11
726.82,477.57,350.11
727.73,479.01,475.1
725.02,601.11,223.68
725.92,602.55,348.67
726.83,604,473.66
724.12,726.1,222.24
725.03,727.54,347.23
725.93,728.99,472.22
850.91,477.01,224.2
851.82,478.45,349.19
852.72,479.9,474.18
850.02,602,222.76
850.92,603.44,347.75
851.82,604.88,472.75
849.12,726.99,221.32
850.02,728.43,346.32
850.93,729.87,471.31
598.37,474.87,350.54
600.61,473.36,475.51
602.86,471.86,600.48
595.06,599.82,352.1
597.3,598.31,477.08
599.55,596.8,602.05
591.75,724.76,353.67
593.99,723.26,478.64
596.24,721.75,603.61
723.3,478.22,348.33
725.55,476.71,473.3
727.79,475.2,598.28
719.99,603.16,349.9
722.24,601.65,474.87
724.48,600.15,599.84
716.68,728.11,351.46
718.93,726.6,476.43
721.17,725.09,601.41
848.24,481.56,346.13
850.48,480.05,471.1
852.73,478.55,596.07
844.93,606.51,347.69
847.17,605,472.66
849.42,603.49,597.63
841.62,731.45,349.26
843.86,729.94,474.23
846.11,728.44,599.2
599.58,475.99,474.66
601.12,473.17,599.62
602.67,470.35,724.58
600.75,600.95,477.46
602.3,598.13,602.43
603.84,595.32,727.39
601.93,725.91,480.27
603.47,723.1,605.23
605.01,720.28,730.19
724.56,474.85,473.09
726.11,472.03,598.05
727.65,469.22,723.01
725.74,599.81,475.89
727.28,597,600.85
728.83,594.18,725.82
726.91,724.78,478.7
728.46,721.96,603.66
730,719.14,728.62
849.55,473.71,471.52
851.09,470.9,596.48
852.64,468.08,721.44
850.73,598.68,474.32
852.27,595.86,599.28
853.81,593.04,724.25
851.9,723.64,477.12
853.44,720.82,602.09
854.99,718,727.05
601.71,473.8,599.69
603.49,471.02,724.64
605.27,468.25,849.6
602.03,598.77,602.46
603.81,596,727.41
605.59,593.22,852.37
602.35,723.74,605.22
604.13,720.97,730.18
605.91,718.19,855.14
726.7,473.52,597.9
728.49,470.74,722.85
730.27,467.97,847.81
727.02,598.49,600.67
728.8,595.71,725.62
730.58,592.94,850.58
727.34,723.46,603.44
729.12,720.69,728.39
730.9,717.91,853.35
851.7,473.24,596.11
853.48,470.46,721.07
855.26,467.69,846.02
852.02,598.21,598.88
853.8,595.43,723.84
855.58,592.66,848.79
852.33,723.18,601.65
854.12,720.4,726.61
855.9,717.63,851.56
598.4,601.11,100.69
599.44,599.07,225.67
600.47,597.02,350.65
595.63,726.06,102.75
596.67,724.02,227.73
597.7,721.98,352.71
592.86,851.01,104.81
593.9,848.97,229.79
594.93,846.93,354.78
723.36,603.9,99.696
724.4,601.85,224.68
725.43,599.81,349.66
720.6,728.85,101.76
721.63,726.81,226.74
722.66,724.77,351.72
717.83,853.8,103.82
718.86,851.76,228.8
719.89,849.72,353.79
848.33,606.68,98.706
849.36,604.64,223.69
850.4,602.6,348.67
845.56,731.64,100.77
846.59,729.59,225.75
847.63,727.55,350.73
842.79,856.59,102.83
843.82,854.55,227.81
844.86,852.51,352.8
599.81,601.22,223.33
599.96,603.35,348.31
600.1,605.49,473.29
599.69,726.2,221.19
599.84,728.33,346.18
599.98,730.47,471.16
599.57,851.18,219.06
599.72,853.32,344.05
599.86,855.45,469.03
724.81,601.34,223.18
724.96,603.47,348.16
725.1,605.6,473.15
724.69,726.32,221.05
724.84,728.45,346.03
724.98,730.58,471.01
724.58,851.3,218.92
724.72,853.43,343.9
724.87,855.57,468.88
849.81,601.46,223.04
849.96,603.59,348.02
850.1,605.72,473
849.7,726.44,220.91
849.84,728.57,345.89
849.99,730.7,470.87
849.58,851.42,218.78
849.72,853.55,343.76
849.87,855.68,468.74
599.04,599.14,349.46
598.78,598.06,474.45
598.52,596.99,599.45
597.38,724.13,350.53
597.12,723.05,475.53
596.85,721.97,600.53
595.71,849.11,351.61
595.45,848.03,476.6
595.19,846.95,601.6
724.03,600.81,349.73
723.77,599.73,474.73
723.51,598.65,599.73
722.36,725.79,350.81
722.1,724.71,475.8
721.84,723.63,600.8
720.7,850.77,351.88
720.44,849.69,476.88
720.18,848.61,601.87
849.02,602.47,350.01
848.76,601.39,475
848.49,600.31,600
847.35,727.45,351.08
847.09,726.37,476.08
846.83,725.3,601.08
845.69,852.44,352.16
845.42,851.36,477.15
845.16,850.28,602.15
600.08,600.28,476.68
602.63,599.02,601.65
605.17,597.77,726.62
601.44,725.27,477.91
603.99,724.01,602.88
606.54,722.76,727.84
602.8,850.25,479.14
605.35,849,604.1
607.9,847.75,729.07
725.05,598.94,474.12
727.6,597.69,599.09
730.15,596.43,724.06
726.41,723.93,475.35
728.96,722.67,600.32
731.51,721.42,725.29
727.77,848.91,476.58
730.32,847.66,601.55
732.87,846.41,726.51
850.02,597.6,471.57
852.57,596.35,596.53
855.12,595.1,721.5
851.38,722.59,472.8
853.93,721.34,597.76
856.48,720.08,722.73
852.74,847.58,474.02
855.29,846.32,598.99
857.84,845.07,723.96
599.17,599.61,601.76
597.83,599.43,726.75
596.5,599.25,851.75
595.42,724.55,601.9
594.09,724.37,726.9
592.76,724.19,851.89
591.68,849.5,602.05
590.35,849.32,727.04
589.02,849.14,852.04
724.1,603.34,603.1
722.77,603.16,728.09
721.44,602.98,853.09
720.36,728.29,603.24
719.03,728.11,728.24
717.69,727.93,853.23
716.61,853.23,603.39
715.28,853.05,728.38
713.95,852.87,853.38
849.03,607.08,604.44
847.7,606.9,729.43
846.37,606.72,854.43
845.29,732.03,604.58
843.96,731.85,729.58
842.63,731.67,854.57
841.55,856.97,604.73
840.22,856.79,729.72
838.88,856.61,854.72
