Inf,30.791,-96.238,84.647,9.0223,-87.074,59.766
11.005,25.419,-9.027,11.193,25.316,-8.9411,0.23068
-2.2852,-16.299,-7.0183,-2.1897,-16.732,-6.9741,0.4457
-4.9969,18.899,3.9567,-5.0863,19.037,3.7919,0.23266
-11.576,7.913,-4.3894,-11.763,8.1004,-4.3574,0.26671
0.92342,-9.2332,24.751,0.744,-8.8694,24.63,0.42344
22.391,26.093,-6.7348,22.145,25.715,-6.7367,0.45106
31.832,-13.905,-23.096,31.65,-13.617,-23.075,0.34083
-41.199,-20.318,-19.365,-41.39,-20.391,-19.376,0.20458
-38.585,-21.167,-33.82,-38.605,-21.198,-33.853,0.049434
6.4223,-8.9825,46.248,6.526,-9.5082,46.241,0.53586
25.922,-12.025,-23.711,25.904,-12.049,-23.729,0.035149
10.551,15.734,60.787,10.566,15.886,60.888,0.18319
-26.174,-13.735,-43.975,-26.135,-13.706,-43.689,0.29012
1.6703,-11.892,9.8655,1.5447,-11.928,9.7668,0.16371
11.408,-13.524,2.9652,11.381,-13.398,2.6715,0.32077
35.354,5.98,18.904,35.466,6.032,18.984,0.14727
-9.2186,8.576,-18.614,-9.2187,8.7437,-18.605,0.16805
11.639,-4.3509,-22.188,11.645,-4.3967,-21.805,0.38621
-12.457,16.352,6.1174,-11.432,16.617,6.5095,1.1286
28.153,9.969,32.352,28.167,9.9766,32.356,0.016149
-1.4208,27.192,26.662,-1.5474,26.818,26.462,0.44258
19.197,-9.6757,2.0405,19.112,-9.4359,1.8582,0.31309
20.642,26.183,-12.683,21.137,26.798,-12.686,0.78987
19.162,26.628,-10.746,19.211,27.044,-10.657,0.42841
-27.344,-29.568,-35.214,-27.321,-29.301,-35.135,0.28002
7.2565,8.5361,-15.632,7.2367,8.5019,-15.572,0.071999
15.296,27.371,10.315,15.252,27.061,10.261,0.31706
-26.228,-31.978,-18.89,-26.204,-31.623,-19.071,0.39912
1.2681,-12.793,5.2397,1.2642,-12.801,5.2379,0.0090706
20.226,-6.6092,-23.493,20.13,-6.645,-23.349,0.17645
-12.032,-30.972,-17.912,-11.96,-31.239,-17.862,0.28078
43.022,4.78,6.9895,43.179,4.7647,6.9748,0.15862
16.646,1.8804,64.713,16.646,1.8799,64.72,0.0071642
27.949,-2.2926,-30.192,27.88,-2.0142,-29.732,0.54211
23.402,5.9736,59.601,23.99,6.0044,59.675,0.59383
2.3361,-9.0633,37.872,2.3395,-9.2391,37.878,0.176
-6.6237,-16.059,-5.3148,-6.5893,-16.823,-5.3942,0.76893
-1.9235,-12.508,6.853,-1.8959,-12.712,6.8035,0.21209
-5.6923,3.0676,-26.195,-5.4707,2.8613,-25.998,0.36128
42.599,4.1033,0.20951,42.23,4.0289,0.2133,0.37611
-38.192,-23.645,-18.199,-38.302,-23.796,-18.183,0.18708
6.0957,-12.046,-20.147,6.1008,-12.061,-20.159,0.019978
-30.571,-29.603,-32.162,-30.642,-29.754,-32.183,0.16891
-30.126,-30.587,-19.851,-30.019,-30.414,-19.898,0.20822
0.90141,29.484,16.536,1.012,29.685,16.434,0.25056
32.252,19.706,-10.883,32.319,19.764,-10.884,0.088263
35.977,1.5074,-19.395,36.56,1.4053,-19.49,0.59913
-13.623,-5.9956,11.948,-13.707,-6.0276,11.988,0.09916
26.847,1.1462,40.904,26.739,1.1797,40.883,0.11515
-10.02,-1.046,38.588,-9.6744,-1.0465,38.579,0.34521
38.559,11.566,-6.6679,38.488,11.529,-6.6647,0.080862
33.438,18.038,-13.828,33.502,18.08,-13.833,0.076289
14.348,22.953,28.542,14.36,22.504,28.303,0.50902
21.87,-1.2926,61.509,21.622,-1.1894,61.362,0.30622
2.699,27.031,9.3785,2.7511,26.862,9.4118,0.18072
-3.6914,-0.054301,-27.536,-3.341,0.45069,-27.678,0.63077
-19.712,-16.267,-4.4576,-19.692,-16.236,-4.5143,0.067511
-2.9778,4.7359,-22.809,-2.9941,4.5935,-22.635,0.22558
9.3168,-1.0696,-21.757,9.2092,-1.115,-21.459,0.32054
-6.2158,-12.857,5.7144,-6.1736,-13.249,5.8548,0.41866
17.477,-6.7116,52.501,17.364,-6.5471,52.499,0.19948
-7.7048,-7.2227,60.91,-7.7609,-7.3125,60.904,0.10602
2.8195,-6.7498,63.036,2.8224,-6.7467,62.984,0.052237
21.974,9.404,60.807,22.283,9.9209,60.742,0.60568
37.39,12.498,-13.013,37.682,12.721,-13.111,0.37986
1.3208,-9.6548,18.578,1.3183,-9.6499,18.577,0.0055792
6.5766,21.727,-6.7304,6.6191,21.708,-6.6911,0.060759
35.247,17.243,-3.6813,34.81,16.862,-3.6638,0.58031
4.5016,12.183,-13.165,4.5044,12.17,-13.155,0.016242
-17.242,8.4292,-30.583,-17.224,8.5901,-30.623,0.16695
-7.9856,-25.769,-14.756,-7.7496,-26.027,-14.663,0.36141
-12.438,3.9729,18.912,-12.528,3.981,18.921,0.090332
37.834,-3.2617,6.2008,38.17,-3.6051,6.1317,0.48523
16.472,-8.0765,7.3182,16.495,-7.6161,7.2474,0.46639
-45.676,-13.357,-29.303,-45.865,-13.455,-29.209,0.2325
-5.5731,1.7925,-28.076,-5.5778,1.7852,-28.074,0.0091191
-27.439,-23.043,-41.899,-27.682,-23.398,-42.292,0.58261
22.488,2.8244,-30.24,22.477,2.8219,-30.304,0.064911
-3.5327,22.394,5.8653,-3.5622,22.44,5.8111,0.076529
-14.953,-27.216,-38.515,-14.984,-27.108,-38.437,0.13653
-3.7477,-9.178,58.19,-3.8357,-9.4201,58.191,0.25758
10.892,-2.2717,63.883,10.974,-2.3961,64.405,0.54311
-15.638,-0.45446,9.3841,-15.587,-0.4575,9.3716,0.052562
-10.344,-9.4434,15.146,-10.232,-9.3344,15.136,0.15677
0.24328,5.5669,-20.027,0.16371,5.4553,-19.875,0.20456
-1.887,11.328,-12.816,-1.8961,10.492,-12.586,0.868
-11.292,19.104,25.898,-11.359,19.071,25.927,0.080201
-34.346,-27.794,-28.872,-34.146,-27.654,-28.781,0.26082
-10.813,-14.675,-0.87678,-11.06,-14.98,-0.9205,0.39492
26.269,7.3346,43.653,26.031,7.1909,43.622,0.27959
32.915,20.442,-0.99886,32.875,20.429,-0.99834,0.04159
-18.819,7.2224,-17.81,-18.821,7.2652,-17.792,0.046344
15.65,9.139,-18.295,16.022,9.0587,-18.221,0.3871
-11.092,6.6067,19.053,-11.282,6.7096,19.114,0.22497
-8.9123,33.474,11.1,-8.9073,33.435,11.101,0.039817
18.177,-14.663,-14.43,18.301,-14.406,-14.105,0.43215
-37.097,-4.632,-37.16,-37.268,-4.3399,-37.417,0.42533
20.511,26.484,-22.326,20.431,26.393,-22.348,0.12313
-2.4498,24.754,31.286,-2.4252,24.88,31.314,0.1307
-33.465,-15.427,-41.751,-33.438,-15.416,-41.699,0.059835
28.046,-6.2599,15.675,27.997,-6.4976,15.817,0.28094
11.278,21.819,35.721,11.277,22.041,35.811,0.23989
-21.864,-9.7426,-0.87966,-21.786,-9.4308,-1.4299,0.63727
15.214,25.931,-14.432,14.687,26.198,-14.79,0.69153
25.892,24.311,-21.658,25.649,23.867,-21.727,0.51102
-4.4359,-5.9625,-38.946,-4.2837,-5.8551,-38.994,0.19227
-0.5181,20.574,2.2286,-0.57904,20.637,2.1137,0.14478
32.162,-3.2386,-25.179,32.127,-3.2455,-25.165,0.038837
-4.3609,2.646,-25.75,-4.2346,2.7677,-25.959,0.27315
-9.3726,-12.402,6.1461,-9.4655,-12.67,6.3081,0.32698
-10.875,-31.092,-20.982,-10.747,-31.174,-20.902,0.17171
25.171,17.746,26.255,24.905,17.481,26.064,0.42087
-3.0537,-21.099,-34.174,-3.3541,-20.839,-33.977,0.44359
33.024,2.7944,-23.669,33.009,2.8279,-23.623,0.059205
-22.653,9.1116,-19.936,-22.63,9.1894,-19.895,0.090942
-10.969,-1.3737,59.063,-10.883,-1.402,59.072,0.090806
8.3786,-14.676,2.3798,8.3779,-14.649,2.3472,0.042135
-3.0059,-10.212,23.72,-3.0225,-10.026,23.686,0.18954
-17.033,25.108,11.866,-16.864,25.161,12.061,0.26295
-6.2715,-27.12,-21.658,-6.3688,-27.004,-21.677,0.15261
42.144,5.4711,-2.9868,41.86,5.3874,-2.9769,0.29581
-22.175,-18.93,-4.9265,-22.168,-18.939,-5.0273,0.10148
28.7,23.258,-2.8297,28.46,22.982,-2.8557,0.36696
19.794,-6.8344,20.347,19.846,-6.2632,20.115,0.61873
-4.7012,12.706,-4.9609,-4.6541,12.547,-4.8742,0.18728
11.59,17.487,-23.564,11.732,17.553,-23.604,0.16206
31.131,8.6007,-29.74,31.347,8.6504,-29.927,0.28959
-5.8729,-27.407,-24.153,-6.0182,-27.235,-24.193,0.22917
-16.089,24.553,20.857,-16.748,24.625,20.925,0.66628
-19.035,10.1,-23.197,-19.033,10.135,-23.198,0.035352
-11.227,-19.947,-7.232,-11.225,-19.937,-7.2524,0.022868
11.873,-7.8728,12.068,11.825,-7.4756,12.119,0.40334
8.5555,-2.4452,-21.851,8.5697,-2.4392,-21.891,0.042228
12.009,-16.261,-5.7409,12.12,-16.479,-5.7597,0.24612
-2.7177,-14.728,-37.681,-2.5972,-14.843,-37.932,0.30134
34.601,-5.2835,15.902,34.663,-5.309,16.008,0.12549
16.827,15.386,49.22,16.92,15.535,49.329,0.20668
-10.054,1.4965,53.37,-10.238,1.527,53.293,0.20164
-35.476,-27.293,-26.097,-35.504,-27.344,-26.123,0.062904
31.875,5.9141,24.888,31.381,5.826,24.587,0.58579
-40.212,-11.478,-37.735,-40.167,-11.399,-37.666,0.11368
-21.018,-7.8404,0.0083485,-20.997,-7.834,-0.002039,0.024559
-34.863,1.0473,-14.873,-34.836,1.0757,-14.829,0.058538
6.1035,-8.4335,27.174,6.0917,-8.1526,27.234,0.2874
-40.425,-2.4106,-33.94,-40.391,-2.6275,-33.744,0.29422
24.92,-6.8665,15.09,24.895,-6.992,15.076,0.1287
20.476,11.202,59.203,20.675,11.58,59.239,0.42886
-19.879,-32.199,-15.741,-19.917,-32.338,-15.671,0.15951
-6.9172,-1.3784,-37.124,-6.9731,-1.0989,-37.563,0.52342
20.267,15.402,42.502,20.194,15.29,42.467,0.13808
