Inf,131.64,-38.235,37.217,-65.608,5.7061,-105.73
33.768,16.804,4.3304,33.576,16.646,4.2672,0.25617
-8.7799,8.5495,-27.758,-8.8048,8.5324,-27.752,0.030779
11.019,-5.2729,-24.514,11.019,-5.2883,-24.482,0.035201
14.392,-12.795,3.9076,14.439,-12.918,4.0632,0.20381
4.7511,4.6078,71.308,4.7754,4.5284,71.258,0.09677
26.649,15.713,-31.109,26.82,16.711,-31.49,1.082
18.044,16.424,-25.931,17.91,15.717,-25.698,0.75603
-2.3285,14.243,38.38,-2.1776,13.724,38.055,0.63081
-0.42995,19.648,26.872,-0.16907,20.256,27.028,0.68037
-12.277,8.1235,9.8569,-11.772,8.2802,10.047,0.56206
23.913,7.6614,25.042,23.72,7.589,24.973,0.21718
20.832,10.466,-23.928,20.65,10.478,-24.021,0.20492
-12.925,-16.069,-1.9725,-12.85,-16.53,-1.513,0.65541
-6.627,-21.118,-37.701,-6.7253,-20.996,-37.665,0.16059
-23.256,-0.68895,-46.517,-23.238,-0.62405,-46.571,0.086366
39.268,4.9474,2.4319,38.558,5.4504,2.347,0.87389
8.2987,13.741,-6.4848,7.843,13.972,-6.7754,0.5877
-8.3705,-0.18032,28.576,-9.0832,-0.78182,28.59,0.93267
-29.629,-32.062,-34.072,-29.468,-31.706,-33.916,0.42086
20.467,7.5982,42.681,20.309,7.5769,42.66,0.16078
26.638,-11.194,-9.1568,26.644,-11.199,-9.1537,0.0084931
17.459,0.2637,62.473,18.023,0.058475,62.505,0.60146
-6.4982,-3.9346,-36.31,-6.1953,-3.7786,-36.879,0.66371
14.25,-14.399,1.7997,14.566,-14.855,2.0793,0.62156
31.457,-5.6416,-30.529,31.453,-5.6458,-30.557,0.029017
18.939,3.3623,59.404,18.563,3.4504,59.362,0.38871
-7.082,20.334,11.944,-7.026,20.758,11.478,0.63228
-19.479,-18.442,-47.42,-19.465,-18.466,-47.526,0.10964
28.431,-4.7821,0.048971,28.455,-4.8238,0.057885,0.048969
16.858,-12.101,3.9082,16.871,-12.135,3.9521,0.057419
3.3365,2.7235,-24.572,3.3435,2.7223,-24.576,0.0081482
-9.7153,-19.138,-43.449,-9.7024,-19.19,-43.525,0.09307
6.5308,-5.3181,31.32,6.6996,-5.6421,31.401,0.37418
37.545,-0.58839,-10.859,37.415,-0.54389,-10.849,0.13832
19.222,6.1082,-25.311,19.37,5.9341,-25.242,0.23857
10.518,-11.956,-22.489,10.478,-11.899,-22.447,0.080345
13.236,-11.899,-20.991,13.208,-11.862,-20.942,0.068353
-5.0837,-0.97205,38.855,-5.2056,-1.4848,38.957,0.53679
2.29,13.824,52.288,2.0074,14.161,52.394,0.45228
-10.791,9.1118,-34.496,-10.535,9.3332,-34.628,0.36299
-34.917,-1.0654,-43.625,-34.786,-1.2943,-43.212,0.49053
-31.292,-29.029,-14.434,-31.25,-28.902,-14.485,0.14256
19.784,22.941,12.886,19.798,23.246,13.004,0.32737
2.7314,-0.10349,-25.206,2.7228,0.046554,-25.393,0.23993
29.317,16.393,11.727,29.359,16.422,11.778,0.072392
-20.442,-8.6429,-3.0814,-20.112,-8.7575,-3.2335,0.3808
31.669,15.301,8.3848,31.59,15.231,8.322,0.12303
-17.273,-6.6274,-1.5547,-16.929,-6.4079,-2.1326,0.70717
-2.5568,-23.885,-10.435,-2.5525,-23.685,-10.432,0.19962
-29.531,-27.653,-9.8563,-29.557,-27.709,-9.8304,0.066986
-1.7805,-3.3206,58.805,-2.0498,-3.8873,58.769,0.6285
1.717,-13.332,-32.141,1.5536,-13.412,-32.004,0.22774
-27.891,-7.4342,-48.539,-28.01,-7.3313,-49.067,0.55118
-15.788,-31.66,-15.652,-15.8,-31.632,-15.666,0.033097
34.701,17.153,-4.5516,34.575,17.002,-4.574,0.19813
17.441,16.382,-20.072,17.077,15.917,-20.126,0.59286
-6.3577,-21.685,-36.501,-6.6573,-21.313,-36.392,0.48968
17.944,-17.503,-12.726,17.764,-16.897,-12.558,0.6542
-11.656,-12.421,0.21947,-11.729,-12.847,0.94214,0.8419
36.074,-2.2945,-0.78854,35.384,-1.9677,-1.2022,0.86821
20.725,-2.0396,27.213,20.832,-2.1968,27.205,0.19037
20.917,-13.874,-19.135,20.917,-13.828,-19.081,0.071204
-20.259,4.9355,-11.521,-20.259,4.9771,-11.451,0.080676
-30.551,-11.097,-2.1901,-30.438,-11.096,-1.9815,0.23737
15.476,-3.3688,-25.776,15.617,-3.4431,-25.299,0.50271
22.876,5.2293,31.03,23.006,5.206,31.053,0.13468
-38.069,-6.3083,-8.0485,-38.473,-5.9816,-7.2779,0.9296
34.713,-6.1637,-29.094,34.722,-6.1691,-29.091,0.010564
6.0872,-7.0397,70.818,6.0982,-7.1468,70.853,0.11336
-11.651,1.8491,12.087,-12.198,1.5594,12.354,0.67451
32.172,4.4731,10.278,31.665,4.72,9.8519,0.70663
10.909,17.673,-8.8092,10.907,17.666,-8.8153,0.0097599
26.822,25.125,-19.566,26.878,25.233,-19.568,0.12193
-8.1617,-22.647,-37.993,-8.2527,-22.617,-37.967,0.099052
14.436,-6.1611,18.285,14.166,-5.7118,17.918,0.63914
39.89,7.8841,1.5162,39.978,7.8668,1.5228,0.089501
13.528,14.69,60.089,13.304,14.404,59.972,0.38174
18.772,-4.2261,21.444,19.204,-4.738,21.546,0.67772
21.465,26.259,-19.49,21.424,26.53,-19.469,0.27538
11.844,5.1975,-19.41,11.84,5.2218,-19.415,0.025188
1.1547,-3.8191,45.491,1.3182,-3.1289,45.406,0.71435
22.892,-7.1474,3.4964,23.045,-7.3033,3.5558,0.22668
19.177,-3.3158,24.669,19.457,-3.6626,24.754,0.45386
-12.186,3.1364,-41.839,-12.269,2.8735,-41.598,0.36615
-4.4909,-2.8753,23.146,-4.578,-3.6859,23.201,0.81708
8.0715,-16.48,-11.541,7.7714,-16.009,-11.589,0.56042
-28.821,-29.103,-12.126,-28.799,-29.046,-12.15,0.064645
-4.9954,9.6705,3.586,-4.9531,9.5735,3.64,0.11876
-18.859,-28.234,-39.638,-18.914,-28.069,-39.516,0.21175
-30.564,-31.641,-17.415,-29.575,-31.547,-17.718,1.0381
-10.534,11.912,-22.218,-10.169,12.411,-22.34,0.62984
-14.531,-0.16682,1.1994,-14.462,-0.28644,1.0846,0.1797
-11.812,23.472,21.91,-11.822,23.497,21.908,0.026768
0.11625,14.701,2.9872,-0.060593,14.011,2.9489,0.71318
23.831,-3.6065,11.618,23.956,-3.8467,11.68,0.27785
-28.645,6.0442,-40.074,-28.905,6.3347,-40.251,0.42809
24.345,-10.674,-3.2573,24.506,-10.894,-3.1493,0.29401
-8.7127,-25.692,-11.998,-8.7128,-25.688,-12.002,0.005082
40.67,5.7813,-5.9895,41.139,5.5777,-5.9624,0.51231
-23.505,-32.905,-34.223,-23.553,-33.087,-34.384,0.24733
9.8542,5.2465,72.528,9.8914,4.67,71.604,1.09
-33.161,5.6402,-38.318,-32.955,5.1641,-38.098,0.56381
22.233,1.8989,33.601,21.93,2.0613,33.502,0.35792
0.84939,4.4574,69.555,0.87328,4.5599,69.606,0.11682
19.13,-4.4861,19.53,19.599,-4.7834,19.728,0.58964
8.594,20.507,21.582,8.8085,19.661,21.856,0.91451
12.749,-3.9491,70.312,12.613,-3.7522,69.957,0.42838
-14.318,12.33,-33.49,-14.363,12.203,-33.426,0.14888
3.0372,-6.1214,28.164,2.8468,-6.6613,28.566,0.69945
6.0207,-1.6978,-24.937,5.6902,-1.6341,-24.725,0.39799
7.7929,-4.7411,40.902,7.809,-4.6114,40.902,0.13068
-2.6307,14.448,6.5814,-2.628,14.48,6.5741,0.033055
-27.345,-31.892,-34.242,-27.392,-32.074,-34.403,0.24778
-14.05,0.098714,-45.228,-14.169,-0.09276,-44.969,0.34332
6.4778,17.341,56.861,6.7242,17.003,56.869,0.41801
12.85,-3.2118,70.421,12.772,-3.1131,70.133,0.3149
33.431,1.4835,8.4759,33.372,1.501,8.2143,0.26869
-27.106,-16.857,-48.027,-27.13,-16.877,-48.06,0.045806
20.028,-2.8777,25.127,20.138,-3.0135,25.16,0.17771
-18.106,-10.9,-47.869,-17.998,-11.022,-48.077,0.264
28.681,17.662,11.285,28.837,17.763,11.47,0.2624
4.3302,-5.0068,32.497,4.2535,-5.5867,32.448,0.58704
-30.581,9.9369,-17.266,-30.685,10.064,-17.135,0.21004
-29.315,-19.557,-46.68,-29.156,-19.467,-46.243,0.4735
10.546,11.752,71.877,10.549,12.12,72.203,0.49142
18.518,21.746,23.244,18.627,22.304,23.309,0.57173
-8.8278,7.4825,65.568,-9.2541,7.6725,65.564,0.46678
6.0825,-8.4575,18.649,6.0649,-9.242,18.861,0.81291
-30.213,-16.187,-3.4015,-30.16,-16.225,-3.761,0.36552
16.454,21.902,27.549,16.452,21.921,27.549,0.019464
15.927,17.791,-14.981,15.62,17.799,-15.011,0.30868
18.88,-0.59912,43.587,18.836,-0.58902,43.59,0.045657
24.318,11.062,23.157,23.734,10.931,22.802,0.69644
-29.281,-32.392,-33.489,-29.147,-32.096,-33.359,0.35048
-2.4303,-1.9875,54.8,-3.0291,-2.5782,54.582,0.86887
-30.879,9.2829,-16.534,-30.88,9.2839,-16.533,0.0016648
-3.498,-13.959,-0.384,-3.5218,-14.277,-0.16837,0.38498
7.2765,-5.3842,26.889,7.557,-5.8587,26.944,0.55393
-6.4733,-0.17411,52.098,-6.8141,-0.55919,52.167,0.5189
-4.2019,-2.2205,32.371,-4.3042,-2.5926,32.617,0.4574
3.8528,15.447,-0.42028,3.9582,15.237,-0.23643,0.29837
32.539,17.537,-25.102,32.566,17.558,-25.117,0.037948
6.1034,6.8851,-18.39,6.1679,6.9617,-18.481,0.13531
-43.37,-9.2141,-39.95,-42.894,-9.4178,-39.947,0.51806
3.5066,-8.47,15.168,3.0431,-8.719,15.074,0.53459
17.738,-6.9227,-24.774,17.745,-7.0063,-24.862,0.12135
6.4726,17.261,40.913,6.2975,17.636,40.992,0.42117
14.48,24.91,-3.7357,14.853,24.513,-3.601,0.56145
15.282,27.271,3.609,15.108,26.766,3.388,0.5778
17.273,25.317,-11.105,16.999,25.6,-11.305,0.44118
-8.4392,-27.584,-13.851,-8.4608,-27.568,-14.045,0.19602
4.9505,15.888,42.675,4.7205,16.063,42.712,0.2912
40.785,4.7308,-7.6029,40.919,4.7352,-7.5931,0.13459
21.991,10.523,-28.332,22.257,10.389,-28.291,0.30028
17.965,24.235,-26.563,18.225,24.064,-26.421,0.34207
-6.265,-0.27032,53.112,-6.5959,-0.65127,53.143,0.50558
-36.104,-16.458,-6.9968,-36.563,-16.709,-6.6314,0.63746
34.151,17.615,-5.3337,34.08,17.564,-5.3578,0.09103
19.574,9.9153,43.308,19.901,9.9585,43.36,0.33452
-5.6633,-23.056,-33.924,-5.6861,-23.036,-33.893,0.043738
14.135,-2.3326,69.946,14.154,-2.3565,70.016,0.07612
31.012,-8.5961,-11.208,30.998,-8.5654,-11.214,0.034196
22.114,24.453,-27.127,22.107,24.439,-27.111,0.021972
15.891,21.816,26.464,15.886,21.88,26.464,0.064408
10.223,20.195,34.404,9.9049,20.755,34.314,0.65003
-29.364,-33.035,-27.58,-29.2,-32.402,-27.551,0.65457
40.536,4.939,-5.446,40.785,4.8311,-5.4316,0.27149
37.753,15.788,-10.067,37.318,15.251,-10.065,0.69127
6.751,-7.0681,68.196,6.7776,-7.0979,68.202,0.040311
0.83063,-4.677,32.759,0.90587,-4.5876,32.768,0.11719
40.943,10.611,-11.047,41.345,10.453,-10.917,0.4503
0.20112,-15.602,-3.092,0.22072,-15.829,-2.8663,0.32063
-7.18,-20.427,-39.263,-7.0437,-20.526,-39.343,0.18626
-13.901,-11.517,-46.469,-14.519,-11.204,-46.12,0.77526
-10.496,3.3547,40.934,-9.4224,3.3947,40.759,1.0886
1.5801,11.333,-0.62151,1.6889,11.242,-0.65117,0.14499
-11.614,7.4226,28.426,-11.877,7.4128,28.555,0.29329
-18.59,17.183,22.68,-19.216,17.276,22.854,0.65625
18.619,0.035484,51.571,18.711,0.036895,51.57,0.091716
-10.318,2.7867,52.911,-9.5874,2.8459,53.03,0.74248
32.695,20.125,-2.0153,32.27,19.905,-2.0103,0.4786
33.195,20.896,-19.536,33.843,21.438,-19.424,0.85242
-3.2016,-1.7527,46.935,-3.0668,-1.2165,47.012,0.55837
17.036,24.089,-15.533,17.623,23.634,-15.284,0.78272
15.154,24.507,-9.171,15.199,24.466,-9.1639,0.061638
-0.22861,-20.221,-35.418,-0.13714,-20.131,-35.362,0.13965
-13.679,-28.635,-37.272,-13.683,-28.661,-37.314,0.049134
-4.2222,-22.489,-6.5504,-4.1013,-22.883,-6.396,0.4401
19.952,21.565,-31.125,20.287,21.655,-31.295,0.38587
23.526,-8.956,-25.807,23.6,-8.8091,-25.699,0.1969
-8.8511,0.88383,62.342,-9.0104,0.543,62.333,0.3763
-1.5972,-4.8129,69.925,-1.3933,-4.4902,69.843,0.39064
14.316,10.378,71.224,14.278,10.34,71.165,0.080019
-23.152,-14.456,-48.57,-23.146,-14.495,-48.757,0.1909
21.765,13.716,-30.844,21.753,13.698,-30.873,0.036215
0.54796,-5.9775,24.06,0.39607,-6.1524,24.094,0.2343
-7.3819,8.2441,58.854,-7.8895,9.3038,58.352,1.2778
-37.085,7.2485,-26.535,-37.122,7.3372,-26.486,0.10772
20.424,21.855,16.436,20.449,21.936,16.464,0.089552
-37.828,-0.47398,-41.382,-37.838,-0.46107,-41.432,0.052368
-1.3936,14.32,3.7622,-1.0052,14.154,3.9957,0.48266
25.293,-14.607,-19.69,25.257,-14.233,-19.461,0.43988
-36.658,-26.676,-18.643,-36.886,-26.991,-18.58,0.39381
-39.104,-24.349,-30.427,-39.315,-24.554,-30.42,0.29467
-6.9455,-7.2715,6.8716,-7.2332,-7.7292,7.0996,0.58661
39.735,11.584,-0.88718,39.836,11.777,-0.86812,0.21811
-43.176,-13.829,-28.868,-43.486,-13.868,-28.858,0.31247
-34.405,-29.64,-31.701,-34.347,-29.529,-31.665,0.13034
35.726,-2.8012,-30.404,35.611,-2.8401,-30.119,0.30982
-8.7797,-24.335,-8.6876,-9.0822,-23.946,-8.9194,0.54501
-10.923,4.1298,63.943,-10.94,4.13,63.943,0.017069
-0.17293,8.923,-3.7724,-0.17602,8.9315,-3.7785,0.010879
-0.73807,16.444,35.547,-0.93916,16.833,35.778,0.49503
17.783,5.5793,64.027,18.074,5.6166,64.071,0.29731
9.7772,-2.1203,-23.915,9.4245,-2.4067,-24.26,0.57042
21.248,10.992,33.653,21.254,10.999,33.659,0.010846
13.185,21.591,28.445,13.136,21.898,28.41,0.31276
13.057,-4.7512,34.867,12.94,-4.4603,34.906,0.31611
13.221,-4.5418,53.582,13.08,-3.9662,53.675,0.59991
31.25,18.938,5.6199,31.194,18.892,5.5936,0.077247
-2.4331,-5.8677,15.02,-2.3094,-5.6614,14.904,0.26733
15.681,-8.1343,12.572,15.473,-7.8742,12.434,0.36065
8.6628,-6.5505,69.512,8.6681,-6.2414,69.57,0.31443
-33.761,8.8129,-31.985,-33.566,8.5317,-31.684,0.45587
-38.012,-8.5258,-45.154,-38.218,-8.5677,-45.384,0.31138
12.595,-4.5742,63.312,12.518,-4.3771,63.288,0.213
-25.457,-9.2753,-3.7617,-25.462,-9.3718,-3.9575,0.21835
16.26,-17.925,-5.5047,16.26,-17.915,-5.5059,0.010523
27.99,-9.3577,-6.592,27.749,-9.1405,-6.6841,0.33717
19.584,-7.1526,-24.959,19.602,-7.1132,-24.917,0.060676
-16.493,16.698,27.045,-16.507,16.702,27.05,0.015655
37.425,14.566,-1.5648,36.995,14.272,-1.6943,0.53733
1.839,-11.698,1.2633,2.0938,-12.069,1.4872,0.50297
-6.3116,-22.573,-5.7705,-6.278,-22.516,-5.8115,0.077886
7.7916,-1.3767,-24.279,7.7875,-1.3711,-24.209,0.07034
-25.898,-2.3451,-8.2196,-25.892,-2.3937,-8.2687,0.069322
22.708,-2.7504,18.221,22.803,-2.9219,18.256,0.19896
-42.432,-19.267,-31.622,-42.783,-19.452,-31.694,0.4037
-25.98,10.123,-35.665,-26.055,10.526,-35.933,0.49008
13.181,-15.171,-15.289,13.215,-15.045,-15.265,0.13268
6.2351,2.2713,-22.615,6.2722,2.1588,-22.403,0.24337
-0.80416,14.938,4.4004,-1.1294,14.213,4.2451,0.80927
-41.329,-0.55009,-40.004,-41.223,-0.61606,-39.891,0.16872
34.389,-8.1016,-21.307,33.567,-7.7163,-21.335,0.9079
37.173,-2.7106,-26.335,37.003,-2.6938,-26.302,0.17371
0.92456,-11.247,-31.275,1.0501,-11.231,-31.37,0.1585
2.5954,-7.4853,17.559,2.5521,-7.5261,17.567,0.059952
19.907,25.097,7.1756,19.914,25.125,7.1857,0.030272
-1.4735,-3.1875,-28.776,-1.4744,-3.1715,-28.775,0.016095
-26.627,-2.6393,-46.762,-26.916,-2.2938,-47.723,1.062
17.672,-6.4309,13.122,17.678,-6.399,13.109,0.035034
-32.955,6.0297,-37.851,-32.723,5.4938,-37.602,0.63454
3.7077,-0.86467,70.949,3.9317,-0.9058,70.558,0.45247
1.1699,14.773,41.868,0.99586,15.206,41.97,0.47811
-15.782,21.791,22.237,-15.828,21.848,22.245,0.073556
21.794,26.508,-19.931,21.777,26.618,-19.923,0.11143
-5.2593,10.041,59.492,-5.1603,10.44,59.489,0.4112
-32.651,-17.356,-5.413,-32.741,-17.473,-5.1216,0.32671
3.6451,10.567,-4.6886,3.7523,10.47,-4.6324,0.15487
-9.4103,2.0994,45.352,-8.5761,2.3098,45.316,0.86101
25.621,20.607,12.05,25.607,20.59,12.041,0.023778
-1.2631,10.309,-0.0142,-0.93575,9.7245,0.11645,0.68262
-38.442,-25.297,-19.491,-38.795,-25.798,-19.388,0.62149
2.9594,14.131,71.785,3.0045,13.956,71.48,0.35385
-1.4381,4.1004,70.724,-1.4968,4.1213,70.363,0.36603
-34.06,-16.557,-5.3279,-34.099,-16.64,-5.1683,0.18409
-3.577,19.387,29.634,-3.4724,19.963,30.012,0.69678
13.934,13.967,-12.031,13.539,13.866,-12.415,0.56064
10.244,-5.3188,70.141,10.291,-5.3667,70.23,0.11172
-12.087,0.62823,4.6187,-12.595,0.72766,4.6736,0.52058
13.17,-4.3415,28.588,13.188,-4.2735,28.579,0.070751
-11.784,-2.1978,8.6947,-12.172,-2.3264,8.9051,0.46008
15.941,8.0275,-18.01,15.92,8.0424,-18.046,0.043843
22.208,27.147,-1.6572,22.012,26.508,-1.8566,0.69731
16.926,7.273,67.257,17.492,7.2536,67.542,0.63361
-14.18,22.522,20.443,-14.184,22.539,20.442,0.018096
-4.1186,-2.1284,34.455,-4.1033,-2.068,34.456,0.062349
31.853,14.176,9.4348,31.767,14.099,9.3663,0.13423
12.462,-17.044,-1.9701,12.478,-17.477,-1.8715,0.44433
-14.961,21.388,24.037,-15.306,21.731,24.258,0.53424
16.531,11.16,57.692,17.261,11.491,57.799,0.80797
-7.0016,-27.626,-27.798,-6.7158,-27.807,-27.977,0.38265
36.207,-2.4902,-16.114,35.767,-2.2437,-16.183,0.50961
18.472,5.8736,-24.549,18.938,5.8612,-24.386,0.4938
17.396,-4.7484,20.686,17.249,-5.0426,20.695,0.32913
6.6302,-5.1174,45.96,6.6048,-5.0672,45.961,0.056289
-30.188,-28.49,-12.17,-30.177,-28.466,-12.181,0.028573
8.9898,-6.0762,57.495,8.7751,-5.7234,57.504,0.41309
0.46677,-0.99482,-27.48,0.42343,-0.9091,-27.569,0.13086
21.132,-4.3351,-28.042,21.09,-4.3324,-28.164,0.1292
-32.54,-12.163,-1.9805,-32.198,-12.219,-2.1749,0.39724
-6.9208,2.5651,-34.693,-6.7259,2.6054,-34.816,0.2341
24.13,-3.6137,10.712,24.283,-3.9082,10.788,0.34067
-4.8071,7.9709,-21.396,-4.6923,8.2716,-21.422,0.32294
-4.635,5.3692,71.014,-4.6942,4.9822,70.566,0.59514
3.4204,-17.942,-30.786,3.3256,-17.841,-30.689,0.16917
28.95,17.976,-28.673,28.949,17.968,-28.656,0.018163
-7.7136,-8.6216,5.7313,-7.5963,-8.554,5.5754,0.20648
9.3895,-3.2112,-24.163,9.3525,-3.2259,-24.102,0.07335
-41.764,-20.629,-28.55,-41.839,-20.664,-28.567,0.084261
14.698,23.246,-11.887,15.374,23.026,-11.601,0.76579
-1.3197,-24.367,-13.775,-1.3046,-23.661,-13.765,0.70541
37.409,-2.2953,-23.711,37.468,-2.3284,-23.701,0.068365
23.779,18.374,18.796,23.68,18.323,18.765,0.11561
4.5194,-9.0844,13.034,4.1525,-9.5254,12.907,0.58772
-34.156,-29.774,-31.738,-34.091,-29.651,-31.699,0.14406
15.517,-5.7318,18.006,15.25,-5.2863,17.643,0.63376
-30.589,-13.334,-47.635,-30.624,-13.521,-47.973,0.38822
-7.3432,4.2724,-33.799,-7.2274,4.3194,-33.804,0.12508
19.845,6.9281,44.704,20.155,6.9716,44.737,0.31549
10.194,-5.1527,70.123,10.287,-5.2464,70.297,0.21823
4.0282,-6.724,66.821,3.9951,-6.9724,66.777,0.25438
38.017,-0.1863,-27.221,37.908,-0.14189,-27.174,0.12642
16.245,7.6925,-18.397,16.168,7.7658,-18.478,0.13387
36.866,-1.4198,-6.3983,37.394,-1.5997,-6.4389,0.55928
4.852,3.2346,69.419,4.5344,3.4621,69.76,0.51847
34.828,10.792,-31.432,35.286,11.534,-31.675,0.90577
23.308,16.109,22.056,23.356,16.105,22.067,0.049444
-11.698,1.5087,-42.43,-11.72,1.5049,-42.388,0.047937
12.755,-3.8024,67.29,12.599,-3.645,67.281,0.22165
-16.146,-25.265,-42.029,-16.136,-25.382,-42.123,0.14961
30.098,11.511,13.146,30.208,11.496,13.203,0.12495
25.106,20.81,-29.555,24.999,20.542,-29.385,0.33516
-5.8873,22.398,16.323,-5.889,22.434,16.317,0.035785
33.466,18.737,-5.6867,33.397,18.688,-5.7101,0.088162
-12.986,2.8625,-5.9354,-12.814,2.576,-6.0618,0.35729
12.635,21.276,-9.8124,13.113,20.472,-9.7833,0.93608
-43.737,-14.561,-32.204,-43.528,-14.537,-32.211,0.211
-2.35,-5.93,-31.5,-2.0902,-5.5928,-31.47,0.42678
17.899,-10.318,-21.966,17.895,-10.346,-22.018,0.059018
0.74671,-4.7799,30.763,0.85433,-4.53,30.693,0.28105
25.292,25.659,-9.1389,25.241,25.539,-9.142,0.13125
-29.502,-31.489,-14.255,-28.994,-30.98,-14.356,0.72688
23.354,8.9946,25.186,23.166,8.9241,25.119,0.21147
21.677,7.4299,35.284,21.79,7.4522,35.327,0.12307
29.265,14.139,13.105,29.652,14.451,13.312,0.53866
39.426,0.79999,-15.006,39.315,0.88256,-15.005,0.13898
-13.439,21.081,26.433,-13.632,21.342,26.623,0.37596
10.313,18.13,56.807,10.207,17.992,56.777,0.17667
6.8405,-5.9914,53.368,6.8405,-5.9915,53.368,0.00012341
-8.0283,15.679,8.5893,-7.9667,16.211,9.4897,1.0479
12.908,-4.6548,44.363,12.729,-4.425,44.354,0.29181
21.532,5.5528,-27.627,21.69,5.5122,-27.448,0.24238
-7.8257,7.8843,60.511,-8.8506,8.3336,60.477,1.1195
22.534,23.465,-28.009,22.469,23.361,-27.619,0.40868
-41.555,3.787,-25.015,-41.256,3.4833,-25.135,0.44202
-38.071,6.1044,-29.855,-38.298,6.6327,-29.965,0.58553
-10.982,-28.815,-14.507,-10.821,-29.366,-14.404,0.58272
35.427,16.054,3.4705,35.027,15.786,3.186,0.55896
-14.024,8.3706,24.613,-14.14,8.2496,24.593,0.16927
39.315,5.9407,-22.061,39.541,5.9189,-22.146,0.24328
12.099,21.706,30.134,12.128,21.651,30.126,0.06206
-34.246,3.904,-10.705,-34.341,3.8497,-10.592,0.15699
20.883,3.6012,-27.132,20.938,3.5984,-27.065,0.086377
2.7704,4.5149,68.843,2.7668,4.4991,68.835,0.017959
-28.187,-30.982,-36.398,-28.033,-30.512,-35.816,0.76429
36.97,15.309,-20.435,37.268,15.502,-20.57,0.37947
-20.979,-33.955,-25.457,-20.949,-33.839,-25.473,0.12108
-27.043,-0.83938,-46.203,-27.188,-0.46987,-46.721,0.65264
13.69,12.184,-13.081,13.458,12.382,-13.303,0.37746
-7.3054,5.8086,-0.78922,-7.2014,5.6611,-0.77018,0.18148
24.207,-10.107,-2.7795,24.506,-10.342,-2.5018,0.47068
-4.0402,-3.2181,67.111,-4.0239,-3.1495,67.106,0.070586
-5.0798,-9.2179,6.3039,-5.1952,-9.3903,6.3881,0.22386
16.824,0.16167,67.606,17.447,-0.073832,67.702,0.67275
-9.8302,2.9865,44.105,-8.8616,3.2308,44.064,0.9998
13.525,-3.6033,59.716,13.817,-3.8311,59.734,0.37071
-22.229,-25.025,-6.7471,-22.331,-24.932,-7.0332,0.31774
17.82,24.291,-28.307,17.967,24.134,-28.423,0.2435
-42.699,-18.492,-31.445,-43.185,-18.748,-31.546,0.55771
22.214,9.3037,-27.578,21.735,9.5437,-27.652,0.54086
14.557,-17.984,-10.226,14.611,-17.871,-10.195,0.12891
-4.5102,-23.199,-33.072,-4.5704,-23.144,-32.999,0.10926
-27.199,4.8807,-41.371,-27.483,5.2177,-41.899,0.68738
29.717,14.359,12.222,29.979,14.538,12.318,0.33163
34.567,-4.8021,-14.949,34.547,-4.7943,-14.947,0.021426
-33.727,-25.53,-12.444,-33.751,-25.237,-12.683,0.37892
0.27465,-3.4258,44.173,0.41866,-2.8993,44.207,0.54692
-16.459,-24.808,-7.7794,-16.508,-24.746,-7.8655,0.11695
28.117,-4.5828,1.555,28.038,-4.4556,1.4817,0.16684
22.12,26.352,-18.033,22.058,26.598,-18.037,0.25363
-31.243,-9.1899,-3.0382,-31.257,-9.0598,-2.8475,0.23123
10.527,-3.7124,70.849,10.549,-3.7268,70.892,0.05061
33.225,-5.6917,-8.9297,33.385,-5.804,-8.8158,0.22634
-0.86812,-2.9346,39.721,-0.71772,-2.5277,39.679,0.43589
-13.317,6.3595,-40.372,-13.326,6.3564,-40.531,0.1583
27.431,14.794,15.71,27.591,14.958,15.879,0.28479
-45.624,-2.3234,-28.65,-45.174,-2.5104,-28.653,0.48713
-1.5572,-9.393,-33.326,-1.5286,-9.2197,-33.617,0.34024
-43.526,0.72174,-27.414,-43.359,0.46116,-27.395,0.31
-3.114,-1.7704,45.284,-2.7809,-1.555,45.257,0.39755
29.15,14.122,13.813,29.408,14.33,13.951,0.35902
-15.439,-31.918,-29.324,-15.359,-32.224,-29.372,0.31942
-37.987,2.0747,-39.157,-37.861,2.4372,-39.328,0.41994
-13.699,21.337,25.662,-13.932,21.652,25.89,0.4535
-7.7356,7.9531,-10.668,-7.7229,7.8477,-10.733,0.1247
31.874,0.23888,-31.211,31.859,0.26123,-31.188,0.035666
17.014,11.757,-15.868,16.809,11.984,-16.206,0.45496
33.443,20.771,-16.447,33.478,20.799,-16.434,0.046876
-38.39,-3.3355,-8.6407,-38.493,-3.2526,-8.445,0.236
