Inf,129.12,32.449,76.034,111.81,68.593,78.624
-6.228,4.1441,-27.34,-6.2042,4.3022,-27.387,0.16666
30.619,-4.2536,18.365,30.646,-4.4604,18.365,0.20856
11.837,-3.1231,36.395,12.11,-3.8903,36.43,0.8147
4.8611,-11.264,-23.99,4.76,-11.18,-23.958,0.13521
-9.8051,-26.057,-31.969,-10.01,-26.044,-32.013,0.20997
11.312,-4.0131,-21.403,11.143,-4.229,-21.203,0.33889
26.453,3.8124,48.01,26.492,3.8028,48.015,0.040195
-1.5594,2.9846,-25.247,-1.4209,3.0546,-25.288,0.16047
-7.7278,13.017,10.156,-7.7434,13.012,10.148,0.017784
-6.1903,9.4594,-0.52366,-6.1952,9.4659,-0.52746,0.0090027
-40.153,-0.50532,-27.681,-40.315,-0.25902,-27.608,0.30367
-4.375,5.1692,-21.108,-4.3661,4.9138,-21.081,0.257
-15.409,17.249,26.678,-15.883,17.519,26.726,0.54745
-30.205,-23.468,-15.947,-29.681,-23.469,-16.736,0.94752
-3.3855,17.276,46.052,-2.9045,16.795,45.99,0.68255
21.062,-0.14738,59.858,20.853,0.91513,59.785,1.0853
18.397,14.796,-30.775,18.248,14.549,-30.49,0.40541
-14.386,6.3654,-28.113,-14.387,6.3193,-28.094,0.050031
-18.215,6.2311,-23.11,-18.225,6.8835,-23.167,0.65493
-13.075,-3.2178,15.133,-13.21,-3.3296,15.207,0.19077
25.367,-0.72167,-27.266,25.183,-0.95893,-27.591,0.44246
-15.141,2.4854,1.3842,-14.871,2.1188,1.4227,0.45655
2.9037,1.9903,-22.51,2.425,1.3457,-22.181,0.86805
6.926,18.121,-11.452,6.7751,18.217,-11.531,0.19535
-14.85,18.058,22.67,-15.382,18.543,22.671,0.71942
-10.138,-6.583,-44.426,-10.172,-6.5721,-44.352,0.082009
25.056,2.7099,-29.867,25.047,2.7117,-29.774,0.093564
34.232,9.3271,15.277,34.289,9.3519,15.324,0.07817
-5.3839,19.606,19.369,-5.6221,20.244,18.928,0.81095
-28.128,-17.849,-10.252,-28.13,-17.849,-10.22,0.031545
4.5704,20.696,24.025,4.5053,20.133,23.865,0.58872
-28.282,-24.89,-16.727,-28.243,-24.091,-17.055,0.86502
-7.0592,9.6894,45.944,-6.984,9.6715,45.942,0.077371
4.3539,8.9043,-14.051,4.3497,8.8861,-14.034,0.025245
23.96,-1.8275,37.47,23.969,-1.8713,37.475,0.044972
-29.088,-27.535,-31.402,-28.831,-27.126,-31.287,0.49656
-6.1835,-9.6013,9.7675,-6.1276,-9.4909,9.8096,0.13062
-12.942,-0.51496,18.803,-13.164,-0.48423,18.934,0.25936
-22.906,-9.5354,-6.5575,-22.796,-9.4375,-6.7588,0.24957
-35.194,-7.6754,-14.106,-35.503,-7.6382,-14.003,0.32752
-9.713,-14.038,-43.626,-9.7025,-14.049,-43.67,0.047069
-37.184,-20.673,-36.049,-36.868,-20.287,-35.999,0.50123
-10.777,-24.616,-24.31,-10.76,-24.645,-24.306,0.034147
24.075,17.43,26.157,24.278,17.473,26.127,0.20946
13.852,12.275,-28.018,13.843,12.201,-28.203,0.1999
-6.8215,10.422,57.608,-6.6143,10.348,57.572,0.22301
-16.836,-27.051,-19.26,-16.865,-27.004,-19.303,0.07063
-3.953,-15.475,-24.199,-3.9497,-15.489,-24.196,0.014371
-23.124,4.6899,-16.244,-23.418,4.3913,-16.651,0.58413
2.8116,20.244,40.207,2.7746,20.387,40.235,0.14979
-14.057,5.9154,27.881,-14.004,5.7126,27.959,0.22374
-10.116,-1.053,36.399,-10.381,-1.2092,36.497,0.32237
30.629,19.175,-2.8502,30.641,19.202,-2.8678,0.034925
-18.118,-5.9271,-2.0371,-18.408,-5.95,-1.9743,0.29765
3.7386,-5.9943,20.855,4.1199,-6.7999,20.948,0.89605
-16.638,-29.03,-31.467,-16.24,-29.317,-31.551,0.49846
-38.468,-0.12622,-23.605,-38.118,-0.14883,-24.135,0.63485
26.476,3.0369,-29.601,26.479,3.0336,-29.676,0.075453
16.903,11.859,-31.255,16.411,11.599,-31.331,0.56139
-40.583,-4.3598,-36.423,-40.696,-4.3191,-36.459,0.12525
27.593,8.97,-29.47,27.711,9.0835,-29.579,0.1965
-5.2981,-0.91933,-40.837,-5.0655,-0.79762,-40.896,0.2689
-0.94009,0.79264,-25.554,-0.5753,1.0965,-25.779,0.52576
-8.6456,-21.909,-20.929,-8.9658,-21.589,-20.895,0.45458
-14.701,3.1361,16.38,-14.306,3.1178,16.515,0.41725
-2.1983,16.601,4.9212,-2.2916,16.686,4.8803,0.13241
5.8829,-9.1854,6.7083,5.8947,-9.2503,6.7231,0.067635
-12.988,4.4782,-16.538,-13.14,4.7572,-16.483,0.32236
7.602,9.787,-14.049,7.471,9.8077,-13.301,0.75976
-8.7389,4.4127,-35.169,-8.8453,4.3098,-35.02,0.21042
38.084,10.553,-4.6146,38.278,10.662,-4.7047,0.24
14.347,-3.7199,44.819,14.237,-3.1216,44.8,0.60862
-13.602,-27.752,-30.73,-13.581,-27.868,-30.756,0.1205
-3.9148,1.6446,-35.759,-4.1396,1.9279,-35.577,0.4047
-14.407,4.9866,15.978,-14.314,5.0199,16.006,0.1025
39.091,-2.4287,-13.084,38.68,-2.3047,-13.092,0.42945
12.459,21.153,50.639,12.459,21.27,50.639,0.11678
19.489,-8.8159,-22.011,19.389,-8.9224,-21.977,0.14974
22.071,21.723,-7.6608,22.071,21.725,-7.661,0.001717
-11.726,-8.2365,2.454,-11.699,-8.0638,2.39,0.18622
20.556,-8.6369,-22.13,20.455,-8.4982,-22.238,0.20304
-5.1651,-1.1133,56.404,-5.1935,-1.1939,56.453,0.098087
-30.816,5.0296,-17.743,-30.54,4.6109,-17.976,0.55259
0.48491,-3.4203,-28.435,0.36326,-4.1915,-28.545,0.78847
19.877,-9.5406,0.92718,20.372,-10.298,1.086,0.91874
-6.1967,11.466,5.8977,-5.9656,11.408,5.9818,0.25268
16.945,3.4061,70.487,17.025,3.3428,70.143,0.35844
11.563,20.514,14.185,11.702,19.912,14.22,0.61839
15.836,-3.7327,26.406,15.864,-3.8162,26.417,0.0885
41.826,1.3413,-11.035,41.87,1.2832,-11.04,0.073438
-41.906,-16.052,-31.662,-41.758,-16.05,-31.384,0.31444
-18.083,-26.619,-18.111,-18.068,-26.642,-18.089,0.035073
-24.735,-4.0504,-44.68,-24.682,-4.0011,-44.775,0.11943
-38.088,-13.036,-40.486,-38.388,-12.93,-40.878,0.50464
-39.613,-0.26697,-29.756,-40.456,0.24227,-29.564,1.0037
-31.593,-24.344,-17.918,-31.301,-23.891,-18.22,0.61811
9.3309,14.017,-18.555,9.316,13.978,-18.569,0.043712
-36.866,-13.182,-41.887,-36.935,-13.152,-41.988,0.12619
6.2553,10.015,-14.057,6.1641,10.03,-13.536,0.52899
36.683,-0.47325,-19.275,36.097,-0.74715,-19.035,0.68982
-10.691,-15.311,-10.03,-10.69,-15.504,-9.741,0.34731
-25.542,-25.908,-16.883,-25.343,-25.677,-17.009,0.32951
-5.495,-14.318,-39.485,-5.898,-13.977,-39.393,0.53588
-33.778,-23.307,-19.912,-33.82,-23.376,-19.857,0.097031
-6.1189,-18.082,-27.473,-6.0014,-18.114,-27.445,0.1249
22.558,-1.007,-22.667,22.297,-1.2738,-22.809,0.39949
-43.145,-9.1324,-27.96,-43.021,-9.179,-27.948,0.13339
-40.186,-19.688,-30.503,-40.283,-19.344,-30.543,0.35955
26.62,9.1294,46.688,26.57,9.1143,46.683,0.052113
-8.9846,6.3816,37.016,-9.568,6.8082,37.357,0.79897
21.716,4.4255,-28.544,21.273,4.1002,-28.889,0.64801
38.098,7.7404,-7.9424,38.457,7.8387,-8.0384,0.38401
-0.48888,-9.3718,12.251,-0.61861,-9.6287,12.156,0.30316
-2.9026,12.035,-0.9561,-3.0985,12.189,-1.0509,0.26701
-12.131,5.6446,-21.912,-12.122,5.8574,-21.924,0.21331
-32.783,-0.039927,-39.314,-32.652,-0.42143,-39.089,0.46195
5.3198,-3.8302,70.235,5.3107,-3.2361,70.084,0.61314
27.324,10.947,38.565,26.964,10.82,38.493,0.38863
-36.506,-15.998,-16.364,-36.481,-15.992,-16.376,0.028413
12.786,-5.4639,13.458,12.995,-6.1976,13.81,0.83986
-29.476,-27.722,-25.66,-29.078,-27.367,-25.758,0.54186
25.352,-7.0409,5.859,25.364,-7.1128,5.8575,0.0728
-43.371,-12.599,-29.58,-43.254,-12.631,-29.78,0.23378
17.375,-3.3678,45.451,17.164,-2.4696,45.421,0.92326
7.5408,-0.18982,-20.467,7.4676,-0.26251,-20.371,0.14054
22.953,-12.005,-14.358,22.766,-11.735,-14.351,0.32843
22.64,16.036,66.986,22.431,15.989,66.966,0.21549
-5.909,-18.147,-33.822,-5.9153,-18.118,-33.815,0.030018
-31.131,6.4924,-25.822,-31.091,6.3101,-25.785,0.19025
29.652,-4.5925,16.917,29.651,-4.5869,16.917,0.0056309
-37.257,-9.2627,-17.084,-37.344,-9.2923,-16.996,0.12717
1.8678,20.88,28.223,1.8999,21.061,28.267,0.18842
33.3,14.508,10.09,33.465,14.586,10.367,0.33189
-33.809,-0.76627,-39.144,-33.758,-0.87531,-39.032,0.16445
-3.9979,1.9144,70.971,-3.997,1.9147,70.851,0.12017
37.394,-0.49838,-17.257,36.898,-0.73003,-17.054,0.58341
-4.1374,19.039,37.228,-4.0665,18.868,37.198,0.18823
-8.2294,4.8513,-24.413,-8.2109,5.1507,-24.47,0.30538
-8.9985,-6.0118,26.566,-9.1155,-6.0358,26.601,0.12451
26.674,11.127,47.403,26.258,11.151,47.374,0.41822
27.369,19.399,-20.265,27.394,19.444,-20.282,0.054204
11.683,15.573,-21.072,11.789,15.295,-20.865,0.3624
-9.6927,17.989,30.011,-9.6939,18.085,30.076,0.11571
-11.575,-26.57,-25.807,-11.659,-26.519,-25.824,0.099739
14.583,21.084,37.634,14.565,21.031,37.621,0.057482
-40.373,-1.3595,-31.712,-40.735,-1.1372,-31.871,0.45409
-1.5847,20.967,23.892,-1.7842,21.857,23.509,0.98922
-40.096,-11.332,-36.862,-40.099,-11.334,-36.863,0.0039857
5.0951,16.399,-10.738,5.0228,16.508,-10.766,0.13396
-7.6731,-20.517,-23.213,-7.7612,-20.425,-23.293,0.14995
4.4784,3.9819,70.692,4.3062,4.081,70.171,0.5573
-30.403,2.4988,-15.07,-30.656,2.6841,-14.717,0.47247
-27.063,-18.403,-10.723,-27.209,-18.431,-10.126,0.61498
-5.1491,17.551,38.764,-5.5013,17.927,38.797,0.51637
-7.0227,-21.685,-28.229,-7.1828,-21.594,-28.173,0.19263
-39.969,-2.9065,-35.236,-40.054,-2.6416,-35.507,0.38843
-21.189,-27.934,-37.028,-21.262,-28.415,-36.947,0.49296
21.238,20.217,3.0642,21.432,21.041,3.1276,0.84895
-28.723,-28.212,-25.805,-28.497,-27.975,-25.896,0.3402
19.243,15.419,-30.186,19.26,15.308,-29.931,0.2779
-7.3969,10.12,67.092,-7.0861,9.9662,66.969,0.36788
-21.761,-10.469,-45.86,-21.761,-10.468,-45.868,0.007349
-5.9737,-17.959,-27.641,-5.9204,-17.974,-27.628,0.056666
21.783,-2.8033,34.117,21.776,-2.7523,34.111,0.051879
-32.406,-2.0285,-15.14,-32.659,-1.8916,-14.937,0.35151
39.693,-0.48352,-2.7472,40.081,-0.86878,-2.7853,0.54856
-4.5764,-9.9706,15.611,-4.5023,-10.383,15.496,0.43423
-15.832,-8.6114,-0.70813,-15.86,-8.6647,-0.66653,0.073392
22.289,-6.1978,7.9428,22.275,-6.41,7.99,0.21786
25.666,13.596,39.287,25.777,13.635,39.313,0.1207
21.539,-8.4601,-22.423,21.333,-8.1766,-22.645,0.41499
-10.899,-3.2841,19.651,-11.242,-3.4159,19.659,0.36818
13.604,15.661,-22.133,14.145,15.473,-22.056,0.57752
15.1,20.788,7.5574,15.092,20.808,7.5564,0.020715
-10.949,-1.206,26.238,-10.895,-1.1679,26.222,0.06793
34.181,18.425,4.3792,34.269,18.536,4.3709,0.1419
18.737,-2.379,49.212,18.55,-1.8195,49.071,0.60645
37.456,8.0194,11.506,37.463,8.0255,11.511,0.01071
31.692,18.039,8.3267,32.011,18.027,8.7432,0.52501
41.175,4.1305,10.237,41.322,4.2085,10.409,0.23923
18.017,-1.1003,65.363,17.539,-0.72475,65.337,0.60817
-7.139,-8.4522,5.5443,-7.1117,-8.381,5.5382,0.076502
-30.982,-18.872,-44.259,-30.898,-18.705,-43.978,0.33703
-19.599,-24.294,-15.898,-19.328,-24.907,-15.489,0.78556
26.931,-6.2916,8.6764,26.876,-6.7643,8.7754,0.48602
-12.065,-9.6095,-2.0744,-12.119,-9.9501,-1.9125,0.38103
17.086,-9.7522,-20.593,16.846,-10.144,-20.989,0.60629
30.502,-8.507,-21.797,30.499,-8.4857,-21.8,0.021653
24.183,19.612,9.6147,24.311,19.882,9.6509,0.30135
-38.583,-2.141,-22.981,-38.746,-2.8031,-22.936,0.68328
-7.1622,-11.527,-6.9275,-7.0487,-12.54,-6.6401,1.0592
-2.728,-0.83517,-29.365,-2.6156,-0.64493,-29.443,0.23435
-3.0513,-10.326,-39.592,-3.1132,-10.131,-39.327,0.33545
33.254,18.73,5.7425,33.609,19.195,5.6857,0.58803
-7.6052,5.3487,62.42,-7.2675,5.2843,62.338,0.35331
22.566,20.02,11.577,22.869,20.556,11.605,0.61644
-9.0335,4.5323,38.435,-9.5088,4.2623,38.429,0.54657
-21.902,7.3364,-26.97,-22.058,7.0994,-27.126,0.32409
-16.941,-29.865,-28.217,-16.913,-30.248,-28.147,0.38994
3.5694,18.718,-2.2547,3.0122,19.491,-2.4303,0.9693
39.008,-1.7684,-13.367,38.86,-1.7237,-13.37,0.1549
39.177,12.986,11.371,38.786,12.625,11.132,0.58369
34.579,16.86,9.435,34.579,16.859,9.4338,0.0013574
-24.34,0.77226,-42.657,-24.377,1.087,-42.9,0.39918
-35.295,2.3013,-32.911,-35.271,2.2695,-32.886,0.04686
0.010101,-1.6144,-26.687,-0.24215,-1.8131,-26.035,0.72637
-5.0406,4.7071,-23.39,-5.0437,4.8232,-23.391,0.11613
-23.243,-11.346,-7.9627,-23.29,-12.01,-7.5245,0.79649
29.958,13.496,16.612,30.067,13.564,16.668,0.13987
-2.1933,-0.17101,-26.937,-2.0305,-0.030678,-27.175,0.32014
-3.2785,20.63,25.513,-3.61,21.443,25.438,0.88177
20.524,18.8,40.541,19.813,18.001,40.64,1.0735
-5.7705,-5.0744,45.323,-5.3704,-4.2324,45.062,0.96796
39.984,-2.4719,10.283,39.406,-2.053,10.448,0.73272
7.4094,-6.1408,-25.029,7.3817,-6.2,-24.987,0.077347
1.5616,20.533,29.976,1.604,20.726,29.974,0.19798
18.448,-15.056,-14.692,18.255,-14.801,-14.602,0.3328
-1.1268,11.136,-7.704,-1.4545,11.548,-7.8161,0.53787
-2.3918,12.332,-1.5314,-2.6138,12.475,-1.6441,0.28696
-3.7014,1.8374,-27.444,-3.1879,1.8713,-27.532,0.52208
7.3723,5.5393,-16.561,7.4495,5.5713,-16.636,0.11188
7.6179,-3.8652,37.859,7.7398,-4.5223,37.954,0.67505
42.84,5.8775,4.2417,43.241,5.9164,4.1484,0.41345
-22.712,6.2688,-37.668,-22.607,6.6901,-37.935,0.50973
6.7743,-11.189,-22.33,6.8022,-11.229,-22.345,0.051308
16.981,-1.9672,59.696,16.671,-1.5582,59.701,0.51316
22.274,16.82,66.65,22.274,16.82,66.65,2.636e-05
-38.229,-0.72459,-22.516,-37.169,-1.2981,-22.317,1.2219
-26.09,-17.704,-44.742,-26.081,-18.25,-45.294,0.77613
22.636,-3.1814,28.735,22.653,-3.0962,28.736,0.086921
25.378,2.3153,-29.883,25.363,2.3182,-29.735,0.14873
-30.881,-14.765,-44.941,-31.201,-14.533,-45.416,0.61772
-26.107,-16.727,-45.449,-25.99,-16.579,-46.213,0.78713
36.302,-5.7358,14.124,36.111,-5.0718,13.894,0.72818
-8.1708,4.4107,-27.526,-7.9665,4.6036,-27.267,0.38276
-27.949,7.016,-21.477,-27.944,7.0798,-21.485,0.064538
-18.673,-27.31,-37.8,-18.559,-27.467,-37.95,0.24486
30.911,8.5558,-24.791,31.291,8.6966,-25.124,0.52445
8.8411,-3.8457,19.459,8.8447,-4.3025,19.491,0.45792
42.096,7.6169,8.2745,42.757,8.1354,8.1682,0.84652
15.059,-11.099,-18.308,15.048,-11.308,-18.513,0.29293
-9.4024,1.1381,36.773,-9.6009,1.2905,36.833,0.25732
25.659,20.48,2.5589,25.688,20.571,2.5711,0.095959
-41.967,-3.9029,-25.723,-42.285,-3.8346,-25.58,0.35549
-26.762,-27.769,-35.326,-26.507,-27.459,-35.107,0.4574
32.792,12.024,-15.935,33.243,12.287,-16.038,0.53192
30.268,19.295,-4.4466,29.966,18.833,-4.3434,0.56176
37.198,6.7033,-11.243,37.654,6.8934,-11.367,0.50925
-11.269,19.989,21.025,-11.267,19.983,21.025,0.0062485
-28.52,-25.15,-16.96,-28.473,-24.2,-17.349,1.0279
-9.1661,8.7527,36.628,-10.311,8.1984,37.221,1.4038
-7.4603,18.604,29.544,-7.7131,18.896,29.745,0.43514
-15.107,-28.416,-24.478,-15.011,-28.76,-24.359,0.37669
-17.154,6.2767,-38.073,-17.107,6.012,-38.245,0.31906
-1.4292,-5.595,-39.727,-1.9291,-5.9049,-39.551,0.61398
1.5439,11.282,-11.965,1.564,11.261,-11.952,0.03196
22.696,18.014,32.628,23.177,18.109,32.858,0.54154
12.908,11.589,-24.669,13.004,11.602,-24.65,0.098307
36.5,-4.4224,3.3604,36.485,-4.1548,3.5047,0.30437
-11.538,-26.462,-32.57,-11.538,-26.465,-32.572,0.0031382
30.035,14.078,-22.793,30.383,14.395,-22.959,0.49899
2.3807,-3.7493,70.18,2.4493,-3.285,70.065,0.48322
17.578,-3.2296,46.204,17.382,-2.3931,46.176,0.85976
36.833,4.4412,-14.127,37.544,4.434,-14.29,0.72955
-18.243,-7.3766,-2.1397,-18.327,-7.3832,-2.1215,0.0859
16.351,20.438,68.625,16.5,20.716,68.456,0.35775
-5.3383,-9.4795,9.3393,-5.422,-9.6448,9.2762,0.19566
12.636,20.863,70.866,12.641,20.639,70.246,0.65849
-38.226,-15.644,-40.524,-38.282,-15.686,-40.582,0.090677
-9.8024,0.63583,37.599,-9.8436,0.66742,37.611,0.053353
-21.33,-4.4736,-45.468,-21.403,-4.4767,-45.544,0.10618
14.918,10.689,-27.913,14.813,10.783,-27.986,0.15872
33.738,13.508,-11.946,33.547,13.397,-11.901,0.2247
-32.525,-3.1527,-14.806,-33.027,-2.6106,-14.414,0.83618
16.082,-16.03,-11.113,16.061,-15.771,-11.109,0.25928
5.6909,-10.164,-25.547,5.0935,-9.5938,-25.565,0.82574
30.03,19.933,6.5829,30.074,19.46,6.5265,0.47873
-32.966,-4.7301,-13.489,-33.125,-4.8028,-13.445,0.18102
-21.647,-18.919,-9.9448,-21.626,-18.959,-10.01,0.07875
33.764,-0.71808,-26.735,33.942,-0.68386,-26.822,0.20083
20.11,-8.8287,-21.963,20.026,-8.7644,-22.06,0.1442
21.467,-8.1871,1.9196,21.904,-8.7777,1.9941,0.73867
-6.1388,0.40647,58.527,-6.5362,0.40968,58.94,0.57291
11.583,20.479,14.693,11.707,19.943,14.724,0.55149
22.917,3.2843,69.477,23.028,3.0063,69.798,0.43882
-1.3747,3.2409,-25.166,-1.4467,3.1639,-25.149,0.10681
19.487,19.178,-27.435,19.565,18.512,-27.513,0.67543
21.739,19.575,-23.837,21.786,19.22,-23.799,0.36053
-35.424,-23.616,-30.444,-34.887,-22.84,-30.274,0.95847
-15.552,-28.213,-22.261,-15.558,-28.192,-22.268,0.022679
-4.5594,6.3998,-15.832,-4.6343,6.0128,-15.802,0.39537
26.236,-1.171,34.739,26.132,-1.1237,34.727,0.1155
8.4016,-8.389,-24.349,8.4234,-7.7272,-24.138,0.6952
-39.469,-12.968,-39.422,-39.71,-12.997,-39.459,0.24545
32.643,18.072,-2.5799,32.493,17.858,-2.4905,0.27591
33.149,-6.8057,-0.35618,32.719,-5.9811,-0.45294,0.93457
-21.407,-2.9051,-44.663,-21.494,-2.9271,-44.852,0.20951
6.0806,1.1724,-20.542,5.9257,0.79537,-20.298,0.47481
-1.4402,20.797,31.722,-1.5057,21.052,31.748,0.26455
-7.5604,-15.997,-40.834,-7.4899,-16.452,-41.369,0.70523
10.915,17.462,-18.499,11.016,17.393,-18.483,0.12341
-30.121,-26.74,-24.45,-29.749,-26.301,-24.611,0.59684
-5.7002,-16.825,-36.329,-5.6498,-16.704,-36.238,0.15983
33.362,18.239,8.0953,33.268,18.401,8.3856,0.3457
8.9617,19.036,-14.661,8.9251,19.113,-14.684,0.087772
15.545,18.688,-19.624,15.554,18.728,-19.733,0.11656
-30.868,-18.163,-11.564,-30.615,-18.032,-11.998,0.51937
31.901,13.377,-17.357,32.196,13.546,-17.421,0.34504
12.921,-9.5853,6.3652,12.679,-9.802,6.4844,0.34588
-14.854,7.5328,28.227,-14.708,7.5204,28.228,0.14634
25.799,13.976,35.293,26.209,14.4,35.443,0.60881
19.395,-9.9457,-22.503,19.432,-9.9041,-22.455,0.073504
18.778,21.457,-12.55,18.791,21.208,-12.344,0.32281
24.814,8.0259,59.812,25.476,8.1994,59.896,0.68945
-15.009,3.4176,3.9069,-14.41,2.8581,4.1077,0.84371
-9.4965,7.1154,-0.95719,-9.4757,7.0688,-0.93091,0.057395
22.62,-10.738,-3.0542,22.615,-10.626,-3.1117,0.12583
23.684,18.45,22.246,24.059,18.526,22.433,0.42536
32.637,6.9032,21.89,32.518,6.8649,21.858,0.12919
21.304,17.421,54.243,21.295,16.455,54.263,0.96707
-7.1753,10.566,61.528,-6.4046,10.084,61.349,0.92626
12.583,21.953,0.3804,12.574,21.999,0.38564,0.047279
-40.647,-15.881,-35.29,-39.933,-15.51,-35.126,0.821
-2.8201,-5.2713,42.639,-3.0799,-4.6239,42.494,0.71239
19.076,21.005,18.059,19,20.734,18.05,0.2818
10.339,-3.5673,48.579,10.365,-3.7225,48.599,0.15859
-16.774,-13.401,-7.1506,-16.801,-13.522,-6.9532,0.23317
-2.4399,20.669,19.29,-2.4519,20.97,19.058,0.38042
2.5826,-1.789,-24.549,2.6834,-1.7095,-24.771,0.25653
-9.6849,-6.0892,18.862,-9.6276,-6.0165,18.903,0.10114
-5.1623,13.724,68.255,-4.5753,13.308,67.929,0.78944
40.82,-0.79373,10.16,40.443,-0.53943,10.24,0.4621
-7.749,8.8125,68.026,-7.2874,8.6519,67.823,0.52951
-8.4122,-19.801,-17.758,-8.3655,-19.812,-17.753,0.048233
-24.202,-30.229,-31.053,-24.403,-30.7,-31.08,0.51329
-14.706,-24.584,-18.165,-14.964,-24.71,-17.71,0.53825
-7.8713,-8.8979,0.050095,-8.077,-9.6451,0.35717,0.83359
5.0083,-10.445,-26.507,4.7003,-10.009,-26.307,0.57067
-29.094,-10.715,-9.9399,-29.045,-10.661,-9.7025,0.24835
-17.993,2.7639,-16.026,-17.994,2.7639,-16.025,0.0011405
8.0451,-3.7424,57.606,8.0206,-4.3294,57.575,0.58825
-6.852,-19.802,-40.27,-6.949,-19.807,-40.233,0.1039
-24.478,-11.823,-8.7518,-24.641,-12.249,-8.3871,0.58431
-12.459,5.1742,1.6307,-11.974,4.9288,1.7552,0.55796
20.036,10.493,71.414,20.029,10.477,71.324,0.091433
17.393,20.473,-16.23,17.393,20.469,-16.231,0.0041221
7.35,21.261,5.8285,7.3308,21.053,5.7858,0.21301
-26.244,-0.066535,-15.493,-25.847,0.046756,-15.116,0.55847
17.879,-12.948,-18.34,17.828,-12.983,-18.386,0.076909
23.729,16.162,34.181,23.751,16.245,34.202,0.088358
-2.8813,-11.05,-4.99,-2.9266,-11.41,-4.9113,0.37102
38.139,8.5352,-7.3504,38.41,8.6095,-7.423,0.29038
-15.09,-5.1367,6.7228,-14.982,-5.003,6.6691,0.17992
-5.5284,12.603,60.233,-5.2238,12.412,60.162,0.36604
26.786,2.0655,43.314,26.975,2.0138,43.316,0.1964
-4.9556,-10.472,-4.1332,-4.9042,-11.439,-3.754,1.0408
10.737,-13.96,-7.8202,10.766,-13.884,-7.8358,0.082745
-7.5542,4.4013,66.915,-7.1152,4.2367,67.011,0.4784
31.465,4.868,27.741,30.88,4.7817,27.58,0.61222
-10.46,2.5672,-38.996,-10.547,2.4412,-38.855,0.20757
14.913,20.607,44.396,14.83,20.229,44.401,0.38621
24.667,12.126,-28.604,24.82,12.186,-28.792,0.24947
-14.898,-25.917,-19.146,-14.769,-26.194,-18.998,0.33996
15.616,11.917,-30.382,15.986,12.113,-30.326,0.42246
3.4929,20.478,63.927,3.5524,20.381,63.915,0.11491
28.372,13.437,-24.978,28.436,13.646,-25.218,0.3243
-4.0398,20.464,30.128,-4.0418,20.475,30.126,0.010816
-1.1771,18.348,52.716,-0.7947,18.126,52.712,0.44234
-41.558,-6.3063,-39.121,-41.293,-6.7911,-38.763,0.65848
-7.5583,-11.998,-6.811,-7.1971,-12.55,-6.6155,0.68833
35.132,17.572,5.3987,35.142,17.609,5.4134,0.040606
-9.0578,8.5287,36.773,-10.153,7.9986,37.34,1.3424
-20.275,7.5871,-30.667,-20.248,7.5374,-30.751,0.10089
28.21,19.023,-20.42,28.18,18.968,-20.399,0.065948
29.706,-2.4844,24.355,29.67,-2.6099,24.385,0.13395
37.239,1.1467,-13.789,37.695,1.2471,-13.906,0.48108
-7.689,18.29,31.483,-7.781,18.374,31.49,0.12479
18.033,22.163,-5.2914,18.038,22.605,-5.3013,0.44235
-19.19,-1.4228,-43.766,-19.514,-0.59934,-44.312,1.0396
32.432,6.3864,-24.31,32.66,6.4317,-24.386,0.244
11.468,20.48,-16.259,11.757,20.202,-16.218,0.4022
-29.032,-23.589,-15.471,-28.906,-23.276,-15.84,0.50007
17.653,-8.4629,-21.336,17.155,-8.2473,-21.864,0.75756
40.326,-1.5277,6.8441,40.071,-1.3378,6.8166,0.31902
-34.592,-22.738,-19.945,-34.624,-22.765,-19.941,0.041256
-26.118,-6.0091,-45.432,-26.114,-6.0115,-45.438,0.0075853
32.491,-7.9225,-20.195,32.498,-7.9354,-20.195,0.014747
10.233,5.2417,-14.819,10.194,5.1249,-14.703,0.1693
-41.422,-9.5863,-37.896,-41.387,-9.6554,-37.947,0.092667
-6.684,-20.531,-40.429,-6.9342,-20.539,-40.293,0.28475
-24.249,5.7684,-16.672,-24.417,5.5775,-16.893,0.33715
-13.688,4.1603,-14.864,-13.678,4.1425,-14.868,0.020583
-12.1,-8.9897,-0.64929,-12.146,-9.2796,-0.51144,0.32437
-7.0256,-18.616,-39.643,-7.1692,-18.599,-39.637,0.14467
-9.7861,-18.993,-14.371,-9.2751,-19.353,-14.127,0.67112
-42.892,-9.3835,-26.554,-42.908,-9.3819,-26.545,0.018446
15.154,12.246,-30.239,15.886,12.27,-30.211,0.73274
16.883,-3.6726,23.221,16.932,-3.8846,23.208,0.21804
6.1834,1.0377,-20.324,6.0888,0.80753,-20.175,0.2899
15.6,15.254,-29.604,15.573,15.326,-29.653,0.091194
