    1.0000,    2.3996,  149.9464,  -20.0817,   23.5123,  -32.7424,  -38.7941
  -24.8750,   -4.8801,  -11.1217,  -24.9574,   -4.6103,  -10.2996,    0.8691
   19.5691,   18.5880,   55.5130,   19.6511,   18.6158,   55.5402,    0.0908
  -26.1714,  -20.4807,  -11.1706,  -26.0017,  -20.2017,  -11.3548,    0.3749
   14.5276,   23.3071,   30.2389,   14.6348,   23.5637,   30.2912,    0.2830
   22.5659,   -0.6281,   37.5574,   21.7677,   -0.0577,   37.2903,    1.0168
  -16.7462,  -32.6855,  -33.3607,  -16.7717,  -32.4737,  -33.3381,    0.2145
  -38.6828,  -20.8731,  -22.3602,  -38.5446,  -20.8074,  -22.4515,    0.1781
   -3.3789,    5.0582,   39.8054,   -3.6677,    5.0541,   39.8174,    0.2891
  -31.4216,    8.2305,  -36.5135,  -31.3634,    8.0700,  -36.4468,    0.1833
  -33.8415,    1.3283,  -44.6306,  -33.6796,    1.1202,  -44.3861,    0.3595
   12.0725,   23.0478,   21.6439,   12.0797,   22.9202,   21.6208,    0.1299
    6.5466,   19.7676,   -2.4802,    6.2384,   20.0932,   -2.6080,    0.4662
   -2.6853,   13.0383,   60.0106,   -2.0334,   12.6707,   60.0438,    0.7491
  -26.0092,  -32.0475,  -29.9018,  -26.0732,  -32.3176,  -29.9081,    0.2777
  -30.9625,  -26.7125,  -40.9865,  -30.9373,  -26.6798,  -40.9659,    0.0461
  -41.9416,   -5.3712,  -24.0467,  -42.0532,   -5.3382,  -24.0310,    0.1174
    8.2985,   15.3926,   -9.8841,    8.8057,   15.7293,   -9.9953,    0.6189
   20.5674,   -0.9660,   48.8682,   20.5959,   -0.9840,   48.8728,    0.0340
  -35.4202,    3.5105,  -40.4507,  -35.6893,    3.6794,  -40.5913,    0.3475
   26.2033,    2.7834,  -29.6081,   26.2587,    2.7735,  -29.2751,    0.3378
  -32.7782,  -13.6619,  -11.9495,  -32.8685,  -13.6218,  -11.8641,    0.1306
  -14.5539,   15.9518,   39.2070,  -14.4289,   16.0186,   39.1275,    0.1626
   26.9878,   18.2361,   -8.4942,   27.1560,   18.4022,   -8.4946,    0.2365
    2.6082,   -7.3208,   25.1791,    2.6650,   -7.4355,   25.1996,    0.1297
   13.2288,   23.6395,   39.9812,   13.2774,   23.3508,   40.1012,    0.3164
  -33.2126,  -28.3099,  -32.5833,  -33.3073,  -28.4194,  -32.5820,    0.1448
    1.2033,   17.0162,    9.5143,    1.0834,   17.0011,    9.4429,    0.1403
   22.4653,   14.1354,   43.8912,   22.7404,   14.2826,   43.9113,    0.3127
  -30.8132,  -16.4425,  -11.5786,  -30.7441,  -16.4690,  -11.8893,    0.3194
  -42.6609,   -8.3585,  -25.1998,  -42.6016,   -8.3544,  -25.2143,    0.0612
   26.5407,   -5.8373,  -26.0903,   26.5442,   -5.8150,  -26.0653,    0.0337
  -42.7590,   -8.6639,  -25.4475,  -42.6446,   -8.6560,  -25.4754,    0.1180
   -2.8368,   -3.1199,  -36.8715,   -3.1318,   -3.2499,  -36.8773,    0.3224
   15.5488,    0.3476,  -21.5730,   15.4287,    0.4209,  -21.7631,    0.2366
    1.1043,  -20.1590,  -27.6184,    0.8886,  -20.0631,  -27.5334,    0.2509
   31.6105,   -4.3554,   -3.2173,   31.1861,   -4.0869,   -3.1665,    0.5047
   32.3170,    5.1094,  -16.3619,   32.0491,    5.0437,  -16.2346,    0.3038
  -11.6602,    3.3159,    9.9738,  -11.2849,    3.2579,    9.9948,    0.3803
   10.2890,    6.7743,   65.8518,   10.0399,    6.5196,   65.6086,    0.4314
  -20.4297,  -28.8368,  -43.3460,  -20.4317,  -28.7165,  -43.2658,    0.1446
   29.4444,   -6.7081,   -1.0045,   29.3527,   -6.6662,   -1.0313,    0.1043
   -1.4254,   -2.1632,   38.7838,   -1.0026,   -1.7163,   38.8462,    0.6184
   21.2130,   19.7432,  -18.9952,   21.0528,   19.3620,  -18.8395,    0.4418
  -12.6998,   -0.6001,  -50.2118,  -13.2293,   -1.0018,  -49.4223,    1.0320
   -2.7051,   -6.1044,  -40.4931,   -2.7383,   -6.1288,  -40.4779,    0.0438
    8.7592,   24.1736,   10.1786,    8.9877,   23.8150,   10.1150,    0.4299
  -11.6293,    1.6766,    8.0689,  -11.4250,    1.6435,    8.0819,    0.2074
  -30.9572,  -10.6806,  -50.1444,  -31.0007,  -10.7187,  -50.3351,    0.1993
  -43.2420,  -15.8111,  -31.9292,  -43.1446,  -15.7852,  -31.9350,    0.1009
   26.1140,   -5.9214,  -25.7347,   26.1006,   -6.0077,  -25.8311,    0.1301
   -1.4259,   11.9276,    1.5833,   -1.4726,   12.5314,    1.3288,    0.6569
   -2.7050,    2.0573,   45.2347,   -2.8697,    1.9964,   45.2325,    0.1756
    5.3295,   -0.0555,  -20.2895,    5.5576,    0.0661,  -20.4997,    0.3331
  -10.7599,   -5.0591,  -50.5143,  -11.2125,   -5.2398,  -50.0151,    0.6976
    3.7031,   22.9522,   25.2454,    3.4734,   22.2973,   25.3388,    0.7002
   11.4416,   24.2215,    0.4308,   11.4103,   24.3966,    0.4652,    0.1812
  -38.9477,    2.8843,  -29.0886,  -38.6117,    2.5243,  -29.0487,    0.4941
   20.6630,   23.2922,    8.0819,   20.9954,   23.6774,    8.1125,    0.5097
   26.7905,  -11.0821,  -19.8118,   27.0086,  -11.2317,  -19.9391,    0.2935
   25.7360,   18.1795,  -16.1089,   25.4568,   17.9171,  -15.9306,    0.4227
    1.2992,   -3.0394,  -25.7206,    1.3037,   -3.0362,  -25.7279,    0.0092
   15.9884,   -4.1664,   40.4883,   15.9996,   -4.1184,   40.4852,    0.0494
   25.5103,   16.2184,   12.3275,   25.6121,   16.2728,   12.4134,    0.1438
  -34.2291,    1.6335,  -17.4713,  -34.2295,    1.6344,  -17.4704,    0.0014
   32.3012,    1.1420,  -19.7899,   32.7026,    1.4378,  -19.9451,    0.5222
  -17.9033,    9.2426,  -19.6746,  -17.8323,    8.9428,  -19.8334,    0.3466
  -37.7582,   -5.1744,  -41.5296,  -38.0549,   -5.3106,  -41.6677,    0.3545
   11.3257,    9.4415,  -20.8063,   11.6924,    9.9589,  -21.0046,    0.6645
   22.7557,   13.6888,   40.2612,   22.8894,   13.7563,   40.2422,    0.1511
   24.5326,   20.1650,   -7.7362,   24.5844,   20.2390,   -7.7496,    0.0913
  -13.8135,   17.2976,   25.5209,  -14.0608,   17.4580,   25.2187,    0.4222
  -18.4750,   -8.7571,   -5.7850,  -18.5416,   -8.7357,   -5.4920,    0.3012
   23.4363,    9.4535,   52.1359,   22.9927,    9.4686,   52.0687,    0.4489
   24.3248,   19.8555,   10.7286,   25.0008,   20.3098,   10.6804,    0.8160
   -7.9937,    5.8906,   22.2442,   -8.3368,    5.6073,   22.4758,    0.5015
    1.2048,   19.2891,   55.9718,    1.3239,   19.1179,   55.9530,    0.2094
   32.7183,   12.4536,    2.9212,   32.2820,   12.0876,    2.7452,    0.5960
   10.2730,   -4.4967,   63.4235,   10.2878,   -4.7254,   63.4094,    0.2296
   10.1304,   19.1411,  -25.1219,   10.1328,   19.3192,  -25.2359,    0.2115
    4.1338,   -3.6727,   55.4118,    4.3952,   -3.2737,   55.4617,    0.4797
    5.3472,   -8.2126,   17.2988,    5.3507,   -8.5843,   17.4230,    0.3919
   11.6327,   -5.5493,   22.7793,   11.4947,   -6.0732,   23.0132,    0.5901
    8.4548,   20.3090,  -11.1356,    8.0795,   20.4441,  -11.1934,    0.4030
   -9.4171,  -25.1558,  -16.4081,   -9.6815,  -24.8984,  -16.5695,    0.4027
   25.5280,    2.5822,   27.8280,   25.8716,    2.5377,   27.9011,    0.3541
  -40.3846,   -1.6334,  -24.2479,  -40.7135,   -1.4145,  -24.2145,    0.3965
   -7.4420,   -9.8839,  -47.6772,   -7.6043,   -9.8546,  -47.5469,    0.2102
   19.2476,   -1.5896,   50.7989,   19.5277,   -1.8118,   50.9192,    0.3772
   18.1785,   -3.6962,   40.9135,   18.2925,   -4.0081,   40.9532,    0.3344
   13.1272,   -4.0792,   42.6352,   13.1032,   -3.6322,   42.6732,    0.4492
  -42.1198,  -18.4602,  -33.1814,  -42.0829,  -18.4406,  -33.1788,    0.0418
  -28.1897,  -18.4160,  -10.8053,  -28.2162,  -18.3476,  -10.9709,    0.1811
   -7.2032,  -10.2212,  -47.1474,   -7.2906,  -10.2054,  -47.0772,    0.1131
   17.2559,   -8.7691,    5.7908,   17.5947,   -9.5348,    6.0381,    0.8731
   16.9056,   -4.2717,   48.1812,   16.8633,   -4.4323,   48.1907,    0.1663
   20.6500,   -2.3719,   38.7660,   20.6063,   -2.3706,   38.7622,    0.0439
    9.6042,   22.5442,   33.1267,    9.5722,   22.6442,   33.1381,    0.1057
    5.8150,   18.2074,   -3.7156,    5.4654,   18.4391,   -3.6353,    0.4270
   -3.6750,   16.3196,   14.9034,   -3.6456,   16.2677,   14.9598,    0.0821
   16.0797,   23.4404,   42.6263,   15.8722,   23.1450,   42.5977,    0.3622
  -38.1500,    3.0656,  -27.1186,  -38.1670,    3.0821,  -27.1178,    0.0237
   18.6117,  -14.2514,  -15.4541,   18.7003,  -14.3659,  -15.5125,    0.1561
   -1.7603,    3.6595,   63.2118,   -1.4539,    3.6811,   63.2374,    0.3083
  -39.0633,  -15.6532,  -39.0376,  -39.2197,  -15.6050,  -39.0503,    0.1642
   11.5801,   -4.1940,   33.4499,   11.6732,   -3.7505,   33.4004,    0.4559
    7.3123,    9.3468,   -7.5241,    6.9100,    9.5732,   -7.7804,    0.5279
   -3.9387,    6.1225,  -18.7137,   -3.8298,    6.4267,  -18.7040,    0.3232
   -0.1499,    4.1846,   65.0118,   -0.1867,    4.2100,   65.6769,    0.6666
   21.3736,   -1.6453,   39.8436,   20.8572,   -1.4854,   39.8341,    0.5406
   22.9756,   11.7199,   51.4779,   22.9130,   11.7057,   51.4655,    0.0653
   28.0449,   17.5712,    4.0870,   27.8049,   17.3408,    4.0413,    0.3358
   -7.4973,    6.7663,  -28.4303,   -7.1996,    6.9222,  -28.3469,    0.3463
  -17.5800,  -32.4996,  -35.1294,  -17.6350,  -32.2302,  -35.0811,    0.2792
   34.4272,    8.9787,   -9.6256,   34.4301,    8.9789,   -9.6280,    0.0037
  -19.4526,  -27.1717,  -14.8930,  -19.5332,  -26.7647,  -15.2452,    0.5442
   -6.6546,   13.5403,   42.0104,   -6.7841,   13.3896,   42.2910,    0.3439
  -32.6271,  -16.5566,  -12.1973,  -32.4672,  -16.3960,  -12.5203,    0.3946
  -42.7934,  -17.5346,  -33.2754,  -42.6276,  -17.4388,  -33.2612,    0.1920
    5.0338,   15.2975,   -1.1650,    4.6407,   15.4309,   -1.1644,    0.4151
  -35.1860,   -2.4667,  -15.9116,  -34.9586,   -2.6116,  -16.0869,    0.3216
   -3.4192,    5.2286,   60.0969,   -2.8628,    5.4898,   60.0542,    0.6161
  -35.1329,    3.6308,  -41.2309,  -35.2844,    3.7259,  -41.3101,    0.1956
   -9.9173,   23.9129,   36.2727,   -9.9665,   24.1451,   36.3169,    0.2414
   27.6738,  -11.1037,  -18.8019,   27.7217,  -11.1365,  -18.8299,    0.0644
   21.4381,   16.1927,   47.7351,   21.2942,   16.0921,   47.7385,    0.1756
   24.4009,   21.2119,    2.4010,   24.7376,   21.8704,    2.4585,    0.7418
  -13.6917,  -31.9977,  -28.7743,  -13.8804,  -31.6350,  -28.7965,    0.4095
   27.5043,   -9.2100,   -9.5306,   27.4184,   -9.1189,   -9.5084,    0.1271
    0.7532,   15.0936,    7.1228,    0.7268,   15.3267,    7.0556,    0.2440
    6.2101,   -0.6059,  -19.9355,    6.2099,   -0.4844,  -20.1943,    0.2859
   14.6172,   22.6489,   53.7924,   14.5739,   22.2327,   53.7330,    0.4226
   19.5774,    5.3490,   65.3015,   19.5758,    5.3681,   65.3546,    0.0564
   17.7096,    9.0530,  -27.2463,   17.7062,    9.0467,  -27.2577,    0.0134
   -4.0557,   11.4283,   49.1670,   -4.7081,   11.0993,   49.1306,    0.7316
  -36.1149,  -17.7199,  -43.7927,  -36.0433,  -17.6711,  -43.7262,    0.1092
  -17.0476,  -32.0072,  -24.6374,  -17.0694,  -31.9011,  -24.6538,    0.1095
   31.2844,   -4.6848,   -2.7102,   30.9861,   -4.4960,   -2.6745,    0.3548
   31.5865,   12.1110,  -11.1922,   32.1010,   12.4818,  -11.3221,    0.6474
   11.4538,   -5.6656,   22.0547,   11.2826,   -6.3157,   22.3449,    0.7322
   21.1218,    7.5054,  -27.1679,   20.9148,    7.6222,  -26.8925,    0.3637
  -37.6247,  -16.1616,  -41.7391,  -37.4233,  -15.7709,  -41.7183,    0.4401
  -26.8349,   -0.7923,  -13.9806,  -26.8175,   -0.5129,  -13.5532,    0.5109
  -24.9247,   10.9711,  -38.8247,  -24.5821,   10.2992,  -38.6047,    0.7856
  -39.6717,    0.6710,  -26.6875,  -39.5990,    0.6461,  -26.7119,    0.0806
  -23.5195,  -17.2715,  -51.1132,  -23.5746,  -17.3644,  -51.3870,    0.2944
    4.4933,    6.4740,  -13.1314,    4.6072,    6.6535,  -13.3269,    0.2889
   21.4569,   16.3311,   43.3630,   21.4649,   16.3367,   43.3645,    0.0099
   32.2970,   -0.3395,  -20.0145,   32.7961,   -0.6735,  -20.1845,    0.6242
  -18.2280,  -21.4490,  -10.9205,  -18.1334,  -21.8423,  -10.6479,    0.4878
  -14.5729,   21.3457,   30.2385,  -14.8632,   21.6170,   30.1428,    0.4087
   21.2560,   22.8551,    9.6613,   21.2178,   22.7993,    9.6443,    0.0697
    3.9642,  -14.7314,  -23.2960,    3.9594,  -14.7309,  -23.2944,    0.0051
  -24.2344,   -8.8578,   -9.8222,  -24.1950,   -8.8508,   -9.9771,    0.1599
  -39.3143,  -22.4745,  -34.8004,  -39.2306,  -22.4152,  -34.7653,    0.1084
   33.5177,   -0.3263,  -15.1135,   34.2032,   -0.6732,  -15.2808,    0.7863
   24.0944,   -8.7434,    0.1666,   24.2029,   -9.0366,    0.3023,    0.3408
   19.1294,   22.6035,  -12.1782,   19.0776,   22.4713,  -12.1787,    0.1420
    6.5028,   17.1799,  -16.1448,    6.9257,   17.3736,  -16.2348,    0.4738
    5.3870,   -4.2914,   64.3040,    5.4020,   -4.2136,   64.3104,    0.0795
   20.5782,   19.4226,   23.8133,   20.6256,   19.4502,   23.8198,    0.0552
   20.6253,   23.3959,    1.7202,   20.8282,   23.8320,    1.7613,    0.4827
  -17.0766,   -7.0147,  -52.1785,  -17.0534,   -6.9814,  -52.9820,    0.8045
    6.6479,   18.8038,   -5.5018,    6.6374,   18.8141,   -5.5437,    0.0444
    7.5667,   15.4302,  -16.7007,    7.7064,   15.4978,  -16.7285,    0.1577
   17.2369,   -4.1437,   35.6796,   17.4245,   -4.8664,   35.7655,    0.7516
  -12.8007,    5.0338,   -8.0488,  -12.8373,    5.2095,   -8.0344,    0.1800
   -1.6238,   -7.6162,  -36.6118,   -1.4822,   -7.5999,  -36.6014,    0.1430
   -0.9634,   -6.2526,  -30.7234,   -1.0035,   -6.2486,  -30.7045,    0.0444
    4.1997,   -2.8734,   44.7290,    4.2790,   -2.6781,   44.7390,    0.2111
    9.8377,   -4.0234,   50.3791,    9.8317,   -4.0873,   50.3804,    0.0642
   17.6527,   22.1291,   40.7382,   17.3891,   21.9577,   40.7084,    0.3158
  -14.7884,    3.9431,   -7.4895,  -14.9364,    4.1626,   -7.3781,    0.2872
  -39.7215,  -10.1114,  -36.9732,  -39.6171,  -10.1210,  -36.8492,    0.1624
   17.2075,   21.1571,   55.2997,   16.9156,   20.6969,   55.2273,    0.5498
    6.0547,   18.2208,   -4.4131,    5.7207,   18.5080,   -4.6550,    0.5026
   -1.6707,  -10.7177,    1.8449,   -1.8300,  -10.5389,    1.6275,    0.3234
    3.3280,  -10.3234,   11.0835,    3.6354,   -9.7139,   10.7169,    0.7748
   23.7301,   -4.9053,   17.1860,   23.6653,   -4.2841,   17.0139,    0.6479
  -30.8618,   10.2650,  -27.5826,  -30.5292,    9.8439,  -27.6768,    0.5448
  -38.0178,  -14.5277,  -17.4570,  -38.1078,  -14.5357,  -17.3903,    0.1123
   -7.0471,  -28.0310,  -31.2847,   -7.3464,  -27.6075,  -31.2330,    0.5212
    8.2472,   12.0505,   -6.5569,    8.3017,   11.7472,   -6.1004,    0.5507
   -3.1280,   18.6971,   16.8586,   -3.2192,   18.8641,   16.7467,    0.2207
   19.4142,   21.3182,   21.1827,   19.4182,   21.6194,   21.1827,    0.3013
   22.7906,   13.1817,   36.2681,   23.0236,   13.3113,   36.2957,    0.2681
  -12.8329,   23.4581,   32.5316,  -12.9484,   23.6126,   32.5114,    0.1939
  -17.3779,  -32.9232,  -27.7698,  -17.4651,  -32.5507,  -27.8502,    0.3909
    6.2371,   14.5539,   -3.7339,    6.3694,   14.4187,   -3.5141,    0.2900
    2.5869,  -18.7448,  -23.6098,    2.9149,  -18.9143,  -23.7646,    0.4004
    9.3427,   22.0234,   -5.3856,    9.2352,   22.1163,   -5.4399,    0.1521
   -1.9425,   18.5954,   15.2714,   -1.9354,   18.5825,   15.2800,    0.0171
   19.2621,   -3.7786,   38.7929,   19.3210,   -3.9261,   38.8190,    0.1610
   25.4451,   19.5431,   -3.3093,   25.6964,   19.7779,   -3.2973,    0.3441
  -27.0110,  -18.1208,  -49.8665,  -27.0923,  -18.1959,  -50.0872,    0.2469
   25.7757,    8.0035,  -26.1723,   26.1407,    7.9313,  -26.4405,    0.4587
   18.6062,   -2.3201,   60.0432,   18.6003,   -2.1336,   60.0122,    0.1892
    8.2480,   -4.8799,   28.0608,    8.3613,   -5.4320,   28.1906,    0.5784
   16.6575,   -4.2983,   47.1298,   16.6226,   -4.4306,   47.1376,    0.1371
   14.2444,   12.2615,  -27.7102,   14.2744,   12.2906,  -27.9798,    0.2729
  -29.0001,  -24.7556,  -15.3522,  -28.2577,  -24.3130,  -16.0941,    1.1390
  -38.9998,  -19.1189,  -21.4210,  -38.9550,  -19.0867,  -21.4568,    0.0658
    3.1888,  -20.3412,  -21.1764,    3.3385,  -20.4244,  -21.2579,    0.1897
   -2.3340,   21.3840,   18.8205,   -2.1394,   21.0398,   19.0555,    0.4600
    1.8826,   -5.4568,  -26.2380,    2.1173,   -5.2342,  -26.3726,    0.3505
   -4.1516,    8.2939,   62.7439,   -3.9215,    8.1261,   62.7324,    0.2850
   13.9297,   23.9542,   -4.6440,   14.0844,   23.5903,   -4.6651,    0.3960
   21.2178,   10.8678,  -26.8130,   21.3635,   11.0364,  -26.9786,    0.2776
   27.9279,   17.3082,   -2.2874,   27.8419,   17.2521,   -2.2923,    0.1028
   -4.2982,   14.1405,   11.1738,   -4.3086,   14.1581,   11.1701,    0.0207
   -2.1436,   18.0326,   15.2322,   -2.2699,   18.2640,   15.0772,    0.3058
  -11.2563,  -28.3044,  -41.1759,  -11.3647,  -28.2666,  -41.0114,    0.2006
   -1.3371,   17.0007,   53.4359,   -1.5142,   17.2179,   53.4623,    0.2815
   -2.6125,  -17.3615,  -41.3880,   -2.9485,  -17.3245,  -41.0935,    0.4484
    0.3806,   13.5772,    2.6989,    0.3672,   13.6240,    2.6729,    0.0552
   -6.1487,  -12.1720,   -1.9173,   -6.1281,  -11.7783,   -2.0931,    0.4317
  -25.0377,   12.2645,  -26.8871,  -25.0015,   11.9004,  -26.9663,    0.3744
   29.7913,   -7.6882,  -19.9613,   29.2800,   -7.4709,  -19.8512,    0.5664
    6.0370,   18.2732,   -4.4145,    5.7311,   18.5362,   -4.6359,    0.4602
    8.9550,    6.9260,   66.5434,    9.0163,    6.9609,   66.5959,    0.0879
  -36.5605,  -24.4643,  -36.5578,  -36.4812,  -24.3975,  -36.5289,    0.1076
   -2.8494,  -24.7594,  -21.8882,   -3.4184,  -24.4373,  -21.9332,    0.6554
   16.0310,   11.9468,   64.0725,   16.0680,   11.9416,   64.5735,    0.5024
  -11.5212,   23.7880,   35.8738,  -11.5432,   23.8920,   35.8936,    0.1081
    6.4717,    2.8835,  -16.6384,    6.3256,    2.4970,  -16.3696,    0.4930
    2.0064,    6.1029,  -14.0203,    2.1465,    6.5246,  -14.1719,    0.4695
   11.5188,  -14.4302,   -2.7528,   11.5252,  -14.6574,   -2.7228,    0.2292
   -5.9996,   -7.9498,    4.4480,   -6.1434,   -8.2592,    4.6419,    0.3924
   30.8143,   -5.4896,   -3.7760,   30.7284,   -5.4381,   -3.7993,    0.1027
   18.1053,   20.3757,   32.8923,   18.5030,   20.7305,   32.7898,    0.5428
   -6.3602,   24.7673,   34.0173,   -6.3842,   24.6150,   34.0261,    0.1544
  -36.1495,  -25.1107,  -36.5717,  -36.1773,  -24.8529,  -36.3112,    0.3676
    7.8702,   21.7184,   41.0123,    7.8756,   21.5836,   40.9956,    0.1360
   31.4381,   12.7995,   -6.0626,   31.8104,   13.1713,   -6.0656,    0.5261
    3.6471,   22.6034,   26.4125,    3.5823,   22.4212,   26.4409,    0.1955
    4.4348,   -4.2026,   63.8686,    4.4739,   -3.9998,   63.8852,    0.2072
  -26.9855,   11.6110,  -25.4060,  -26.9708,   11.3633,  -25.4875,    0.2613
   -7.5114,    7.3088,    0.4253,   -7.6605,    7.4590,    0.1677,    0.3334
   23.7432,    0.1190,   34.1259,   22.7301,    0.5797,   33.9539,    1.1261
   34.0217,   -0.3006,  -10.1237,   34.5655,   -0.7291,  -10.1347,    0.6924
  -37.8517,  -17.4089,  -40.5574,  -38.0250,  -17.1877,  -40.5456,    0.2812
    3.9942,   20.8516,    9.2874,    4.1593,   20.5227,    9.4779,    0.4144
   -4.9946,  -11.7871,   -2.2044,   -4.9990,  -11.8703,   -2.1672,    0.0912
   21.7305,    1.1610,   48.8751,   21.7522,    1.1502,   48.8780,    0.0244
   -6.1318,  -17.0839,   -9.7338,   -6.2870,  -17.4580,   -8.9976,    0.8403
  -37.2868,  -19.1177,  -18.8536,  -37.0370,  -18.9733,  -19.0668,    0.3588
    1.1252,   -2.0406,   58.6311,    1.2964,   -1.6886,   58.6179,    0.3917
  -13.0556,   11.3334,  -27.4524,  -13.1155,   11.1298,  -27.4354,    0.2130
   10.8894,   -5.4164,   21.4508,   10.6413,   -6.3582,   21.8713,    1.0608
   12.6099,   23.0063,   35.4799,   12.6139,   22.7795,   35.4470,    0.2292
    2.8307,  -10.4194,    8.7571,    2.9632,  -10.0339,    8.6608,    0.4189
  -21.0007,  -30.5503,  -18.6660,  -21.1251,  -30.7971,  -18.5340,    0.3063
   27.4308,   17.8138,  -12.9614,   27.2835,   17.6980,  -12.8910,    0.2001
    3.7039,  -15.0852,  -23.7918,    3.7500,  -15.0904,  -23.8070,    0.0488
   23.0108,   15.1319,   25.3639,   22.8740,   15.0546,   25.3426,    0.1586
   23.2770,   12.8210,   40.4957,   23.3625,   12.8623,   40.4846,    0.0956
    0.4380,   18.0267,   12.0921,    0.2073,   18.1908,   11.9676,    0.3093
  -21.9073,   10.2396,  -20.5724,  -21.8872,   10.2899,  -20.5111,    0.0818
   22.9691,    8.9706,  -26.6294,   22.8908,    9.0082,  -26.7731,    0.1678
    4.1378,  -17.7510,  -11.2456,    4.5668,  -18.3911,  -10.9788,    0.8154
  -30.9153,  -30.1012,  -30.8120,  -31.1044,  -30.4176,  -30.8252,    0.3689
  -16.4755,  -30.4496,  -39.9322,  -16.4740,  -30.4645,  -39.9383,    0.0162
  -31.9787,  -14.5938,  -11.0390,  -32.0342,  -14.6554,  -11.3611,    0.3326
  -40.4125,  -14.0780,  -20.1798,  -40.2547,  -14.0924,  -20.2958,    0.1963
  -28.9198,  -30.4998,  -23.5598,  -28.9606,  -30.5725,  -23.5332,    0.0875
   17.0120,  -12.0840,   -2.4475,   17.1298,  -12.8178,   -2.1824,    0.7890
   -8.4531,  -24.9350,  -17.2507,   -8.4250,  -24.6551,  -17.5518,    0.4120
   25.6402,    4.2490,   28.5184,   25.9159,    4.2145,   28.6071,    0.2916
   -1.1106,    7.7476,   -8.7473,   -1.1835,    7.9401,   -8.7969,    0.2117
  -30.0258,  -28.0933,  -19.6934,  -29.6542,  -27.7367,  -20.0759,    0.6416
  -17.9817,  -28.7690,  -43.1384,  -17.9407,  -28.9797,  -43.2641,    0.2487
   30.7735,   -0.0802,   11.9291,   31.1312,   -0.2769,   12.2057,    0.4931
  -26.7575,  -14.4566,  -50.6754,  -26.8694,  -14.5033,  -50.9925,    0.3395
    2.2391,   -3.6465,   38.4787,    2.1733,   -3.4622,   38.4067,    0.2085
   23.7359,   12.9523,   30.6595,   23.3431,   12.7180,   30.5737,    0.4653
   22.9353,   14.5015,  -22.8675,   23.0451,   14.6299,  -22.9426,    0.1849
   20.8745,    6.6898,   64.9726,   20.8760,    6.6724,   64.9242,    0.0514
  -27.4636,    1.5393,  -14.5198,  -27.4827,    1.3815,  -14.7575,    0.2859
   19.4219,   10.1363,   64.8200,   19.4132,   10.1146,   64.4186,    0.4021
   -6.5813,   14.5592,   15.6304,   -6.7562,   14.8713,   15.2962,    0.4897
  -26.4074,   10.0219,  -38.9824,  -26.1531,    9.4973,  -38.8386,    0.6005
  -40.0183,   -2.1992,  -40.2705,  -40.0578,   -2.2165,  -40.2886,    0.0467
    0.0931,  -13.5972,  -31.9610,    0.2304,  -13.5765,  -31.9963,    0.1432
   28.2167,   10.3304,  -21.8470,   28.2310,   10.2530,  -21.8370,    0.0793
   15.8390,   -8.5138,  -25.4655,   16.0609,   -8.4508,  -25.1396,    0.3993
   19.6672,    1.3285,  -26.1029,   19.3490,    1.4115,  -26.4390,    0.4703
   -3.1797,    5.2991,   42.0655,   -3.5057,    5.2986,   42.1060,    0.3285
  -27.6083,  -30.9660,  -36.2110,  -27.6003,  -30.9341,  -36.1995,    0.0349
   -0.3954,   -9.1027,   11.7168,   -0.6190,   -9.7227,   11.7830,    0.6624
   16.7059,    4.9026,  -24.2333,   16.6645,    4.8335,  -24.2972,    0.1028
   15.6666,    9.3360,   65.1739,   15.6102,    9.2881,   64.6742,    0.5052
  -27.5443,  -23.2563,  -46.8034,  -27.5581,  -23.2803,  -46.8347,    0.0417
   20.9429,    4.2641,  -27.0640,   20.8514,    4.2720,  -27.1629,    0.1349
    9.3751,   12.1313,  -12.3171,    9.8488,   12.3081,  -12.4112,    0.5144
   23.0645,   21.0503,   11.3118,   23.1279,   21.1868,   11.3531,    0.1561
   -0.7157,   16.3577,   10.8333,   -0.7865,   16.4197,   10.7825,    0.1070
  -18.6649,    0.6060,  -50.9851,  -18.6135,    0.2415,  -50.5834,    0.5449
   26.3110,   10.6543,   18.4688,   26.0109,   10.6891,   18.3276,    0.3334
  -21.4724,  -31.6560,  -21.4553,  -21.4760,  -32.0148,  -21.4189,    0.3606
    2.6939,   19.4358,   61.2281,    2.7421,   19.2264,   61.1740,    0.2215
   -3.9645,  -12.6396,  -43.8270,   -4.3652,  -12.6891,  -43.4801,    0.5323
  -32.8455,  -20.8035,  -44.5888,  -33.0167,  -20.9481,  -44.7525,    0.2776
  -39.0805,    2.9614,  -33.2252,  -39.0708,    2.9500,  -33.2284,    0.0153
    5.1093,   -0.8425,  -21.1047,    5.2984,   -0.8356,  -21.1949,    0.2097
  -25.7366,    6.7175,  -17.7186,  -25.7477,    6.7487,  -17.6391,    0.0861
  -11.5963,  -28.8839,  -41.0505,  -11.7499,  -28.5083,  -40.8644,    0.4465
  -17.2334,  -32.8301,  -33.2261,  -17.3039,  -32.4982,  -33.1794,    0.3425
  -32.5999,  -11.6349,  -11.2708,  -32.7290,  -11.6690,  -11.6595,    0.4110
   -0.3572,   17.8497,   55.0325,   -0.4112,   17.9144,   55.0439,    0.0850
   13.2370,   -4.4989,   29.3195,   13.1343,   -5.2090,   29.3883,    0.7208
  -34.9506,   -1.5644,  -45.7037,  -34.8769,   -1.5913,  -45.6154,    0.1182
  -32.1627,  -26.8381,  -20.0691,  -31.8983,  -26.5479,  -20.1990,    0.4135
   -1.6371,  -21.2281,  -37.9484,   -2.0469,  -21.0970,  -37.7372,    0.4794
   29.2197,    9.3588,  -22.0183,   29.1345,    9.3169,  -21.9718,    0.1057
   11.4151,    1.4256,  -16.7941,   11.4228,    1.4242,  -16.7907,    0.0086
   -4.6406,   10.2790,   45.7231,   -4.6380,   10.2802,   45.7234,    0.0029
    4.3097,   21.7944,   35.3060,    4.3490,   22.1053,   35.3801,    0.3220
   -6.7770,   16.2374,   18.0502,   -7.0745,   16.7708,   17.5795,    0.7711
  -24.8941,  -20.5764,  -49.4940,  -25.1350,  -20.7398,  -49.9393,    0.5319
   32.9410,   -1.8874,    7.2631,   33.2497,   -2.3052,    7.6551,    0.6508
    0.7456,   -1.4291,   57.8009,    0.8369,   -1.3324,   57.7921,    0.1333
  -13.0196,   10.0738,  -38.3542,  -13.1048,    9.8557,  -38.3029,    0.2398
  -43.4810,   -5.1794,  -29.8272,  -43.0505,   -5.3706,  -29.8842,    0.4745
  -19.1071,  -31.5899,  -21.9271,  -19.0351,  -31.9523,  -21.8898,    0.3714
  -21.7364,  -20.4495,  -10.2109,  -21.8352,  -20.6801,   -9.8646,    0.4275
   32.0578,   -4.6728,    3.7943,   32.2928,   -4.8656,    3.6243,    0.3483
  -14.3439,    8.3528,  -17.9081,  -14.3960,    8.6017,  -17.7757,    0.2867
   -3.2161,   -6.3363,   22.0422,   -3.1606,   -6.2803,   22.0376,    0.0790
  -21.2301,  -24.4276,  -12.9817,  -21.2525,  -24.4931,  -12.9129,    0.0976
   31.3596,   -2.1744,  -20.4754,   31.5842,   -2.3133,  -20.5493,    0.2742
   -4.6900,   18.0267,   46.2978,   -5.2883,   18.0673,   46.3832,    0.6058
   22.9636,   21.7121,    8.3152,   23.1416,   22.0175,    8.3764,    0.3587
  -40.2350,  -22.0061,  -32.4726,  -40.1044,  -21.8664,  -32.4617,    0.1915
   10.7947,   24.2936,   15.7389,   10.8329,   24.1762,   15.7275,    0.1240
    0.6190,   -2.8488,   40.2579,    0.4144,   -3.1232,   40.2599,    0.3423
    5.3758,  -14.5834,  -21.8341,    5.2357,  -14.4936,  -21.5026,    0.3709
  -30.0757,  -26.6701,  -41.8111,  -30.1114,  -26.7357,  -41.8539,    0.0861
   -9.3246,  -24.3890,  -43.8440,   -8.6349,  -25.0236,  -44.1899,    0.9990
  -13.9904,    2.0788,  -49.5547,  -14.1970,    1.6458,  -48.8424,    0.8588
   29.8166,   14.5361,   -4.3819,   30.0215,   14.8202,   -4.4257,    0.3530
   11.7606,   22.7230,   25.6754,   11.7897,   22.2744,   25.6158,    0.4534
   17.0209,   24.5230,   -1.1417,   16.7513,   23.8450,   -0.8362,    0.7910
   24.6301,   21.2458,   -0.4671,   24.5311,   21.2290,   -0.3984,    0.1216
  -33.4149,   -9.7686,  -11.9022,  -33.3132,   -9.7635,  -11.5865,    0.3317
   33.0108,    4.5488,  -16.1814,   32.9239,    4.5136,  -16.0623,    0.1515
  -21.1541,  -22.5481,  -11.6649,  -21.1634,  -22.7239,  -11.3682,    0.3450
  -42.6994,  -11.3161,  -25.9189,  -42.6724,  -11.3161,  -25.9256,    0.0279
    9.2703,   23.9210,   15.0658,    9.3411,   23.7162,   15.0614,    0.2168
   26.1869,   -9.2684,  -22.1044,   26.2042,   -9.2744,  -22.1202,    0.0242
  -19.4199,  -11.6841,  -52.7416,  -19.4174,  -11.7010,  -52.7849,    0.0466
   10.0303,   21.4365,  -15.4652,    9.5412,   22.0380,  -15.4496,    0.7754
   24.4138,    5.4282,  -27.8690,   24.2749,    5.6646,  -28.5342,    0.7195
  -13.9026,  -23.5127,  -13.5683,  -14.1640,  -23.8890,  -13.1428,    0.6253
    1.3798,  -10.1025,   11.8311,    1.3626,  -10.0604,   11.8293,    0.0456
   20.8729,   -4.5504,   25.0422,   20.6866,   -4.2508,   25.0059,    0.3547
   -8.7502,   19.8669,   23.1502,   -8.7919,   19.9306,   23.0852,    0.1001
   14.2364,   24.1728,   42.7659,   14.2947,   23.9790,   42.7526,    0.2028
   16.5837,   -2.5714,  -23.2575,   16.3817,   -2.3973,  -23.5804,    0.4188
  -21.2579,   11.6821,  -38.3917,  -21.2610,   11.5328,  -38.3594,    0.1528
   22.0185,    5.0304,   62.6103,   22.2778,    4.9671,   62.5330,    0.2779
  -12.4475,   -7.9352,  -51.8254,  -12.4480,   -7.9351,  -51.8243,    0.0013
   -4.0093,    8.4321,   45.5345,   -3.7916,    8.5519,   45.5277,    0.2486
  -10.7864,   19.8624,   42.1331,  -10.7274,   19.8364,   42.3265,    0.2039
   17.9268,   24.8593,    3.6827,   17.9236,   24.8916,    3.6854,    0.0326
  -35.1001,   -0.9667,  -45.1646,  -35.0910,   -0.9696,  -45.1564,    0.0126
   -9.4012,  -26.0738,  -17.9886,   -9.6406,  -25.7963,  -18.2848,    0.4712
   29.4965,   -6.8017,   -0.9636,   29.3222,   -6.7222,   -1.0146,    0.1982
  -23.6607,   -3.4555,  -51.1938,  -23.7069,   -3.4511,  -50.8372,    0.3596
   33.8169,   11.7177,   -0.8923,   33.5769,   11.5328,   -0.8867,    0.3031
   33.5063,    3.8244,    7.2695,   33.9628,    3.8685,    7.4335,    0.4872
    3.5197,   -3.2051,   58.0830,    3.6710,   -2.9148,   58.0812,    0.3274
  -21.7203,   10.3981,  -41.3656,  -21.6575,    9.9291,  -40.9636,    0.6209
    3.0728,    2.2805,  -19.6454,    3.3702,    2.5793,  -19.8543,    0.4706
  -27.7881,  -25.4201,  -15.2076,  -27.2535,  -25.1494,  -15.3749,    0.6221
   11.8260,    4.9749,  -16.9540,   12.1273,    4.9067,  -16.8228,    0.3356
   -2.2903,   -2.9428,  -31.2308,   -2.6509,   -3.0606,  -31.1847,    0.3822
   33.9340,    8.6863,  -11.3987,   33.6415,    8.7103,  -11.2962,    0.3109
  -33.7190,    7.8394,  -35.0496,  -33.5588,    7.6467,  -34.9556,    0.2676
   20.3219,   23.5395,    6.2731,   20.4690,   23.9028,    6.2383,    0.3935
    7.0361,   20.5733,   58.4581,    6.9123,   21.0038,   58.4094,    0.4506
  -30.9323,    8.6912,  -36.2894,  -30.8212,    8.3852,  -36.1621,    0.3495
  -13.9635,    4.3412,   -6.9991,  -14.0757,    4.5076,   -6.9145,    0.2178
   26.6118,   18.7297,   -9.5446,   26.6758,   18.8412,   -9.5568,    0.1291
    0.9972,  -11.0401,  -28.8188,    0.9585,  -11.0374,  -28.8102,    0.0398
  -18.8445,   12.0688,  -25.3059,  -18.8445,   12.0748,  -25.3061,    0.0060
  -35.1622,  -19.3159,  -16.2622,  -34.9908,  -19.2130,  -16.3711,    0.2277
  -13.7932,   11.5535,   33.7347,  -13.5590,   12.0571,   33.6563,    0.5609
   26.5200,   11.4412,  -22.3522,   26.4902,   11.4073,  -22.3390,    0.0471
    5.1073,   -3.1725,   41.3831,    5.1672,   -2.8940,   41.3769,    0.2849
   -3.3967,    6.6626,   51.5617,   -3.5440,    6.6878,   51.5394,    0.1512
  -16.5290,   -7.8379,  -52.3092,  -16.5183,   -7.8822,  -52.9192,    0.6116
   21.4348,   22.8461,    1.8971,   21.6971,   23.4100,    1.9502,    0.6242
   10.6387,    7.4872,   64.9867,   10.6563,    7.2440,   64.5531,    0.4974
    1.4140,    6.8086,   65.3487,    1.4451,    6.8148,   65.8506,    0.5029
  -21.2499,  -10.4430,   -7.4246,  -21.5844,  -10.6355,   -7.0203,    0.5588
   16.9588,   21.4607,   61.4359,   16.6340,   21.1855,   61.5453,    0.4395
    6.5532,   23.0517,   13.5411,    6.6357,   22.8130,   13.5360,    0.2526
   18.1926,   -2.9871,   49.3415,   18.5279,   -3.5684,   49.4076,    0.6743
   14.5089,   -4.0746,   54.3696,   14.4882,   -3.9090,   54.3730,    0.1670
    2.3079,  -13.3323,  -26.0370,    1.9269,  -13.4540,  -25.5734,    0.6123
  -26.0509,  -11.3315,  -51.6547,  -26.0970,  -11.3585,  -51.6856,    0.0617
