27,125,0
196.69,196.56,209.6
0,0,0
101.16,101.22,99.832
104.01,101.36,224.8
106.86,101.49,349.77
99.07,226.2,99.745
101.92,226.34,224.71
104.77,226.47,349.68
96.98,351.18,99.657
99.83,351.32,224.62
102.68,351.45,349.59
226.11,103.31,96.98
228.96,103.44,221.95
231.81,103.58,346.91
224.02,228.29,96.892
226.87,228.42,221.86
229.72,228.56,346.83
221.93,353.27,96.805
224.78,353.4,221.77
227.63,353.54,346.74
351.06,105.39,94.127
353.91,105.53,219.09
356.76,105.66,344.06
348.97,230.37,94.04
351.82,230.5,219.01
354.67,230.64,343.97
346.88,355.35,93.953
349.73,355.49,218.92
352.58,355.62,343.89
99.277,98.318,225.54
98.294,99.414,350.53
97.31,100.51,475.52
98.296,223.31,224.43
97.312,224.41,349.42
96.329,225.5,474.41
97.315,348.3,223.33
96.331,349.4,348.32
95.348,350.49,473.31
224.27,99.309,226.51
223.28,100.41,351.5
222.3,101.5,476.49
223.29,224.3,225.41
222.3,225.4,350.4
221.32,226.49,475.39
222.31,349.29,224.31
221.32,350.39,349.29
220.34,351.48,474.28
349.26,100.3,227.49
348.28,101.4,352.48
347.29,102.49,477.47
348.28,225.29,226.39
347.29,226.39,351.38
346.31,227.48,476.36
347.3,350.28,225.28
346.31,351.38,350.27
345.33,352.48,475.26
101.99,98.12,351.08
98.88,99.72,476.03
95.773,101.32,600.98
105.18,223.07,349.56
102.07,224.67,474.51
98.965,226.27,599.46
108.37,348.02,348.04
105.27,349.62,472.99
102.16,351.22,597.94
226.91,94.965,354.22
223.8,96.565,479.17
220.69,98.165,604.12
230.1,219.92,352.7
226.99,221.52,477.65
223.89,223.12,602.6
233.29,344.87,351.18
230.19,346.47,476.13
227.08,348.07,601.08
351.83,91.81,357.37
348.72,93.41,482.32
345.61,95.01,607.27
355.02,216.76,355.85
351.91,218.36,480.8
348.81,219.96,605.75
358.21,341.71,354.33
355.11,343.31,479.28
352,344.91,604.23
99.43,98.62,475.71
96.535,96.07,600.65
93.64,93.52,725.59
95.975,223.55,478.18
93.08,221,603.12
90.185,218.45,728.06
92.52,348.47,480.65
89.625,345.92,605.59
86.73,343.37,730.53
224.35,102.02,478.67
221.45,99.465,603.61
218.56,96.915,728.55
220.89,226.94,481.14
218,224.39,606.08
215.1,221.84,731.02
217.44,351.87,483.61
214.54,349.32,608.55
211.65,346.77,733.5
349.27,105.41,481.64
346.37,102.86,606.58
343.48,100.31,731.52
345.81,230.34,484.11
342.92,227.79,609.05
340.02,225.24,733.99
342.36,355.26,486.58
339.46,352.71,611.52
336.57,350.16,736.46
98.68,98.238,599.73
100.61,99.083,724.71
102.54,99.928,849.69
99.126,223.24,598.87
101.06,224.08,723.86
102.98,224.93,848.84
99.573,348.23,598.02
101.5,349.08,723
103.43,349.92,847.99
223.66,97.78,597.8
225.59,98.625,722.78
227.52,99.47,847.77
224.11,222.78,596.95
226.04,223.62,721.93
227.97,224.47,846.91
224.56,347.77,596.1
226.49,348.62,721.08
228.41,349.47,846.06
348.65,97.322,595.88
350.58,98.167,720.86
352.5,99.012,845.84
349.09,222.32,595.02
351.02,223.16,720.01
352.95,224.01,844.99
349.54,347.32,594.17
351.47,348.16,719.15
353.4,349.01,844.14
98.67,223.87,99.57
99.475,222.33,224.56
100.28,220.79,349.55
95.305,348.81,101.13
96.11,347.28,226.12
96.915,345.74,351.11
91.94,473.76,102.69
92.745,472.22,227.68
93.55,470.68,352.67
223.62,227.24,98.806
224.42,225.71,223.79
225.23,224.17,348.78
220.25,352.19,100.37
221.06,350.65,225.36
221.87,349.11,350.34
216.89,477.13,101.93
217.69,475.6,226.92
218.5,474.06,351.91
348.57,230.62,98.043
349.38,229.08,223.03
350.18,227.54,348.02
345.2,355.56,99.604
346.01,354.02,224.59
346.81,352.49,349.58
341.84,480.51,101.17
342.64,478.97,226.15
343.45,477.43,351.14
100.2,225.22,225.42
100.07,228.28,350.38
99.938,231.33,475.35
100.98,350.18,222.36
100.85,353.24,347.33
100.72,356.29,472.29
101.76,475.14,219.31
101.63,478.2,344.27
101.5,481.25,469.24
225.2,224.45,225.57
225.07,227.5,350.53
224.94,230.56,475.5
225.98,349.4,222.52
225.85,352.46,347.48
225.72,355.52,472.44
226.76,474.37,219.46
226.63,477.42,344.42
226.5,480.48,469.39
350.2,223.67,225.72
350.07,226.73,350.69
349.94,229.78,475.65
350.98,348.63,222.67
350.85,351.69,347.63
350.72,354.74,472.59
351.76,473.59,219.61
351.63,476.64,344.58
351.5,479.7,469.54
101.64,226.58,349.97
99.205,229.91,474.9
96.77,233.24,599.84
105,351.5,346.71
102.56,354.83,471.64
100.13,358.16,596.57
108.35,476.41,343.44
105.92,479.74,468.38
103.48,483.07,593.31
226.57,223.3,352.49
224.14,226.63,477.43
221.7,229.96,602.36
229.93,348.21,349.23
227.49,351.54,474.16
225.06,354.87,599.09
233.28,473.12,345.97
230.85,476.45,470.9
228.41,479.78,595.83
351.5,220.01,355.02
349.06,223.34,479.95
346.63,226.67,604.88
354.86,344.92,351.75
352.42,348.25,476.69
349.99,351.58,601.62
358.21,469.83,348.49
355.78,473.16,473.42
353.34,476.49,598.35
100.68,225.2,476.35
100.3,224.67,601.35
99.933,224.14,726.34
97.015,350.15,476.87
96.642,349.62,601.86
96.27,349.09,726.86
93.352,475.09,477.39
92.98,474.56,602.38
92.608,474.03,727.38
225.62,228.86,476.74
225.25,228.33,601.73
224.88,227.8,726.73
221.96,353.81,477.25
221.59,353.28,602.25
221.22,352.75,727.25
218.3,478.75,477.77
217.93,478.22,602.77
217.56,477.69,727.77
350.57,232.52,477.12
350.2,231.99,602.12
349.83,231.46,727.11
346.91,357.47,477.64
346.54,356.94,602.64
346.16,356.41,727.63
343.25,482.41,478.16
342.87,481.88,603.16
342.5,481.35,728.15
101.56,226.17,600.18
102.67,223.21,725.14
103.78,220.25,850.1
100.08,351.12,603.15
101.19,348.17,728.11
102.3,345.21,853.07
98.607,476.08,606.12
99.716,473.12,731.08
100.83,470.16,856.04
226.55,227.67,599.1
227.65,224.72,724.06
228.76,221.76,849.02
225.07,352.63,602.08
226.18,349.67,727.04
227.29,346.71,852
223.59,477.59,605.05
224.7,474.63,730.01
225.81,471.67,854.97
351.53,229.18,598.03
352.64,226.22,722.99
353.75,223.26,847.95
350.06,354.13,601
351.16,351.18,725.96
352.27,348.22,850.92
348.58,479.09,603.98
349.69,476.13,728.94
350.8,473.17,853.9
98.98,349.11,98.94
102.19,345.46,223.84
105.4,341.81,348.75
100.5,474.05,102.55
103.71,470.4,227.46
106.92,466.75,352.36
102.02,598.99,106.17
105.23,595.34,231.07
108.44,591.68,355.98
223.93,347.69,95.69
227.14,344.03,220.59
230.35,340.38,345.5
225.45,472.62,99.305
228.66,468.97,224.21
231.87,465.32,349.11
226.97,597.56,102.92
230.18,593.91,227.82
233.39,590.26,352.73
348.88,346.26,92.44
352.09,342.61,217.34
355.29,338.95,342.25
350.4,471.2,96.055
353.61,467.54,220.96
356.82,463.89,345.87
351.92,596.13,99.67
355.13,592.48,224.58
358.34,588.83,349.48
100.7,350.14,224.92
101.86,347.73,349.89
103.03,345.31,474.86
102.64,475.11,227.32
103.81,472.69,352.29
104.97,470.27,477.26
104.58,600.07,229.72
105.75,597.65,354.69
106.91,595.23,479.66
225.68,348.22,223.72
226.84,345.81,348.69
228.01,343.39,473.66
227.62,473.19,226.12
228.78,470.77,351.09
229.95,468.35,476.06
229.56,598.15,228.52
230.73,595.73,353.48
231.89,593.31,478.45
350.66,346.3,222.52
351.82,343.88,347.49
352.99,341.47,472.46
352.6,471.26,224.92
353.76,468.85,349.88
354.93,466.43,474.85
354.54,596.23,227.31
355.71,593.81,352.28
356.87,591.39,477.25
100.47,348.03,350.53
102.8,348.37,475.5
105.13,348.7,600.48
103.8,472.99,350.13
106.13,473.32,475.11
108.46,473.65,600.09
107.13,597.94,349.74
109.46,598.28,474.72
111.79,598.61,599.69
225.41,344.7,348.21
227.74,345.03,473.18
230.07,345.36,598.16
228.74,469.65,347.81
231.06,469.98,472.79
233.4,470.32,597.76
232.07,594.61,347.42
234.4,594.94,472.39
236.73,595.27,597.37
350.34,341.36,345.89
352.67,341.69,470.86
355,342.02,595.84
353.67,466.31,345.49
356,466.64,470.47
358.33,466.98,595.44
357,591.27,345.1
359.33,591.6,470.07
361.66,591.93,595.05
99.737,350.87,474.11
103.34,351.15,599.05
106.94,351.43,724
99.378,475.87,473.84
102.98,476.15,598.79
106.58,476.43,723.73
99.018,600.87,473.57
102.62,601.15,598.52
106.22,601.43,723.47
224.69,351.22,470.5
228.29,351.5,595.45
231.89,351.78,720.4
224.32,476.22,470.24
227.93,476.5,595.18
231.53,476.78,720.13
223.97,601.22,469.97
227.57,601.5,594.91
231.17,601.78,719.86
349.63,351.57,466.9
353.23,351.85,591.85
356.84,352.13,716.79
349.27,476.57,466.63
352.88,476.85,591.58
356.48,477.13,716.53
348.91,601.57,466.36
352.51,601.85,591.31
356.12,602.13,716.26
98.933,350.98,599.65
99.455,348.09,724.61
99.978,345.19,849.58
95.333,475.89,602.55
95.855,473,727.52
96.378,470.11,852.48
91.733,600.81,605.46
92.255,597.91,730.43
92.778,595.02,855.39
223.88,354.59,599.21
224.4,351.7,724.17
224.93,348.8,849.14
220.28,479.5,602.12
220.8,476.61,727.08
221.33,473.72,852.05
216.68,604.42,605.03
217.2,601.52,729.99
217.73,598.63,854.95
348.83,358.2,598.77
349.35,355.31,723.74
349.87,352.41,848.7
345.23,483.12,601.68
345.75,480.22,726.64
346.27,477.33,851.61
341.63,608.03,604.59
342.15,605.13,729.55
342.67,602.24,854.52
98.66,475.6,99.13
100.51,477.7,224.1
102.36,479.79,349.07
98.875,600.58,97.03
100.73,602.68,222
102.58,604.77,346.97
99.09,725.56,94.93
100.94,727.66,219.9
102.79,729.75,344.87
223.64,475.35,97.285
225.5,477.45,222.26
227.34,479.55,347.23
223.86,600.33,95.185
225.71,602.43,220.16
227.56,604.53,345.12
224.08,725.32,93.085
225.93,727.41,218.06
227.78,729.51,343.02
348.63,475.11,95.44
350.48,477.2,220.41
352.33,479.3,345.38
348.85,600.09,93.34
350.69,602.18,218.31
352.55,604.28,343.28
349.06,725.07,91.24
350.91,727.17,216.21
352.76,729.26,341.18
98.562,475.5,225.87
97.577,474.3,350.86
96.592,473.09,475.85
100.63,600.48,227.09
99.65,599.28,352.08
98.665,598.07,477.07
102.71,725.46,228.31
101.72,724.25,353.3
100.74,723.05,478.29
223.54,473.42,226.83
222.56,472.21,351.82
221.57,471.01,476.81
225.61,598.4,228.05
224.63,597.19,353.04
223.64,595.99,478.03
227.69,723.38,229.28
226.7,722.17,354.26
225.72,720.97,479.25
348.52,471.34,227.8
347.53,470.13,352.79
346.55,468.93,477.78
350.59,596.31,229.02
349.61,595.11,354.01
348.62,593.9,479
352.66,721.29,230.24
351.68,720.09,355.23
350.69,718.88,480.22
100.61,474.03,348.89
103.44,471.04,473.82
106.26,468.06,598.75
98.938,598.98,351.92
101.76,596,476.85
104.58,593.01,601.78
97.263,723.93,354.94
100.09,720.95,479.87
102.91,717.96,604.8
225.57,475.77,346.11
228.39,472.79,471.04
231.22,469.8,595.97
223.9,600.73,349.13
226.72,597.74,474.07
229.54,594.75,599
222.22,725.68,352.16
225.04,722.69,477.09
227.87,719.7,602.02
350.53,477.52,343.33
353.35,474.53,468.26
356.17,471.55,593.19
348.85,602.47,346.35
351.68,599.48,471.28
354.5,596.5,596.22
347.18,727.42,349.38
350,724.43,474.31
352.82,721.45,599.24
99.23,473.42,476.69
98.46,474.39,601.68
97.69,475.36,726.68
97.155,598.4,475.7
96.385,599.37,600.7
95.615,600.34,725.69
95.08,723.37,474.72
94.31,724.35,599.71
93.54,725.32,724.7
224.21,475.5,477.44
223.44,476.47,602.43
222.67,477.44,727.43
222.14,600.47,476.46
221.37,601.45,601.45
220.6,602.42,726.44
220.06,725.45,475.47
219.29,726.43,600.46
218.52,727.4,725.46
349.19,477.58,478.19
348.42,478.55,603.19
347.65,479.52,728.18
347.12,602.55,477.21
346.35,603.53,602.2
345.58,604.5,727.19
345.04,727.53,476.22
344.27,728.5,601.21
343.5,729.48,726.21
100.18,473.89,601.47
97.833,472.89,726.44
95.483,471.89,851.41
102.43,598.87,602.51
100.08,597.87,727.48
97.725,596.86,852.46
104.67,723.84,603.56
102.32,722.84,728.53
99.968,721.84,853.5
225.14,471.63,603.8
222.79,470.63,728.77
220.44,469.63,853.74
227.38,596.61,604.84
225.03,595.6,729.82
222.68,594.6,854.79
229.62,721.58,605.89
227.27,720.58,730.86
224.92,719.58,855.83
350.1,469.37,606.13
347.75,468.37,731.11
345.4,467.37,856.08
352.34,594.34,607.18
349.99,593.34,732.15
347.64,592.34,857.12
354.58,719.32,608.22
352.23,718.32,733.19
349.88,717.32,858.17
100.75,598.86,100.94
99.795,601.21,225.92
98.84,603.57,350.89
103.35,723.81,98.609
102.4,726.17,223.58
101.44,728.52,348.56
105.95,848.76,96.272
105,851.12,221.25
104.04,853.47,346.22
225.72,596.27,101.95
224.76,598.63,226.92
223.81,600.99,351.9
228.32,721.23,99.613
227.37,723.58,224.59
226.41,725.94,349.56
230.92,846.18,97.276
229.97,848.53,222.25
229.01,850.89,347.22
350.69,593.69,102.95
349.74,596.05,227.93
348.78,598.4,352.9
353.29,718.64,100.62
352.34,721,225.59
351.38,723.35,350.56
355.89,843.59,98.28
354.94,845.95,223.25
353.98,848.3,348.23
99.022,598.9,225.75
101.8,600.66,350.71
104.58,602.42,475.66
98.6,723.89,224
101.38,725.65,348.95
104.16,727.41,473.91
98.177,848.88,222.25
100.96,850.64,347.2
103.73,852.4,472.16
223.99,599.28,222.97
226.77,601.05,347.92
229.55,602.81,472.88
223.57,724.27,221.22
226.35,726.03,346.17
229.12,727.8,471.13
223.14,849.26,219.46
225.92,851.02,344.42
228.7,852.78,469.38
348.96,599.67,220.18
351.74,601.43,345.14
354.51,603.19,470.09
348.53,724.66,218.43
351.31,726.42,343.39
354.09,728.18,468.34
348.11,849.64,216.68
350.89,851.41,341.64
353.67,853.17,466.59
98.547,602,348.56
98.42,604.72,473.53
98.293,607.44,598.5
95.108,726.92,345.83
94.98,729.64,470.8
94.853,732.36,595.77
91.668,851.84,343.11
91.54,854.56,468.08
91.413,857.28,593.05
223.5,605.44,348.61
223.37,608.16,473.58
223.25,610.88,598.55
220.06,730.36,345.89
219.93,733.08,470.86
219.81,735.8,595.83
216.62,855.29,343.17
216.49,858.01,468.14
216.37,860.73,593.1
348.45,608.88,348.66
348.32,611.6,473.63
348.2,614.32,598.6
345.01,733.81,345.94
344.88,736.53,470.91
344.76,739.25,595.88
341.57,858.73,343.22
341.44,861.45,468.19
341.32,864.17,593.16
100.09,600.54,475.41
100.38,600.95,600.41
100.66,601.36,725.41
96.525,725.49,475.01
96.81,725.9,600
97.095,726.31,725
92.96,850.43,474.6
93.245,850.85,599.6
93.53,851.26,724.6
225.04,604.1,475.11
225.33,604.51,600.11
225.61,604.93,725.11
221.48,729.05,474.71
221.76,729.46,599.71
222.05,729.88,724.71
217.91,854,474.31
218.2,854.41,599.3
218.48,854.82,724.3
349.99,607.67,474.82
350.28,608.08,599.82
350.56,608.49,724.81
346.43,732.62,474.41
346.71,733.03,599.41
347,733.44,724.41
342.86,857.57,474.01
343.15,857.98,599.01
343.43,858.39,724.01
101.59,601.18,601.06
98.506,598.99,726
95.425,596.79,850.94
99.109,726.13,603.19
96.028,723.94,728.13
92.946,721.75,853.07
96.63,851.09,605.32
93.549,848.9,730.26
90.468,846.7,855.21
226.52,603.6,604.18
223.44,601.41,729.12
220.36,599.21,854.07
224.04,728.56,606.31
220.96,726.37,731.26
217.88,724.17,856.2
221.57,853.52,608.45
218.49,851.32,733.39
215.4,849.13,858.33
351.46,606.03,607.31
348.38,603.83,732.25
345.3,601.64,857.19
348.98,730.98,609.44
345.9,728.79,734.38
342.82,726.6,859.32
346.5,855.94,611.57
343.42,853.75,736.52
340.34,851.55,861.46
226.76,99.993,99.44
223.26,96.954,224.35
219.76,93.915,349.27
224.77,224.94,102.42
221.26,221.9,227.33
217.76,218.86,352.25
222.77,349.89,105.4
219.27,346.85,230.31
215.76,343.81,355.23
351.7,101.91,102.99
348.2,98.868,227.9
344.69,95.829,352.82
349.7,226.86,105.97
346.2,223.82,230.88
342.7,220.78,355.8
347.7,351.8,108.95
344.2,348.77,233.86
340.7,345.73,358.78
476.63,103.82,106.54
473.13,100.78,231.45
469.63,97.743,356.37
474.64,228.77,109.52
471.13,225.73,234.43
467.63,222.69,359.35
472.64,353.72,112.5
469.13,350.68,237.42
465.63,347.64,362.33
226.89,98.81,223.43
228.57,98.331,348.41
230.24,97.853,473.4
225.83,223.8,223.92
227.51,223.33,348.91
229.18,222.85,473.9
224.77,348.8,224.42
226.44,348.32,349.4
228.12,347.84,474.39
351.87,99.876,221.75
353.55,99.398,346.74
355.23,98.919,471.73
350.81,224.87,222.25
352.49,224.39,347.24
354.17,223.91,472.22
349.75,349.86,222.74
351.43,349.38,347.73
353.1,348.91,472.72
476.86,100.94,220.08
478.53,100.46,345.07
480.21,99.985,470.06
475.8,225.94,220.58
477.47,225.46,345.56
479.15,224.98,470.55
474.74,350.93,221.07
476.41,350.45,346.06
478.09,349.97,471.05
223.85,100.7,350.39
223.42,103.28,475.37
222.99,105.85,600.34
221.86,225.66,347.81
221.44,228.24,472.78
221.01,230.81,597.76
219.88,350.62,345.23
219.46,353.2,470.2
219.03,355.77,595.18
348.83,102.69,350.78
348.4,105.27,475.75
347.98,107.84,600.73
346.85,227.65,348.2
346.42,230.23,473.17
346,232.8,598.14
344.87,352.61,345.62
344.44,355.19,470.59
344.01,357.76,595.56
473.81,104.68,351.16
473.39,107.25,476.14
472.96,109.83,601.11
471.83,229.64,348.58
471.41,232.21,473.56
470.98,234.79,598.53
469.85,354.6,346
469.42,357.18,470.98
469,359.75,595.95
224.72,99.4,474.22
221.47,99.04,599.18
218.21,98.68,724.13
226,224.39,474.62
222.75,224.03,599.57
219.49,223.67,724.53
227.28,349.38,475.01
224.03,349.02,599.97
220.77,348.66,724.92
349.67,98.11,477.48
346.41,97.75,602.43
343.16,97.39,727.39
350.95,223.1,477.87
347.69,222.74,602.83
344.44,222.38,727.78
352.23,348.09,478.26
348.97,347.73,603.22
345.72,347.37,728.18
474.62,96.82,480.73
471.37,96.46,605.69
468.11,96.1,730.64
475.9,221.81,481.12
472.64,221.45,606.08
469.39,221.09,731.04
477.18,346.8,481.52
473.92,346.44,606.47
470.67,346.08,731.43
226.66,99.74,599.34
224.16,96.075,724.26
221.67,92.41,849.19
223.77,224.66,602.95
221.28,220.99,727.87
218.78,217.33,852.79
220.88,349.57,606.56
218.39,345.91,731.48
215.89,342.24,856.4
351.6,102.55,601.92
349.11,98.89,726.84
346.61,95.225,851.76
348.71,227.47,605.53
346.22,223.81,730.45
343.72,220.14,855.37
345.82,352.39,609.13
343.33,348.72,734.06
340.84,345.06,858.98
476.54,105.37,604.5
474.05,101.7,729.42
471.55,98.04,854.34
473.65,230.28,608.1
471.16,226.62,733.03
468.67,222.96,857.95
470.77,355.2,611.71
468.27,351.54,736.63
465.78,347.87,861.56
226.37,226.98,99.843
223.88,227.27,224.82
221.39,227.55,349.79
223.63,351.95,99.5
221.14,352.23,224.47
218.65,352.52,349.45
220.89,476.91,99.158
218.4,477.2,224.13
215.91,477.49,349.11
351.31,229.72,102.33
348.82,230.01,227.3
346.33,230.3,352.27
348.57,354.69,101.98
346.08,354.98,226.96
343.59,355.27,351.93
345.83,479.66,101.64
343.34,479.95,226.61
340.86,480.23,351.59
476.26,232.47,104.81
473.77,232.75,229.78
471.28,233.04,354.76
473.52,357.43,104.47
471.03,357.72,229.44
468.54,358.01,354.41
470.78,482.4,104.12
468.29,482.69,229.1
465.8,482.98,354.07
226.92,223.02,224.28
225.47,226.37,349.23
224.02,229.71,474.17
228.45,347.97,220.95
227,351.31,345.9
225.55,354.66,470.85
229.98,472.91,217.63
228.53,476.26,342.57
227.08,479.6,467.52
351.9,221.53,225.77
350.45,224.88,350.72
349,228.22,475.66
353.43,346.48,222.45
351.98,349.82,347.39
350.53,353.17,472.34
354.96,471.42,219.12
353.51,474.77,344.06
352.06,478.11,469.01
476.89,220.04,227.26
475.43,223.39,352.21
473.98,226.73,477.16
478.42,344.99,223.94
476.96,348.33,348.88
475.51,351.68,473.83
479.95,469.93,220.61
478.5,473.28,345.56
477.04,476.62,470.5
224.87,223.1,349.08
227.95,222.92,474.04
231.04,222.74,599
221.81,348.06,349.33
224.89,347.88,474.29
227.97,347.7,599.26
218.74,473.02,349.59
221.83,472.84,474.55
224.91,472.67,599.51
349.79,226.17,346
352.88,225.99,470.96
355.96,225.81,595.92
346.73,351.13,346.25
349.81,350.95,471.22
352.9,350.77,596.18
343.67,476.09,346.51
346.75,475.91,471.47
349.83,475.73,596.43
474.72,229.24,342.92
477.8,229.06,467.88
480.88,228.88,592.85
471.65,354.2,343.18
474.74,354.02,468.14
477.82,353.84,593.1
468.59,479.16,343.43
471.67,478.98,468.4
474.76,478.8,593.36
225.23,225.34,476.42
223.41,228.39,601.37
221.58,231.44,726.32
227.16,350.29,473.39
225.34,353.34,598.34
223.52,356.39,723.29
229.1,475.23,470.37
227.27,478.29,595.32
225.45,481.34,720.27
350.2,223.45,478.29
348.38,226.5,603.24
346.55,229.55,728.19
352.14,348.4,475.26
350.31,351.45,600.21
348.49,354.5,725.16
354.07,473.34,472.24
352.25,476.4,597.19
350.42,479.45,722.14
475.17,221.56,480.16
473.35,224.61,605.11
471.53,227.66,730.06
477.11,346.5,477.14
475.28,349.56,602.09
473.46,352.61,727.03
479.04,471.45,474.11
477.22,474.5,599.06
475.39,477.56,724.01
225.12,223.97,600.48
225.89,223.24,725.48
226.65,222.51,850.48
225.49,348.97,601.21
226.26,348.24,726.21
227.02,347.51,851.21
225.86,473.97,601.94
226.62,473.24,726.94
227.39,472.5,851.94
350.12,223.61,599.71
350.88,222.88,724.71
351.65,222.15,849.71
350.49,348.61,600.44
351.25,347.88,725.44
352.02,347.14,850.44
350.86,473.61,601.17
351.62,472.87,726.17
352.38,472.14,851.17
475.11,223.25,598.95
475.88,222.51,723.94
476.64,221.78,848.94
475.48,348.24,599.68
476.25,347.51,724.67
477.01,346.78,849.67
475.85,473.24,600.41
476.62,472.51,725.4
477.38,471.78,850.4
225.61,351.5,99.682
222.46,354.22,224.61
219.31,356.93,349.55
225.31,476.47,96.962
222.16,479.19,221.89
219.01,481.9,346.83
225,601.44,94.242
221.85,604.16,219.17
218.7,606.87,344.11
350.57,351.87,102.82
347.42,354.59,227.76
344.27,357.31,352.69
350.27,476.84,100.1
347.12,479.56,225.04
343.97,482.28,349.97
349.96,601.82,97.385
346.81,604.53,222.32
343.66,607.25,347.25
475.53,352.25,105.97
472.38,354.96,230.9
469.23,357.68,355.83
475.23,477.22,103.25
472.08,479.93,228.18
468.93,482.65,353.11
474.92,602.19,100.53
471.77,604.9,225.46
468.62,607.62,350.39
224.95,350.11,223.73
225.36,351.03,348.73
225.77,351.96,473.72
223.03,475.09,222.81
223.45,476.02,347.81
223.86,476.94,472.8
221.12,600.07,221.89
221.53,601,346.89
221.94,601.92,471.88
349.93,352.02,223.31
350.34,352.94,348.31
350.75,353.87,473.3
348.02,477,222.39
348.43,477.93,347.39
348.84,478.85,472.38
346.1,601.98,221.47
346.51,602.91,346.47
346.93,603.83,471.46
474.92,353.93,222.89
475.33,354.86,347.88
475.74,355.78,472.88
473,478.91,221.97
473.41,479.84,346.97
473.82,480.76,471.96
471.09,603.89,221.05
471.5,604.82,346.05
471.91,605.74,471.04
223.31,351.74,351.2
222.41,354.42,476.16
221.52,357.09,601.13
219.91,476.67,348.5
219.02,479.34,473.47
218.12,482.02,598.43
216.52,601.59,345.8
215.62,604.27,470.77
214.73,606.94,595.74
348.26,355.15,352.02
347.36,357.83,476.98
346.47,360.51,601.95
344.86,480.08,349.32
343.97,482.76,474.29
343.07,485.43,599.25
341.47,605.01,346.62
340.57,607.68,471.59
339.68,610.36,596.56
473.21,358.57,352.84
472.31,361.24,477.81
471.42,363.92,602.77
469.81,483.49,350.14
468.92,486.17,475.11
468.02,488.85,600.08
466.42,608.42,347.44
465.52,611.1,472.41
464.63,613.77,597.38
224.51,348.72,473.5
224.8,351.29,598.47
225.08,353.87,723.45
220.87,473.64,470.93
221.16,476.22,595.91
221.44,478.79,720.88
217.23,598.56,468.37
217.52,601.14,593.34
217.8,603.71,718.32
349.45,352.36,473.14
349.74,354.93,598.11
350.03,357.51,723.09
345.81,477.28,470.57
346.1,479.85,595.55
346.39,482.43,720.52
342.18,602.2,468.01
342.46,604.78,592.98
342.75,607.35,717.96
474.4,355.99,472.78
474.68,358.57,597.75
474.97,361.14,722.73
470.76,480.91,470.22
471.04,483.49,595.19
471.33,486.07,720.16
467.12,605.84,467.65
467.4,608.41,592.63
467.69,610.99,717.6
224.52,348.7,599.91
221.86,348.59,724.88
219.19,348.47,849.85
221.84,473.67,599.97
219.17,473.56,724.94
216.5,473.44,849.91
219.15,598.64,600.03
216.49,598.53,725
213.82,598.41,849.97
349.47,351.38,602.58
346.8,351.27,727.55
344.13,351.16,852.52
346.78,476.36,602.64
344.11,476.24,727.61
341.45,476.13,852.58
344.1,601.33,602.7
341.43,601.21,727.66
338.76,601.1,852.63
474.41,354.07,605.25
471.74,353.95,730.22
469.07,353.84,855.19
471.72,479.04,605.31
469.06,478.92,730.28
466.39,478.81,855.25
469.04,604.01,605.36
466.37,603.89,730.33
463.7,603.78,855.3
225.6,474.4,98.907
223.13,473.04,223.87
220.65,471.67,348.84
228.54,599.36,100.33
226.07,598,225.3
223.59,596.63,350.26
231.48,724.32,101.75
229.01,722.95,226.72
226.53,721.59,351.69
350.54,471.43,101.35
348.06,470.07,226.32
345.59,468.7,351.28
353.48,596.39,102.77
351,595.03,227.74
348.53,593.66,352.71
356.42,721.35,104.2
353.95,719.99,229.16
351.47,718.62,354.13
475.48,468.46,103.79
473,467.1,228.76
470.53,465.73,353.73
478.42,593.42,105.22
475.94,592.06,230.18
473.47,590.69,355.15
481.36,718.38,106.64
478.88,717.02,231.61
476.41,715.65,356.57
224.09,474.12,223.68
220.41,475.11,348.62
216.73,476.1,473.57
226.64,599.09,222.76
222.96,600.08,347.71
219.29,601.08,472.65
229.19,724.06,221.85
225.52,725.06,346.79
221.84,726.05,471.73
349.01,471.59,227.38
345.33,472.59,352.32
341.65,473.58,477.26
351.56,596.57,226.46
347.88,597.56,351.4
344.21,598.55,476.35
354.11,721.54,225.55
350.44,722.53,350.49
346.76,723.52,475.43
473.93,469.07,231.08
470.25,470.06,356.02
466.57,471.05,480.96
476.48,594.04,230.16
472.8,595.03,355.1
469.12,596.03,480.04
479.03,719.01,229.24
475.35,720,354.19
471.68,721,479.13
224.55,474.78,349.49
228.02,472.75,474.42
231.48,470.71,599.36
227.49,599.73,351.44
230.95,597.7,476.38
234.42,595.66,601.31
230.43,724.68,353.4
233.89,722.65,478.33
237.36,720.61,603.27
349.47,471.9,345.98
352.94,469.87,470.91
356.4,467.83,595.85
352.41,596.85,347.94
355.87,594.82,472.87
359.34,592.78,597.8
355.35,721.8,349.89
358.81,719.76,474.82
362.28,717.73,599.76
474.39,469.02,342.47
477.85,466.99,467.41
481.32,464.95,592.34
477.33,593.97,344.43
480.79,591.93,469.36
484.26,589.9,594.3
480.27,718.92,346.38
483.73,716.88,471.32
487.19,714.85,596.25
224.07,473.92,475.12
226.46,476.57,600.07
228.85,479.21,725.02
223.85,598.89,472.48
226.24,601.54,597.43
228.63,604.18,722.38
223.63,723.87,469.84
226.02,726.51,594.79
228.41,729.15,719.73
349.05,474.09,472.73
351.44,476.74,597.67
353.83,479.38,722.62
348.83,599.06,470.08
351.22,601.71,595.03
353.61,604.35,719.98
348.61,724.03,467.44
351,726.68,592.39
353.39,729.32,717.34
474.02,474.26,470.33
476.41,476.9,595.28
478.8,479.55,720.23
473.8,599.23,467.69
476.19,601.88,592.64
478.58,604.52,717.59
473.58,724.2,465.05
475.97,726.85,590
478.36,729.49,714.95
224.39,476.73,598.73
227.21,473.32,723.65
230.02,469.91,848.57
224.74,601.68,602.13
227.55,598.27,727.05
230.37,594.86,851.97
225.08,726.64,605.53
227.9,723.23,730.46
230.71,719.82,855.38
349.36,476.46,595.9
352.17,473.05,720.82
354.99,469.64,845.75
349.7,601.41,599.31
352.52,598,724.23
355.34,594.6,849.15
350.05,726.37,602.71
352.87,722.96,727.63
355.68,719.55,852.55
474.33,476.19,593.08
477.14,472.78,718
479.96,469.37,842.92
474.67,601.14,596.48
477.49,597.74,721.4
480.3,594.33,846.33
475.02,726.1,599.89
477.83,722.69,724.81
480.65,719.28,849.73
223.52,599.35,98.392
221.97,600.59,223.38
220.42,601.83,348.36
221.54,724.33,97.126
219.99,725.57,222.11
218.43,726.81,347.09
219.55,849.3,95.86
218,850.55,220.84
216.45,851.79,345.83
348.49,601.35,99.926
346.94,602.59,224.91
345.39,603.83,349.89
346.51,726.33,98.66
344.96,727.57,223.64
343.41,728.81,348.63
344.53,851.3,97.394
342.98,852.55,222.38
341.42,853.79,347.36
473.47,603.35,101.46
471.92,604.59,226.44
470.37,605.83,351.43
471.48,728.33,100.19
469.93,729.57,225.18
468.38,730.81,350.16
469.5,853.3,98.928
467.95,854.55,223.91
466.4,855.79,348.9
226.79,600.63,224.84
226.6,603.25,349.81
226.42,605.87,474.78
224.19,725.58,222.22
224,728.2,347.19
223.82,730.82,472.16
221.58,850.52,219.6
221.4,853.14,344.57
221.21,855.76,469.54
351.76,603.24,224.97
351.58,605.86,349.94
351.39,608.48,474.91
349.16,728.18,222.35
348.97,730.8,347.32
348.79,733.42,472.29
346.56,853.12,219.73
346.37,855.75,344.7
346.19,858.37,469.67
476.73,605.84,225.1
476.55,608.46,350.07
476.36,611.08,475.04
474.13,730.78,222.48
473.95,733.4,347.45
473.76,736.03,472.42
471.53,855.73,219.86
471.34,858.35,344.83
471.16,860.97,469.8
224.17,600.7,349.18
226.49,598.87,474.14
228.81,597.03,599.11
223.41,725.69,351.02
225.73,723.85,475.99
228.06,722.02,600.95
222.66,850.67,352.87
224.98,848.84,477.83
227.3,847,602.8
349.14,601.49,346.87
351.47,599.66,471.83
353.79,597.82,596.8
348.39,726.48,348.72
350.71,724.64,473.68
353.03,722.81,598.64
347.63,851.46,350.56
349.96,849.63,475.52
352.28,847.79,600.49
474.12,602.28,344.56
476.44,600.45,469.52
478.77,598.61,594.49
473.37,727.27,346.41
475.69,725.43,471.37
478.01,723.6,596.33
472.61,852.25,348.25
474.94,850.42,473.22
477.26,848.58,598.18
225.45,599.04,476.44
223.81,600.94,601.41
222.18,602.84,726.39
227.98,724,474.57
226.34,725.9,599.54
224.71,727.8,724.52
230.51,848.96,472.7
228.87,850.86,597.67
227.23,852.77,722.65
350.42,596.54,478.11
348.78,598.44,603.09
347.14,600.34,728.06
352.94,721.5,476.25
351.31,723.4,601.22
349.67,725.3,726.19
355.47,846.46,474.38
353.83,848.36,599.35
352.2,850.26,724.32
475.38,594.04,479.79
473.74,595.94,604.76
472.11,597.84,729.74
477.91,719,477.92
476.27,720.9,602.89
474.63,722.8,727.87
480.44,843.96,476.05
478.8,845.86,601.03
477.16,847.76,726
225.04,601.89,600.64
225.1,598.36,725.59
225.16,594.83,850.54
226.71,726.83,604.17
226.77,723.3,729.12
226.83,719.77,854.07
228.38,851.77,607.7
228.44,848.24,732.65
228.5,844.71,857.6
350.03,600.22,600.53
350.09,596.69,725.48
350.15,593.16,850.43
351.7,725.16,604.06
351.76,721.63,729.01
351.82,718.1,853.96
353.37,850.1,607.6
353.43,846.57,732.54
353.49,843.04,857.49
475.02,598.55,600.43
475.08,595.02,725.38
475.14,591.5,850.33
476.69,723.49,603.96
476.75,719.96,728.91
476.81,716.43,853.86
478.36,848.43,607.49
478.42,844.9,732.44
478.48,841.37,857.39
350.57,101.89,100.51
348.72,101.61,225.49
346.86,101.33,350.48
352.65,226.87,100.82
350.79,226.59,225.8
348.94,226.31,350.79
354.72,351.85,101.13
352.87,351.57,226.11
351.01,351.29,351.1
475.54,99.809,102.36
473.69,99.528,227.34
471.83,99.246,352.33
477.62,224.79,102.67
475.76,224.51,227.65
473.91,224.23,352.64
479.69,349.77,102.98
477.84,349.49,227.96
475.98,349.21,352.95
600.51,97.727,104.21
598.65,97.446,229.2
596.8,97.165,354.18
602.59,222.71,104.52
600.73,222.43,229.51
598.88,222.15,354.49
604.66,347.69,104.83
602.81,347.41,229.82
600.95,347.13,354.8
348.31,101.14,225.82
346.09,102.77,350.79
343.88,104.39,475.76
350.79,226.11,224.24
348.57,227.73,349.21
346.36,229.36,474.18
353.26,351.07,222.66
351.05,352.7,347.63
348.84,354.32,472.6
473.26,98.69,228.06
471.05,100.32,353.03
468.84,101.94,478
475.74,223.66,226.49
473.53,225.28,351.46
471.32,226.91,476.43
478.22,348.62,224.91
476.01,350.25,349.88
473.79,351.87,474.85
598.22,96.24,230.31
596.01,97.865,355.28
593.79,99.49,480.25
600.7,221.21,228.73
598.49,222.83,353.7
596.27,224.46,478.67
603.18,346.17,227.15
600.96,347.8,352.12
598.75,349.42,477.09
349.26,98.093,348.3
348.25,100.26,473.27
347.25,102.42,598.25
349.19,223.08,346.13
348.18,225.24,471.11
347.18,227.4,596.08
349.12,348.06,343.97
348.11,350.22,468.94
347.11,352.38,593.92
474.25,98.18,349.3
473.25,100.34,474.28
472.24,102.5,599.25
474.19,223.16,347.14
473.18,225.33,472.11
472.17,227.49,597.09
474.12,348.15,344.97
473.11,350.31,469.95
472.1,352.47,594.92
599.25,98.267,350.31
598.24,100.43,475.28
597.24,102.59,600.26
599.18,223.25,348.14
598.18,225.41,473.12
597.17,227.57,598.09
599.11,348.23,345.98
598.11,350.4,470.95
597.1,352.56,595.93
349.08,100.74,475.14
351.7,98.56,600.09
354.31,96.38,725.04
349.59,225.72,477.31
352.21,223.54,602.26
354.82,221.36,727.21
350.1,350.7,479.48
352.72,348.52,604.43
355.33,346.34,729.38
474.05,100.28,472.51
476.66,98.095,597.47
479.28,95.915,722.42
474.56,225.26,474.69
477.18,223.08,599.64
479.79,220.9,724.59
475.07,350.24,476.86
477.69,348.06,601.81
480.3,345.88,726.76
599.02,99.81,469.89
601.63,97.63,594.84
604.25,95.45,719.8
599.53,224.79,472.06
602.14,222.61,597.01
604.76,220.43,721.97
600.04,349.77,474.23
602.65,347.59,599.18
605.27,345.41,724.14
349.31,99.12,599.75
351.91,102.46,724.68
354.5,105.79,849.61
352.56,224.03,596.35
355.16,227.37,721.28
357.76,230.7,846.2
355.82,348.94,592.95
358.42,352.28,717.87
361.02,355.61,842.8
474.24,95.795,597.24
476.84,99.13,722.17
479.44,102.46,847.1
477.49,220.71,593.84
480.09,224.04,718.77
482.69,227.38,843.69
480.75,345.62,590.44
483.35,348.95,715.36
485.95,352.29,840.29
599.17,92.47,594.73
601.77,95.805,719.66
604.37,99.14,844.59
602.43,217.38,591.33
605.02,220.71,716.26
607.62,224.05,841.18
605.68,342.29,587.93
608.28,345.62,712.85
610.88,348.96,837.78
350.86,223.02,98.82
352.27,222.2,223.81
353.69,221.37,348.8
352.97,348,99.615
354.39,347.18,224.6
355.81,346.35,349.59
355.09,472.98,100.41
356.51,472.16,225.4
357.92,471.33,350.39
475.83,220.91,97.39
477.25,220.09,222.38
478.66,219.26,347.37
477.95,345.89,98.185
479.36,345.07,223.18
480.78,344.24,348.17
480.06,470.87,98.98
481.48,470.05,223.97
482.9,469.22,348.96
600.8,218.8,95.96
602.22,217.97,220.95
603.64,217.15,345.94
602.92,343.78,96.755
604.34,342.95,221.75
605.75,342.13,346.74
605.04,468.76,97.55
606.45,467.94,222.54
607.87,467.11,347.53
351.9,223.67,226.86
351.31,223.76,351.85
350.71,223.85,476.85
352.16,348.67,226.76
351.57,348.76,351.76
350.97,348.85,476.76
352.42,473.67,226.67
351.83,473.76,351.67
351.23,473.85,476.67
476.9,223.41,227.45
476.31,223.5,352.45
475.71,223.59,477.45
477.16,348.41,227.36
476.57,348.5,352.36
475.97,348.59,477.35
477.42,473.41,227.27
476.83,473.5,352.26
476.23,473.59,477.26
601.9,223.15,228.05
601.31,223.24,353.04
600.71,223.33,478.04
602.16,348.15,227.95
601.57,348.24,352.95
600.97,348.33,477.95
602.42,473.15,227.86
601.83,473.24,352.86
601.23,473.33,477.86
348.61,224.7,349.25
349.37,225.93,474.24
350.13,227.15,599.23
348.14,349.7,348.02
348.9,350.92,473.02
349.66,352.15,598.01
347.68,474.69,346.8
348.44,475.92,471.79
349.2,477.14,596.79
473.6,225.16,348.49
474.36,226.38,473.48
475.12,227.61,598.47
473.14,350.15,347.26
473.9,351.38,472.25
474.66,352.6,597.25
472.68,475.15,346.04
473.44,476.37,471.03
474.19,477.6,596.02
598.6,225.61,347.72
599.36,226.84,472.72
600.12,228.06,597.71
598.14,350.61,346.5
598.89,351.83,471.49
599.65,353.06,596.48
597.67,475.6,345.28
598.43,476.83,470.27
599.19,478.05,595.26
350.42,225.84,474.45
350.9,222.6,599.4
351.39,219.36,724.36
352.8,350.77,477.68
353.29,347.53,602.63
353.77,344.29,727.59
355.19,475.71,480.91
355.67,472.47,605.86
356.16,469.23,730.82
475.39,223.46,473.9
475.88,220.22,598.86
476.36,216.98,723.81
477.78,348.4,477.13
478.26,345.16,602.09
478.75,341.92,727.04
480.16,473.33,480.36
480.65,470.1,605.32
481.14,466.86,730.27
600.37,221.09,473.36
600.85,217.85,598.31
601.34,214.61,723.27
602.75,346.02,476.59
603.24,342.78,601.54
603.73,339.55,726.5
605.14,470.96,479.82
605.63,467.72,604.77
606.11,464.48,729.73
348.33,226.19,598.1
347.43,229.63,723.05
346.53,233.07,848
349.63,351.13,594.68
348.73,354.57,719.63
347.83,358.01,844.58
350.94,476.08,591.25
350.04,479.52,716.2
349.13,482.96,841.15
473.32,224.91,599.04
472.42,228.35,723.99
471.52,231.79,848.94
474.62,349.86,595.62
473.72,353.29,720.57
472.82,356.73,845.51
475.93,474.8,592.19
475.03,478.24,717.14
474.12,481.68,842.09
598.31,223.63,599.98
597.41,227.07,724.93
596.51,230.51,849.88
599.62,348.58,596.56
598.71,352.01,721.5
597.81,355.45,846.45
600.92,473.52,593.13
600.01,476.96,718.08
599.11,480.4,843.03
349.94,349.66,100.32
347.96,350.22,225.3
345.98,350.77,350.29
348.87,474.66,99.752
346.89,475.21,224.73
344.91,475.76,349.72
347.79,599.65,99.182
345.81,600.2,224.16
343.83,600.76,349.15
474.92,350.74,102.3
472.94,351.3,227.28
470.96,351.85,352.26
473.85,475.74,101.73
471.87,476.29,226.71
469.89,476.85,351.69
472.77,600.73,101.16
470.79,601.28,226.14
468.81,601.84,351.12
599.9,351.82,104.28
597.92,352.38,229.26
595.94,352.93,354.24
598.83,476.82,103.71
596.85,477.37,228.69
594.87,477.93,353.67
597.75,601.81,103.14
595.77,602.37,228.12
593.79,602.92,353.1
348.29,348.67,224.35
350.78,350.89,349.3
353.27,353.11,474.26
350.32,473.64,222.09
352.82,475.85,347.04
355.31,478.07,472
352.36,598.6,219.83
354.85,600.82,344.79
357.34,603.03,469.74
473.25,346.59,221.89
475.74,348.81,346.85
478.23,351.03,471.81
475.28,471.56,219.63
477.77,473.77,344.59
480.27,475.99,469.55
477.31,596.52,217.38
479.81,598.74,342.33
482.3,600.95,467.29
598.2,344.51,219.44
600.7,346.73,344.4
603.19,348.95,469.35
600.24,469.47,217.18
602.73,471.69,342.14
605.22,473.91,467.09
602.27,594.44,214.92
604.77,596.65,339.88
607.26,598.87,464.83
350.68,350.9,349.49
353,350.14,474.46
355.33,349.38,599.44
348.33,475.88,350.29
350.65,475.12,475.27
352.97,474.36,600.24
345.97,600.85,351.1
348.3,600.09,476.07
350.62,599.33,601.05
475.64,353.27,347.18
477.96,352.51,472.15
480.28,351.75,597.13
473.28,478.25,347.99
475.61,477.49,472.96
477.93,476.73,597.93
470.93,603.22,348.79
473.25,602.46,473.77
475.58,601.7,598.74
600.59,355.64,344.87
602.92,354.88,469.85
605.24,354.12,594.82
598.24,480.62,345.68
600.56,479.86,470.65
602.89,479.1,595.63
595.88,605.59,346.48
598.21,604.83,471.46
600.53,604.07,596.43
350.03,350.59,475.39
347.74,353.53,600.33
345.44,356.48,725.28
353.56,475.51,472.51
351.27,478.45,597.45
348.98,481.39,722.4
357.1,600.42,469.63
354.81,603.37,594.58
352.51,606.31,719.52
474.96,347.11,477.77
472.66,350.05,602.71
470.37,353,727.65
478.5,472.03,474.89
476.2,474.97,599.83
473.91,477.91,724.78
482.03,596.94,472.01
479.74,599.89,596.96
477.44,602.83,721.9
599.89,343.63,480.14
597.59,346.57,605.09
595.3,349.52,730.03
603.42,468.54,477.27
601.13,471.49,602.21
598.84,474.43,727.15
606.96,593.46,474.39
604.67,596.4,599.33
602.37,599.35,724.28
349.68,348.49,600.5
348.6,345.36,725.46
347.52,342.23,850.41
350.79,473.44,603.64
349.71,470.31,728.59
348.63,467.19,853.55
351.9,598.4,606.78
350.82,595.27,731.73
349.74,592.14,856.69
474.67,347.35,601.55
473.59,344.23,726.51
472.51,341.1,851.46
475.78,472.31,604.69
474.7,469.18,729.65
473.62,466.05,854.6
476.89,597.26,607.83
475.81,594.13,732.78
474.73,591,857.74
599.66,346.22,602.6
598.58,343.09,727.56
597.5,339.96,852.51
600.77,471.17,605.74
599.69,468.04,730.7
598.61,464.91,855.65
601.88,596.13,608.88
600.8,593,733.84
599.72,589.87,858.79
349.97,475.46,100.85
348.56,472.83,225.81
347.14,470.2,350.78
348.2,600.42,103.46
346.79,597.79,228.42
345.37,595.16,353.39
346.44,725.38,106.07
345.02,722.75,231.03
343.6,720.12,356
474.95,477.2,102.3
473.53,474.57,227.27
472.12,471.94,352.23
473.18,602.16,104.92
471.77,599.53,229.88
470.35,596.9,354.84
471.41,727.12,107.53
470,724.49,232.49
468.58,721.86,357.46
599.93,478.94,103.76
598.51,476.3,228.72
597.1,473.67,353.69
598.16,603.9,106.37
596.74,601.26,231.34
595.33,598.63,356.3
596.39,728.86,108.98
594.98,726.23,233.95
593.56,723.59,358.91
348.74,475.48,225.12
349.64,472.56,350.09
350.54,469.65,475.05
348.45,600.45,228.04
349.35,597.53,353.01
350.25,594.61,477.97
348.15,725.41,230.96
349.05,722.5,355.93
349.95,719.58,480.89
473.74,475.8,224.23
474.64,472.88,349.2
475.54,469.96,474.16
473.44,600.76,227.15
474.34,597.85,352.12
475.24,594.93,477.08
473.15,725.73,230.07
474.05,722.81,355.03
474.95,719.9,480
598.73,476.11,223.34
599.63,473.2,348.31
600.53,470.28,473.27
598.43,601.08,226.26
599.34,598.16,351.22
600.24,595.25,476.19
598.14,726.04,229.18
599.04,723.13,354.14
599.94,720.21,479.11
349.24,475.54,350.39
349.87,477.36,475.37
350.51,479.18,600.36
352.61,600.48,348.56
353.25,602.3,473.54
353.88,604.12,598.52
355.98,725.42,346.72
356.62,727.24,471.7
357.25,729.06,596.69
474.19,472.16,349.8
474.83,473.98,474.79
475.46,475.8,599.77
477.56,597.1,347.97
478.2,598.92,472.95
478.83,600.74,597.94
480.94,722.04,346.14
481.57,723.86,471.12
482.2,725.68,596.1
599.15,468.78,349.22
599.78,470.6,474.2
600.41,472.42,599.19
602.52,593.72,347.39
603.15,595.54,472.37
603.79,597.36,597.35
605.89,718.66,345.55
606.52,720.48,470.53
607.16,722.3,595.52
350.97,473.93,476.3
348.77,472.85,601.27
346.58,471.77,726.25
353.15,598.91,477.42
350.96,597.83,602.39
348.76,596.75,727.37
355.34,723.88,478.54
353.14,722.8,603.51
350.95,721.72,728.49
475.93,471.73,478.47
473.74,470.65,603.45
471.54,469.57,728.42
478.12,596.71,479.59
475.92,595.63,604.57
473.72,594.55,729.54
480.3,721.68,480.71
478.1,720.6,605.69
475.91,719.52,730.66
600.89,469.53,480.65
598.7,468.45,605.62
596.5,467.37,730.6
603.08,594.5,481.77
600.88,593.42,606.75
598.68,592.35,731.72
605.26,719.48,482.89
603.06,718.4,607.87
600.87,717.32,732.84
351.54,473.07,600.54
355.19,471.3,725.47
358.84,469.52,850.4
354.64,598.02,602.22
358.29,596.25,727.15
361.94,594.47,852.09
357.74,722.97,603.91
361.39,721.2,728.84
365.04,719.42,853.77
476.45,470.02,596.85
480.1,468.25,721.78
483.75,466.47,846.71
479.55,594.97,598.53
483.2,593.2,723.46
486.85,591.42,848.39
482.65,719.92,600.21
486.3,718.15,725.14
489.95,716.37,850.08
601.35,466.97,593.15
605.01,465.19,718.08
608.66,463.42,843.01
604.45,591.92,594.84
608.11,590.14,719.77
611.76,588.37,844.7
607.55,716.87,596.52
611.2,715.1,721.45
614.86,713.32,846.38
348.02,599.4,101.13
349.93,602.09,226.08
351.84,604.78,351.04
345.07,724.34,98.485
346.99,727.03,223.44
348.9,729.72,348.39
342.13,849.28,95.84
344.05,851.97,220.8
345.96,854.66,345.75
472.97,602.3,99.155
474.88,604.99,224.11
476.79,607.68,349.06
470.02,727.24,96.51
471.94,729.93,221.47
473.85,732.62,346.42
467.08,852.18,93.865
469,854.87,218.82
470.91,857.56,343.78
597.92,605.2,97.18
599.83,607.89,222.13
601.74,610.58,347.09
594.97,730.14,94.535
596.89,732.83,219.49
598.8,735.52,344.45
592.03,855.08,91.89
593.94,857.77,216.85
595.86,860.46,341.8
350.28,599.02,224.19
350.47,596.21,349.16
350.65,593.4,474.13
349.63,723.99,227
349.82,721.18,351.97
350,718.37,476.94
348.98,848.96,229.81
349.17,846.15,354.78
349.35,843.34,479.75
475.28,599.67,224.02
475.47,596.87,348.99
475.65,594.06,473.96
474.63,724.64,226.83
474.82,721.83,351.8
475,719.02,476.77
473.98,849.61,229.64
474.17,846.8,354.61
474.35,843.99,479.58
600.28,600.33,223.85
600.47,597.52,348.82
600.65,594.71,473.79
599.63,725.29,226.66
599.82,722.49,351.63
600,719.68,476.6
598.98,850.26,229.47
599.17,847.45,354.44
599.35,844.64,479.41
348.31,601.91,349.15
345.41,601.32,474.11
342.51,600.72,599.08
345.42,726.88,349.68
342.52,726.28,474.64
339.62,725.69,599.6
342.53,851.84,350.2
339.63,851.25,475.17
336.73,850.65,600.13
473.25,604.79,352.06
470.35,604.2,477.02
467.45,603.6,601.99
470.36,729.75,352.59
467.46,729.16,477.55
464.56,728.57,602.52
467.47,854.72,353.12
464.56,854.12,478.08
461.66,853.53,603.04
598.18,607.67,354.97
595.28,607.07,479.94
592.38,606.48,604.9
595.29,732.63,355.5
592.39,732.04,480.47
589.49,731.45,605.43
592.4,857.6,356.03
589.5,857,480.99
586.6,856.41,605.96
349.49,600.31,473.94
347.18,601.86,598.91
344.86,603.41,723.88
351.55,725.28,472.43
349.23,726.83,597.39
346.92,728.39,722.36
353.6,850.25,470.91
351.29,851.81,595.88
348.97,853.36,720.85
474.45,598.28,476.28
472.14,599.83,601.25
469.82,601.38,726.22
476.51,723.25,474.77
474.19,724.81,599.74
471.88,726.36,724.7
478.56,848.23,473.25
476.25,849.78,598.22
473.93,851.33,723.19
599.41,596.25,478.62
597.1,597.8,603.59
594.78,599.36,728.56
601.46,721.22,477.11
599.15,722.78,602.08
596.84,724.33,727.04
603.52,846.2,475.59
601.2,847.75,600.56
598.89,849.3,725.53
349.13,600.29,600.19
347.73,602.11,725.17
346.33,603.92,850.15
347.92,725.27,598.36
346.53,727.09,723.34
345.13,728.9,848.32
346.72,850.25,596.53
345.32,852.07,721.51
343.92,853.88,846.49
474.12,601.52,601.57
472.72,603.33,726.55
471.32,605.15,851.53
472.91,726.5,599.74
471.51,728.31,724.72
470.12,730.13,849.7
471.71,851.48,597.91
470.31,853.29,722.89
468.91,855.11,847.87
599.1,602.74,602.95
597.71,604.56,727.93
596.31,606.37,852.91
597.9,727.72,601.12
596.5,729.54,726.1
595.1,731.35,851.08
596.69,852.7,599.29
595.3,854.52,724.27
593.9,856.33,849.25
475.28,101.25,99.78
478.57,101.97,224.73
481.86,102.69,349.69
471.88,226.2,99.15
475.16,226.92,224.1
478.45,227.64,349.06
468.47,351.15,98.52
471.75,351.87,223.47
475.04,352.6,348.43
600.2,104.64,96.475
603.48,105.36,221.43
606.77,106.08,346.38
596.79,229.59,95.845
600.07,230.31,220.8
603.36,231.03,345.75
593.38,354.54,95.215
596.67,355.26,220.17
599.95,355.98,345.12
725.11,108.03,93.17
728.39,108.75,218.12
731.68,109.47,343.08
721.7,232.98,92.54
724.99,233.7,217.49
728.27,234.42,342.45
718.29,357.93,91.91
721.58,358.65,216.87
724.86,359.37,341.82
476.62,101.6,226.2
478.6,99.439,351.16
480.58,97.28,476.13
476.56,226.58,228.36
478.54,224.42,353.32
480.52,222.26,478.29
476.49,351.56,230.52
478.47,349.4,355.48
480.45,347.24,480.45
601.61,101.7,224.22
603.59,99.543,349.18
605.57,97.384,474.15
601.54,226.68,226.38
603.52,224.52,351.34
605.5,222.37,476.31
601.48,351.66,228.54
603.46,349.51,353.5
605.44,347.35,478.47
726.59,101.8,222.24
728.57,99.646,347.21
730.55,97.488,472.17
726.53,226.79,224.4
728.51,224.63,349.37
730.49,222.47,474.33
726.46,351.77,226.56
728.44,349.61,351.53
730.42,347.45,476.49
475.34,98.483,350.22
475.95,99.768,475.21
476.57,101.05,600.2
474.17,223.47,348.94
474.78,224.76,473.93
475.39,226.04,598.92
472.99,348.46,347.66
473.61,349.74,472.65
474.22,351.03,597.64
600.33,99.65,349.59
600.95,100.93,474.58
601.56,102.22,599.57
599.16,224.64,348.31
599.77,225.92,473.3
600.39,227.21,598.29
597.99,349.62,347.03
598.6,350.91,472.02
599.21,352.2,597.01
725.33,100.82,348.97
725.94,102.1,473.96
726.55,103.39,598.95
724.15,225.8,347.69
724.77,227.09,472.68
725.38,228.38,597.67
722.98,350.79,346.41
723.59,352.08,471.4
724.21,353.36,596.39
474.16,101.05,474.88
474.05,101.2,599.88
473.93,101.34,724.88
474.45,226.05,474.73
474.34,226.2,599.73
474.22,226.34,724.73
474.74,351.05,474.59
474.62,351.2,599.59
474.51,351.34,724.59
599.16,100.76,474.99
599.05,100.91,599.99
598.93,101.05,724.99
599.45,225.76,474.84
599.34,225.91,599.84
599.22,226.05,724.84
599.74,350.76,474.7
599.62,350.9,599.7
599.51,351.05,724.7
724.16,100.47,475.1
724.05,100.61,600.1
723.93,100.76,725.1
724.45,225.47,474.95
724.34,225.61,599.95
724.22,225.76,724.95
724.74,350.47,474.81
724.62,350.62,599.81
724.51,350.76,724.81
476.37,99.68,599.46
473.57,102.88,724.38
470.78,106.08,849.31
479.42,224.6,596.33
476.63,227.8,721.25
473.84,231,846.18
482.48,349.53,593.2
479.69,352.73,718.12
476.89,355.93,843.05
601.3,96.696,602.33
598.5,99.895,727.26
595.71,103.09,852.18
604.36,221.62,599.2
601.56,224.82,724.13
598.77,228.02,849.05
607.41,346.54,596.07
604.62,349.74,721
601.82,352.94,845.92
726.23,93.712,605.2
723.43,96.911,730.13
720.64,100.11,855.06
729.28,218.64,602.07
726.49,221.83,727
723.7,225.03,851.93
732.34,343.56,598.94
729.55,346.76,723.87
726.75,349.96,848.8
474.71,225.2,100.07
472.31,222.97,225.02
469.92,220.73,349.98
477.96,350.14,102.36
475.56,347.9,227.32
473.17,345.67,352.27
481.21,475.07,104.66
478.81,472.84,229.61
476.42,470.6,354.57
599.64,221.9,102.4
597.25,219.67,227.36
594.86,217.44,352.31
602.89,346.84,104.7
600.5,344.61,229.65
598.11,342.37,354.61
606.14,471.77,107
603.75,469.54,231.95
601.36,467.31,356.9
724.58,218.61,104.74
722.18,216.37,229.7
719.79,214.14,354.65
727.83,343.54,107.04
725.43,341.31,231.99
723.04,339.07,356.95
731.08,468.48,109.33
728.68,466.24,234.29
726.29,464.01,359.24
473.17,223.29,225.59
469.56,221.97,350.53
465.94,220.64,475.47
470.26,348.25,226.83
466.64,346.93,351.77
463.03,345.6,476.71
467.34,473.21,228.07
463.73,471.89,353.01
460.11,470.56,477.95
598.09,226.17,229.24
594.47,224.84,354.17
590.86,223.52,479.11
595.17,351.12,230.47
591.56,349.8,355.41
587.94,348.48,480.35
592.25,476.09,231.71
588.64,474.76,356.65
585.03,473.44,481.59
723,229.04,232.88
719.38,227.72,357.82
715.77,226.39,482.76
720.09,354,234.12
716.47,352.68,359.06
712.86,351.35,484
717.17,478.96,235.36
713.56,477.63,360.3
709.94,476.31,485.24
474.71,226.12,349.15
477.28,225.99,474.12
479.84,225.85,599.1
473.35,351.11,349.31
475.92,350.98,474.29
478.48,350.85,599.26
471.99,476.11,349.48
474.55,475.97,474.45
477.12,475.84,599.42
599.68,227.49,346.59
602.24,227.35,471.56
604.81,227.22,596.53
598.32,352.48,346.75
600.88,352.35,471.72
603.45,352.21,596.7
596.95,477.47,346.92
599.52,477.34,471.89
602.09,477.21,596.86
724.65,228.85,344.03
727.21,228.72,469
729.78,228.59,593.97
723.28,353.85,344.19
725.85,353.71,469.16
728.41,353.58,594.13
721.92,478.84,344.35
724.49,478.71,469.33
727.05,478.57,594.3
476.51,223.88,474.47
473.56,223.96,599.43
470.61,224.03,724.4
477.22,348.88,474.4
474.27,348.95,599.37
471.32,349.03,724.33
477.92,473.87,474.34
474.97,473.95,599.31
472.02,474.03,724.27
601.48,223.18,477.42
598.53,223.26,602.38
595.58,223.33,727.35
602.18,348.18,477.36
599.23,348.25,602.32
596.28,348.33,727.29
602.88,473.17,477.29
599.93,473.25,602.26
596.98,473.33,727.22
726.44,222.48,480.37
723.49,222.56,605.34
720.54,222.63,730.3
727.14,347.48,480.31
724.19,347.55,605.27
721.24,347.63,730.24
727.84,472.47,480.25
724.89,472.55,605.21
721.94,472.63,730.18
473.94,223.71,598.63
474.91,224.02,723.62
475.87,224.33,848.62
474.48,348.71,598.31
475.44,349.02,723.31
476.41,349.33,848.3
475.01,473.71,598
475.98,474.02,722.99
476.94,474.33,847.99
598.93,223.17,597.67
599.9,223.48,722.66
600.87,223.79,847.66
599.47,348.17,597.35
600.44,348.48,722.35
601.4,348.79,847.34
600,473.17,597.04
600.97,473.48,722.03
601.94,473.79,847.03
723.93,222.63,596.71
724.89,222.94,721.7
725.86,223.26,846.7
724.46,347.63,596.39
725.43,347.94,721.39
726.39,348.25,846.38
725,472.63,596.08
725.97,472.94,721.08
726.93,473.25,846.07
475.72,351.16,100.53
478.29,349.21,225.49
480.85,347.26,350.44
478.9,476.1,102.41
481.46,474.16,227.37
484.03,472.21,352.33
482.07,601.05,104.29
484.63,599.1,229.25
487.2,597.15,354.21
600.66,348.03,97.914
603.22,346.08,222.87
605.79,344.13,347.83
603.83,472.97,99.795
606.39,471.02,224.75
608.96,469.08,349.71
607,597.91,101.68
609.57,595.97,226.63
612.13,594.02,351.59
725.59,344.89,95.3
728.15,342.94,220.26
730.72,341,345.22
728.76,469.84,97.181
731.33,467.89,222.14
733.89,465.94,347.1
731.93,594.78,99.063
734.5,592.84,224.02
737.06,590.89,348.98
473.93,350.62,223.88
476.56,351.59,348.85
479.19,352.57,473.82
475.4,475.61,222.88
478.03,476.58,347.84
480.66,477.56,472.81
476.86,600.59,221.87
479.49,601.57,346.84
482.13,602.54,471.81
598.89,349.13,221.26
601.53,350.11,346.23
604.16,351.08,471.2
600.36,474.12,220.25
602.99,475.09,345.22
605.62,476.07,470.19
601.83,599.11,219.25
604.46,600.08,344.22
607.09,601.06,469.19
723.86,347.64,218.64
726.49,348.62,343.61
729.12,349.59,468.58
725.32,472.63,217.63
727.96,473.6,342.6
730.59,474.58,467.57
726.79,597.62,216.63
729.42,598.59,341.6
732.05,599.57,466.56
474.26,350.58,351.05
476.32,353.36,476
478.39,356.14,600.96
472.31,475.54,348.3
474.37,478.32,473.26
476.43,481.1,598.21
470.35,600.49,345.56
472.41,603.27,470.51
474.47,606.05,595.46
599.23,352.49,348.95
601.29,355.27,473.9
603.36,358.05,598.85
597.27,477.45,346.2
599.34,480.23,471.15
601.4,483.01,596.1
595.31,602.4,343.45
597.38,605.18,468.4
599.44,607.96,593.36
724.2,354.4,346.84
726.26,357.18,471.79
728.32,359.96,596.75
722.24,479.35,344.09
724.3,482.13,469.05
726.37,484.92,594
720.28,604.31,341.35
722.35,607.09,466.3
724.41,609.87,591.25
476.07,350.78,475.01
477.19,348.05,599.97
478.32,345.32,724.94
473.9,475.73,477.76
475.03,473,602.72
476.15,470.27,727.69
471.74,600.68,480.51
472.86,597.95,605.47
473.99,595.22,730.44
601.04,352.97,473.93
602.17,350.24,598.9
603.29,347.51,723.86
598.88,477.92,476.68
600,475.19,601.65
601.13,472.46,726.61
596.72,602.87,479.43
597.84,600.14,604.4
598.96,597.41,729.36
726.02,355.16,472.86
727.14,352.43,597.82
728.27,349.69,722.79
723.86,480.11,475.61
724.98,477.38,600.57
726.1,474.65,725.54
721.69,605.06,478.36
722.82,602.33,603.33
723.94,599.6,728.29
474.18,349.8,598.22
472.32,350.05,723.2
470.47,350.29,848.19
473.47,474.8,597.96
471.62,475.04,722.94
469.76,475.29,847.93
472.76,599.79,597.7
470.91,600.04,722.69
469.05,600.29,847.67
599.16,350.51,600.07
597.31,350.76,725.06
595.45,351,850.04
598.45,475.51,599.81
596.6,475.75,724.8
594.74,476,849.78
597.75,600.5,599.55
595.89,600.75,724.54
594.04,601,849.53
724.14,351.22,601.92
722.29,351.47,726.91
720.43,351.71,851.9
723.43,476.22,601.67
721.58,476.46,726.65
719.72,476.71,851.64
722.73,601.21,601.41
720.87,601.46,726.39
719.02,601.71,851.38
473.73,476.91,98.11
474.48,479.56,223.08
475.22,482.2,348.05
470.42,601.84,95.485
471.17,604.49,220.45
471.91,607.13,345.42
467.11,726.77,92.86
467.86,729.41,217.83
468.6,732.06,342.8
598.68,480.2,97.295
599.43,482.85,222.26
600.18,485.5,347.23
595.38,605.13,94.67
596.12,607.78,219.64
596.87,610.42,344.61
592.06,730.06,92.045
592.81,732.7,217.02
593.56,735.35,341.99
723.64,483.5,96.48
724.38,486.14,221.45
725.13,488.79,346.42
720.33,608.42,93.855
721.07,611.07,218.83
721.82,613.72,343.8
717.02,733.35,91.23
717.76,736,216.2
718.51,738.64,341.17
474.07,476.98,226.53
476.09,474.14,351.48
478.11,471.29,476.43
477.71,601.9,229.31
479.73,599.05,354.26
481.75,596.21,479.21
481.34,726.81,232.1
483.36,723.97,357.05
485.38,721.12,482
599,473.39,224.43
601.02,470.55,349.38
603.04,467.7,474.33
602.64,598.31,227.22
604.66,595.46,352.16
606.68,592.62,477.11
606.27,723.22,230
608.29,720.38,354.95
610.31,717.53,479.9
723.93,469.8,222.33
725.95,466.96,347.28
727.97,464.11,472.23
727.57,594.72,225.12
729.59,591.87,350.07
731.61,589.03,475.01
731.2,719.63,227.9
733.22,716.79,352.85
735.24,713.94,477.8
476.27,475.39,351.62
477.98,474.89,476.61
479.7,474.4,601.6
476.83,600.39,352.12
478.54,599.89,477.1
480.25,599.39,602.09
477.38,725.39,352.61
479.09,724.89,477.59
480.8,724.39,602.58
601.26,474.84,349.91
602.97,474.35,474.9
604.68,473.85,599.88
601.81,599.84,350.4
603.53,599.34,475.39
605.24,598.85,600.37
602.37,724.84,350.89
604.08,724.34,475.88
605.79,723.85,600.87
726.25,474.3,348.2
727.96,473.8,473.18
729.67,473.3,598.17
726.8,599.29,348.69
728.51,598.8,473.68
730.23,598.3,598.66
727.36,724.29,349.18
729.07,723.79,474.17
730.78,723.3,599.15
475.98,475.18,474.26
478.65,475.07,599.23
481.32,474.96,724.2
474.64,600.17,474.4
477.31,600.06,599.37
479.98,599.95,724.34
473.3,725.16,474.54
475.97,725.05,599.51
478.65,724.94,724.48
600.94,476.52,471.59
603.62,476.41,596.56
606.29,476.3,721.53
599.61,601.51,471.73
602.28,601.4,596.7
604.95,601.29,721.67
598.27,726.5,471.87
600.94,726.39,596.84
603.61,726.29,721.81
725.91,477.86,468.92
728.58,477.75,593.89
731.25,477.64,718.86
724.57,602.86,469.06
727.24,602.75,594.03
729.91,602.63,719
723.23,727.85,469.2
725.9,727.74,594.17
728.57,727.63,719.14
473.54,475.47,598.98
471.55,475.15,723.96
469.57,474.83,848.94
475.1,600.46,599.32
473.11,600.14,724.3
471.12,599.82,849.28
476.65,725.45,599.66
474.67,725.13,724.64
472.68,724.81,849.63
598.51,473.91,600.96
596.53,473.59,725.94
594.54,473.27,850.93
600.07,598.9,601.3
598.08,598.58,726.29
596.1,598.26,851.27
601.63,723.89,601.65
599.64,723.57,726.63
597.65,723.25,851.61
723.49,472.35,602.95
721.5,472.03,727.93
719.51,471.71,852.91
725.04,597.34,603.29
723.06,597.02,728.27
721.07,596.7,853.25
726.6,722.33,603.63
724.61,722.01,728.62
722.63,721.69,853.6
473.56,599.95,99.802
476.52,597.4,224.74
479.48,594.84,349.68
473.88,724.93,102.35
476.84,722.37,227.29
479.8,719.81,352.22
474.19,849.9,104.9
477.15,847.34,229.83
480.11,844.79,354.77
598.52,599.7,96.835
601.49,597.14,221.77
604.45,594.59,346.71
598.84,724.67,99.383
601.8,722.12,224.32
604.76,719.56,349.26
599.15,849.65,101.93
602.12,847.09,226.87
605.08,844.53,351.8
723.49,599.44,93.868
726.45,596.89,218.81
729.41,594.33,343.74
723.8,724.42,96.415
726.76,721.86,221.35
729.73,719.31,346.29
724.12,849.39,98.963
727.08,846.84,223.9
730.04,844.28,348.84
473.56,600.57,223.81
474.25,598.06,348.78
474.95,595.56,473.76
473.89,725.54,226.31
474.59,723.04,351.29
475.28,720.53,476.26
474.23,850.52,228.82
474.92,848.01,353.79
475.62,845.51,478.76
598.55,600.25,223.11
599.25,597.75,348.08
599.95,595.24,473.05
598.89,725.22,225.61
599.58,722.72,350.58
600.28,720.21,475.56
599.22,850.2,228.11
599.92,847.69,353.09
600.61,845.19,478.06
723.55,599.93,222.4
724.25,597.43,347.38
724.94,594.92,472.35
723.88,724.91,224.91
724.58,722.4,349.88
725.28,719.89,474.85
724.22,849.88,227.41
724.91,847.37,352.38
725.61,844.87,477.36
473.78,598.31,350.02
472.25,594.74,474.96
470.72,591.16,599.9
473.42,723.26,353.59
471.89,719.68,478.53
470.36,716.11,603.47
473.05,848.2,357.16
471.53,844.63,482.1
470,841.06,607.04
598.77,598.63,351.56
597.24,595.05,476.5
595.71,591.48,601.44
598.41,723.57,355.13
596.88,720,480.07
595.35,716.43,605.01
598.04,848.52,358.7
596.52,844.95,483.64
594.99,841.38,608.58
723.76,598.94,353.1
722.23,595.37,478.04
720.7,591.8,602.98
723.4,723.89,356.67
721.87,720.32,481.61
720.34,716.75,606.55
723.03,848.84,360.24
721.5,845.27,485.18
719.98,841.69,610.12
475.4,598.52,473.8
474.04,598.62,598.79
472.67,598.72,723.78
476.83,723.52,473.72
475.47,723.61,598.71
474.11,723.71,723.7
478.27,848.51,473.63
476.9,848.61,598.62
475.54,848.7,723.62
600.38,597.09,475.16
599.02,597.19,600.15
597.66,597.29,725.15
601.82,722.09,475.08
600.45,722.18,600.07
599.09,722.28,725.06
603.25,847.08,475
601.89,847.18,599.99
600.52,847.27,724.98
725.37,595.66,476.53
724,595.76,601.52
722.64,595.86,726.51
726.8,720.65,476.45
725.44,720.75,601.44
724.07,720.85,726.43
728.24,845.65,476.36
726.87,845.75,601.36
725.51,845.84,726.35
474.83,600.67,600.94
474.39,603.79,725.9
473.95,606.91,850.86
474.83,725.63,597.82
474.4,728.75,722.78
473.96,731.87,847.74
474.84,850.59,594.7
474.4,853.71,719.66
473.96,856.83,844.62
599.83,600.68,601.38
599.39,603.8,726.34
598.95,606.92,851.3
599.83,725.64,598.26
599.39,728.76,723.22
598.96,731.88,848.18
599.84,850.6,595.14
599.4,853.72,720.1
598.96,856.84,845.06
724.83,600.69,601.82
724.39,603.81,726.78
723.95,606.93,851.74
724.83,725.65,598.7
724.39,728.77,723.66
723.95,731.89,848.62
724.84,850.61,595.58
724.4,853.73,720.54
723.96,856.85,845.5
599.37,100.06,100.41
597.05,100.41,225.39
594.73,100.76,350.37
596.88,225.04,100.01
594.56,225.39,224.99
592.25,225.74,349.97
594.4,350.01,99.62
592.08,350.36,224.6
589.76,350.71,349.58
724.32,102.55,102.72
722,102.91,227.7
719.68,103.26,352.68
721.84,227.53,102.33
719.52,227.88,227.31
717.2,228.23,352.29
719.35,352.5,101.93
717.03,352.85,226.91
714.72,353.2,351.89
849.28,105.05,105.04
846.96,105.4,230.02
844.64,105.75,355
846.79,230.02,104.65
844.47,230.37,229.62
842.15,230.72,354.6
844.31,354.99,104.25
841.99,355.34,229.23
839.67,355.69,354.21
599.14,98.885,225.12
597.98,100.83,350.1
596.81,102.77,475.08
598.74,223.87,223.17
597.58,225.81,348.15
596.42,227.76,473.13
598.35,348.85,221.22
597.19,350.8,346.2
596.02,352.74,471.18
724.13,99.299,226.28
722.97,101.24,351.25
721.81,103.19,476.23
723.74,224.28,224.33
722.57,226.23,349.31
721.41,228.17,474.28
723.34,349.27,222.38
722.18,351.21,347.36
721.02,353.15,472.34
849.12,99.712,227.43
847.96,101.66,352.41
846.8,103.6,477.39
848.73,224.7,225.48
847.57,226.64,350.46
846.4,228.58,475.44
848.33,349.68,223.54
847.17,351.62,348.51
846.01,353.57,473.49
600.78,101.79,348.13
600.08,100.99,473.13
599.38,100.19,598.13
600.84,226.78,348.94
600.14,225.98,473.93
599.44,225.18,598.93
600.9,351.78,349.74
600.2,350.98,474.73
599.5,350.18,599.73
725.77,101.72,348.83
725.08,100.92,473.83
724.38,100.12,598.82
725.83,226.72,349.63
725.14,225.92,474.63
724.44,225.12,599.62
725.89,351.72,350.43
725.2,350.92,475.43
724.5,350.11,600.43
850.77,101.66,349.53
850.07,100.86,474.52
849.37,100.06,599.52
850.83,226.66,350.33
850.13,225.85,475.32
849.43,225.05,600.32
850.89,351.65,351.13
850.19,350.85,476.13
849.49,350.05,601.12
601.22,100,473.92
603.99,103.24,598.85
606.76,106.47,723.78
598.27,224.93,470.75
601.04,228.16,595.68
603.81,231.4,720.61
595.32,349.85,467.58
598.09,353.09,592.51
600.86,356.32,717.44
726.16,102.88,471.08
728.92,106.12,596.01
731.69,109.35,720.93
723.2,227.81,467.91
725.97,231.04,592.84
728.74,234.28,717.76
720.25,352.73,464.74
723.02,355.97,589.67
725.79,359.2,714.59
851.09,105.76,468.24
853.86,109,593.16
856.63,112.23,718.09
848.14,230.69,465.07
850.91,233.92,590
853.68,237.16,714.92
845.19,355.61,461.9
847.96,358.85,586.83
850.73,362.08,711.75
601.73,99.018,599.76
603.81,98.141,724.74
605.9,97.265,849.72
604.84,223.97,600.58
606.93,223.1,725.56
609.02,222.22,850.54
607.96,348.93,601.41
610.05,348.05,726.39
612.13,347.18,851.37
726.67,95.919,597.66
728.76,95.043,722.63
730.85,94.166,847.61
729.79,220.88,598.48
731.88,220,723.46
733.96,219.12,848.44
732.9,345.83,599.31
734.99,344.96,724.28
737.08,344.08,849.26
851.62,92.82,595.55
853.7,91.944,720.53
855.79,91.068,845.51
854.73,217.78,596.38
856.82,216.9,721.36
858.9,216.02,846.33
857.85,342.73,597.2
859.93,341.86,722.18
862.02,340.98,847.16
601.53,226.9,98.642
603.14,227.2,223.63
604.76,227.49,348.62
601.09,351.9,98.355
602.71,352.19,223.34
604.33,352.49,348.33
600.65,476.9,98.067
602.27,477.19,223.05
603.89,477.48,348.04
726.51,227.33,97.02
728.13,227.63,222.01
729.75,227.92,346.99
726.08,352.33,96.732
727.7,352.63,221.72
729.32,352.92,346.71
725.64,477.33,96.445
727.26,477.62,221.43
728.88,477.92,346.42
851.5,227.77,95.397
853.12,228.06,220.38
854.74,228.35,345.37
851.07,352.76,95.11
852.69,353.06,220.1
854.3,353.35,345.08
850.63,477.76,94.823
852.25,478.06,219.81
853.87,478.35,344.8
599.27,226.15,226.09
601.95,229.86,351.01
604.63,233.57,475.93
600.06,351.09,222.37
602.75,354.8,347.28
605.43,358.52,472.2
600.86,476.03,218.64
603.54,479.75,343.55
606.22,483.46,468.47
724.24,225.28,223.44
726.92,228.99,348.35
729.6,232.7,473.27
725.03,350.22,219.71
727.71,353.93,344.62
730.4,357.64,469.54
725.83,475.16,215.98
728.51,478.87,340.89
731.19,482.59,465.81
849.21,224.4,220.78
851.89,228.11,345.69
854.57,231.83,470.61
850,349.34,217.05
852.68,353.06,341.97
855.36,356.77,466.88
850.8,474.29,213.32
853.48,478,338.24
856.16,481.71,463.15
599.19,224.22,350.95
599.47,221.33,475.92
599.75,218.44,600.88
597.13,349.17,353.84
597.41,346.28,478.81
597.69,343.39,603.77
595.06,474.12,356.74
595.34,471.23,481.7
595.62,468.34,606.67
724.18,226.3,350.72
724.46,223.41,475.68
724.74,220.52,600.65
722.11,351.25,353.61
722.39,348.36,478.58
722.67,345.47,603.54
720.04,476.19,356.51
720.32,473.3,481.47
720.6,470.42,606.43
849.16,228.37,350.49
849.44,225.48,475.45
849.72,222.59,600.42
847.09,353.32,353.38
847.37,350.43,478.35
847.65,347.54,603.31
845.02,478.27,356.27
845.3,475.38,481.24
845.58,472.49,606.2
598.29,224.68,475.03
596.43,226.92,600
594.56,229.16,724.97
595.43,349.63,472.75
593.57,351.87,597.71
591.71,354.11,722.68
592.58,474.57,470.46
590.71,476.82,595.43
588.85,479.06,720.4
723.24,227.57,476.84
721.38,229.81,601.81
719.51,232.05,726.78
720.39,352.52,474.56
718.52,354.76,599.53
716.66,357,724.49
717.53,477.46,472.28
715.66,479.71,597.24
713.8,481.95,722.21
848.2,230.46,478.66
846.33,232.7,603.62
844.47,234.94,728.59
845.34,355.41,476.37
843.47,357.65,601.34
841.61,359.89,726.31
842.48,480.35,474.09
840.62,482.6,599.06
838.75,484.84,724.02
600.85,226.08,600.45
601.02,229.72,725.4
601.2,233.36,850.35
600.52,351.03,596.81
600.7,354.67,721.76
600.87,358.31,846.71
600.2,475.98,593.17
600.37,479.62,718.12
600.54,483.26,843.07
725.85,226.41,600.27
726.02,230.05,725.22
726.2,233.69,850.16
725.52,351.35,596.63
725.7,354.99,721.58
725.87,358.63,846.52
725.2,476.3,592.99
725.37,479.94,717.94
725.54,483.58,842.88
850.85,226.73,600.09
851.02,230.37,725.03
851.2,234.01,849.98
850.52,351.67,596.45
850.7,355.31,721.39
850.87,358.96,846.34
850.2,476.62,592.81
850.37,480.26,717.75
850.54,483.9,842.7
599.36,349.25,100.34
600.03,351.94,225.31
600.71,354.62,350.28
603.06,474.17,97.635
603.73,476.85,222.6
604.4,479.54,347.57
606.75,599.08,94.93
607.42,601.77,219.9
608.09,604.45,344.87
724.31,345.54,99.745
724.98,348.23,224.71
725.65,350.92,349.68
728,470.46,97.04
728.67,473.15,222.01
729.34,475.83,346.98
731.69,595.38,94.335
732.37,598.06,219.3
733.04,600.75,344.27
849.25,341.84,99.15
849.92,344.52,224.12
850.59,347.21,349.09
852.94,466.75,96.445
853.62,469.44,221.42
854.29,472.13,346.38
856.64,591.67,93.74
857.31,594.36,218.71
857.98,597.04,343.68
601.49,349.8,224.21
600.95,352.35,349.18
600.41,354.9,474.16
598.2,474.73,221.65
597.66,477.28,346.62
597.12,479.83,471.59
594.91,599.66,219.09
594.37,602.21,344.06
593.83,604.76,469.03
726.45,353.1,224.69
725.91,355.65,349.66
725.37,358.2,474.63
723.16,478.03,222.12
722.62,480.58,347.09
722.08,483.13,472.07
719.87,602.96,219.56
719.33,605.51,344.53
718.79,608.06,469.5
851.4,356.4,225.16
850.86,358.95,350.13
850.32,361.5,475.1
848.11,481.33,222.6
847.57,483.88,347.57
847.03,486.43,472.54
844.82,606.26,220.03
844.28,608.81,345.01
843.74,611.36,469.98
601.99,351.74,350.78
603.76,350.92,475.76
605.53,350.11,600.75
603.11,476.73,351.58
604.88,475.92,476.56
606.65,475.1,601.55
604.23,601.73,352.38
606,600.91,477.36
607.77,600.1,602.35
726.97,350.63,349
728.74,349.81,473.99
730.51,349,598.97
728.09,475.62,349.8
729.86,474.81,474.79
731.63,473.99,599.77
729.21,600.62,350.61
730.98,599.8,475.59
732.75,598.99,600.57
851.95,349.52,347.23
853.72,348.71,472.21
855.49,347.89,597.2
853.07,474.52,348.03
854.84,473.7,473.01
856.61,472.88,598
854.19,599.51,348.83
855.96,598.69,473.81
857.73,597.88,598.8
599.94,350.41,474.76
600.65,354.1,599.71
601.36,357.78,724.65
600.96,475.35,471.07
601.68,479.04,596.01
602.39,482.72,720.96
601.99,600.29,467.38
602.7,603.98,592.32
603.41,607.66,717.27
724.93,349.36,474.08
725.64,353.05,599.02
726.35,356.74,723.97
725.96,474.3,470.39
726.67,477.99,595.33
727.38,481.68,720.27
726.98,599.24,466.7
727.7,602.93,591.64
728.41,606.62,716.58
849.93,348.32,473.39
850.64,352,598.34
851.35,355.69,723.28
850.95,473.26,469.7
851.66,476.94,594.65
852.37,480.63,719.59
851.98,598.2,466.01
852.69,601.88,590.96
853.4,605.57,715.9
600.77,349.4,599.9
599.42,346.64,724.86
598.07,343.87,849.83
603.71,474.33,602.7
602.36,471.57,727.66
601.01,468.81,852.62
606.65,599.27,605.49
605.3,596.51,730.45
603.95,593.74,855.42
725.73,346.43,601.18
724.38,343.67,726.15
723.03,340.91,851.11
728.66,471.37,603.98
727.32,468.6,728.94
725.97,465.84,853.9
731.6,596.3,606.77
730.25,593.54,731.74
728.91,590.78,856.7
850.68,343.46,602.47
849.33,340.7,727.43
847.98,337.94,852.39
853.62,468.4,605.26
852.27,465.64,730.22
850.92,462.87,855.19
856.56,593.33,608.06
855.21,590.57,733.02
853.86,587.81,857.98
599.41,476.37,101.27
600.08,478.99,226.24
600.75,481.61,351.21
601.52,601.33,98.634
602.19,603.95,223.6
602.86,606.57,348.58
603.63,726.28,96
604.3,728.9,220.97
604.97,731.52,345.94
724.39,474.25,100.64
725.06,476.87,225.61
725.73,479.49,350.59
726.5,599.2,98.01
727.17,601.82,222.98
727.84,604.44,347.95
728.61,724.16,95.376
729.28,726.78,220.35
729.95,729.4,345.32
849.37,472.12,100.02
850.04,474.74,224.99
850.71,477.36,349.96
851.48,597.08,97.386
852.15,599.7,222.36
852.82,602.32,347.33
853.59,722.03,94.753
854.26,724.65,219.72
854.93,727.27,344.69
598.21,473.34,223.52
598.71,473.51,348.52
599.2,473.68,473.52
600.37,598.33,223.34
600.87,598.5,348.34
601.36,598.67,473.34
602.53,723.31,223.16
603.03,723.48,348.16
603.52,723.65,473.16
723.19,471.19,223.03
723.68,471.36,348.03
724.18,471.53,473.02
725.35,596.17,222.85
725.84,596.34,347.85
726.34,596.51,472.84
727.51,721.15,222.67
728,721.32,347.67
728.5,721.49,472.66
848.17,469.03,222.54
848.66,469.2,347.53
849.16,469.37,472.53
850.33,594.01,222.36
850.82,594.18,347.36
851.32,594.35,472.35
852.49,718.99,222.18
852.98,719.16,347.18
853.48,719.33,472.17
599.02,474.66,351.42
602.65,473.31,476.36
606.29,471.96,601.3
602.29,599.61,352.67
605.93,598.26,477.61
609.56,596.91,602.55
605.56,724.56,353.93
609.2,723.21,478.87
612.83,721.86,603.81
723.92,471.43,347.75
727.56,470.08,472.69
731.2,468.73,597.63
727.19,596.38,349.01
730.83,595.03,473.95
734.47,593.68,598.89
730.46,721.33,350.26
734.1,719.98,475.2
737.74,718.63,600.14
848.83,468.2,344.08
852.46,466.85,469.02
856.1,465.49,593.96
852.1,593.15,345.34
855.73,591.8,470.28
859.37,590.44,595.22
855.37,718.1,346.6
859,716.75,471.54
862.64,715.39,596.48
598.76,473.23,475.91
600.42,469.82,600.85
602.08,466.41,725.79
600.57,598.17,479.29
602.23,594.76,604.23
603.89,591.35,729.18
602.38,723.11,482.68
604.04,719.7,607.62
605.7,716.29,732.56
723.74,471.47,474.2
725.4,468.06,599.14
727.05,464.65,724.08
725.55,596.41,477.59
727.21,593,602.53
728.87,589.59,727.47
727.36,721.35,480.97
729.02,717.94,605.91
730.68,714.53,730.86
848.71,469.7,472.5
850.37,466.29,597.44
852.03,462.88,722.38
850.52,594.64,475.88
852.18,591.23,600.82
853.84,587.82,725.76
852.34,719.58,479.27
853.99,716.17,604.21
855.65,712.76,729.15
600.07,473.72,598.56
597.17,474,723.53
594.26,474.28,848.49
600.37,598.72,598.29
597.46,599,723.25
594.55,599.28,848.22
600.66,723.72,598.02
597.75,724,722.98
594.84,724.27,847.95
725.04,473.44,601.47
722.13,473.72,726.43
719.22,473.99,851.4
725.33,598.44,601.19
722.42,598.71,726.16
719.51,598.99,851.13
725.62,723.43,600.92
722.72,723.71,725.89
719.81,723.99,850.86
850.01,473.15,604.37
847.1,473.43,729.34
844.19,473.71,854.3
850.3,598.15,604.1
847.39,598.43,729.07
844.48,598.71,854.03
850.59,723.15,603.83
847.68,723.43,728.8
844.77,723.7,853.76
598.77,598.07,100.87
596.36,599.33,225.84
593.96,600.59,350.82
599.37,723.06,99.622
596.96,724.32,224.59
594.56,725.58,349.57
599.97,848.05,98.372
597.56,849.31,223.34
595.16,850.57,348.32
723.74,597.49,103.29
721.34,598.75,228.26
718.93,600.01,353.23
724.34,722.48,102.04
721.94,723.74,227.01
719.53,725,351.98
724.94,847.48,100.79
722.54,848.74,225.76
720.13,850,350.73
848.72,596.91,105.7
846.31,598.17,230.67
843.91,599.43,355.64
849.32,721.9,104.45
846.91,723.16,229.42
844.51,724.43,354.39
849.92,846.9,103.2
847.51,848.16,228.17
845.11,849.42,353.14
598.16,600.92,226.43
600.04,603.34,351.39
601.91,605.75,476.36
600.52,725.88,223.99
602.39,728.29,348.95
604.26,730.7,473.91
602.87,850.83,221.54
604.74,853.24,346.5
606.61,855.66,471.46
723.13,598.53,224.61
725,600.95,349.57
726.87,603.36,474.53
725.48,723.49,222.16
727.35,725.9,347.12
729.23,728.32,472.08
727.83,848.44,219.71
729.71,850.86,344.67
731.58,853.27,469.64
848.09,596.14,222.78
849.97,598.56,347.75
851.84,600.97,472.71
850.44,721.1,220.34
852.32,723.51,345.3
854.19,725.93,470.26
852.8,846.05,217.89
854.67,848.47,342.85
856.54,850.88,467.81
601.21,599.04,351.52
600.7,596.13,476.48
600.19,593.23,601.45
602.29,724,354.43
601.78,721.1,479.39
601.27,718.19,604.35
603.37,848.96,357.33
602.86,846.06,482.3
602.35,843.15,607.26
726.21,597.95,352.01
725.69,595.04,476.97
725.18,592.14,601.93
727.28,722.91,354.91
726.77,720,479.88
726.26,717.1,604.84
728.36,847.87,357.82
727.85,844.97,482.79
727.34,842.06,607.75
851.2,596.85,352.49
850.69,593.95,477.46
850.18,591.05,602.42
852.28,721.82,355.4
851.77,718.91,480.37
851.26,716.01,605.33
853.36,846.78,358.31
852.85,843.87,483.27
852.34,840.97,608.24
598.01,600.18,475.52
594.69,600.2,600.47
591.37,600.22,725.43
596.72,725.17,475.46
593.4,725.19,600.42
590.08,725.22,725.37
595.43,850.16,475.41
592.11,850.19,600.36
588.79,850.21,725.32
722.96,601.47,478.84
719.64,601.49,603.79
716.32,601.51,728.75
721.67,726.46,478.79
718.35,726.48,603.74
715.03,726.51,728.69
720.38,851.45,478.73
717.06,851.48,603.69
713.74,851.5,728.64
847.91,602.76,482.16
844.59,602.78,607.12
841.27,602.8,732.07
846.62,727.75,482.11
843.3,727.77,607.06
839.98,727.8,732.02
845.33,852.74,482.05
842.01,852.77,607.01
838.69,852.79,731.96
601.4,601.62,600.87
601.11,604.31,725.84
600.81,607,850.81
602.58,726.59,598.19
602.29,729.28,723.16
601.99,731.96,848.13
603.76,851.55,595.5
603.47,854.24,720.47
603.17,856.93,845.44
726.39,600.45,601.19
726.1,603.14,726.16
725.81,605.83,851.13
727.57,725.42,598.5
727.28,728.1,723.48
726.99,730.79,848.45
728.75,850.38,595.82
728.46,853.07,720.79
728.17,855.76,845.76
851.38,599.28,601.51
851.09,601.97,726.48
850.8,604.66,851.45
852.56,724.24,598.82
852.27,726.93,723.8
851.98,729.62,848.77
853.74,849.21,596.14
853.45,851.9,721.11
853.16,854.59,846.08
