27,125,0
191.3,191.86,190.38
0,0,0
98.873,101.06,98.992
98.362,98.254,223.96
97.852,95.453,348.93
101.4,226,101.8
100.89,223.2,226.77
100.38,220.4,351.74
103.93,350.94,104.61
103.42,348.14,229.58
102.91,345.34,354.55
223.85,98.519,99.446
223.34,95.718,224.42
222.82,92.916,349.38
226.37,223.46,102.26
225.86,220.66,227.23
225.35,217.86,352.19
228.9,348.41,105.07
228.39,345.61,230.04
227.88,342.8,355.01
348.82,95.982,99.9
348.31,93.181,224.87
347.8,90.38,349.84
351.35,220.93,102.71
350.84,218.12,227.68
350.33,215.32,352.65
353.87,345.87,105.52
353.36,343.07,230.49
352.85,340.27,355.46
100.1,99.733,226.75
102.34,102.65,351.69
104.57,105.57,476.64
97.69,224.68,223.87
99.925,227.59,348.82
102.16,230.51,473.77
95.28,349.62,221
97.515,352.54,345.95
99.75,355.45,470.89
225.06,102.09,224.46
227.29,105.01,349.4
229.53,107.93,474.35
222.65,227.03,221.58
224.88,229.95,346.53
227.12,232.87,471.47
220.24,351.98,218.71
222.47,354.89,343.66
224.71,357.81,468.6
350.01,104.45,222.16
352.25,107.36,347.11
354.48,110.28,472.06
347.6,229.39,219.29
349.84,232.31,344.24
352.07,235.23,469.18
345.19,354.33,216.42
347.43,357.25,341.36
349.66,360.17,466.31
100.04,98.028,349.53
97.45,95.886,474.48
94.86,93.745,599.44
103.33,222.96,351.74
100.74,220.82,476.69
98.15,218.68,601.65
106.62,347.9,353.95
104.03,345.76,478.9
101.44,343.62,603.86
224.97,94.694,352.07
222.38,92.553,477.02
219.79,90.411,601.97
228.26,219.63,354.28
225.67,217.49,479.23
223.08,215.35,604.18
231.55,344.57,356.49
228.96,342.43,481.44
226.37,340.28,606.39
349.9,91.36,354.6
347.31,89.219,479.55
344.72,87.078,604.5
353.19,216.3,356.81
350.6,214.16,481.76
348.01,212.01,606.71
356.48,341.23,359.02
353.89,339.09,483.97
351.3,336.95,608.92
99.74,98.19,476.05
97.509,100.78,601
95.278,103.36,725.96
101.26,223.16,473.49
99.025,225.74,598.44
96.794,228.33,723.4
102.77,348.12,470.93
100.54,350.71,595.89
98.31,353.29,720.84
224.71,96.72,478.31
222.48,99.305,603.26
220.25,101.89,728.22
226.23,221.69,475.75
224,224.27,600.71
221.77,226.86,725.66
227.74,346.65,473.19
225.51,349.24,598.15
223.28,351.82,723.1
349.68,95.25,480.57
347.45,97.835,605.53
345.22,100.42,730.48
351.2,220.21,478.01
348.97,222.8,602.97
346.74,225.38,727.92
352.71,345.18,475.46
350.48,347.76,600.41
348.25,350.35,725.36
99.54,98.76,599.3
98.36,98.48,724.29
97.18,98.2,849.29
98,223.75,599.56
96.82,223.47,724.56
95.64,223.19,849.55
96.46,348.74,599.83
95.28,348.46,724.82
94.1,348.18,849.81
224.53,100.3,600.48
223.34,100.02,725.47
222.16,99.735,850.47
222.99,225.29,600.74
221.81,225.01,725.74
220.62,224.73,850.73
221.44,350.28,601.01
220.26,350,726
219.08,349.72,850.99
349.51,101.83,601.66
348.33,101.55,726.65
347.15,101.27,851.65
347.97,226.82,601.93
346.79,226.54,726.92
345.61,226.26,851.91
346.43,351.81,602.19
345.25,351.53,727.18
344.07,351.25,852.17
99.44,223.48,100.49
95.68,225.46,225.42
91.92,227.44,350.35
96.17,348.42,98.415
92.41,350.4,223.34
88.65,352.38,348.27
92.9,473.36,96.337
89.14,475.34,221.26
85.38,477.32,346.19
224.34,226.82,104.2
220.58,228.79,229.12
216.82,230.77,354.05
221.07,351.76,102.12
217.31,353.73,227.05
213.55,355.71,351.97
217.8,476.7,100.04
214.04,478.67,224.97
210.28,480.65,349.9
349.24,230.15,107.9
345.48,232.12,232.83
341.72,234.1,357.76
345.97,355.09,105.83
342.21,357.06,230.75
338.45,359.04,355.68
342.7,480.03,103.75
338.94,482,228.68
335.18,483.98,353.6
98.17,226.88,226.5
100.76,229.24,351.45
103.35,231.6,476.4
95.7,351.84,224.19
98.29,354.2,349.14
100.88,356.55,474.09
93.23,476.79,221.88
95.82,479.15,346.83
98.41,481.51,471.78
223.12,229.3,223.86
225.71,231.66,348.81
228.3,234.02,473.76
220.65,354.26,221.55
223.24,356.62,346.5
225.83,358.98,471.45
218.18,479.21,219.25
220.77,481.57,344.19
223.36,483.93,469.14
348.07,231.73,221.23
350.66,234.08,346.18
353.25,236.44,471.13
345.6,356.68,218.92
348.19,359.04,343.87
350.78,361.4,468.82
343.13,481.63,216.61
345.72,483.99,341.56
348.31,486.35,466.51
101.2,224.8,348.68
100.35,221.37,473.63
99.51,217.93,598.58
97.714,349.71,352.09
96.87,346.27,477.04
96.026,342.84,601.99
94.23,474.61,355.5
93.386,471.18,480.45
92.543,467.74,605.4
226.14,228.26,349.62
225.3,224.83,474.57
224.46,221.39,599.52
222.66,353.17,353.03
221.82,349.73,477.98
220.97,346.3,602.93
219.18,478.07,356.44
218.33,474.64,481.39
217.49,471.2,606.34
351.09,231.72,350.56
350.25,228.29,475.51
349.4,224.85,600.46
347.61,356.62,353.97
346.76,353.19,478.92
345.92,349.76,603.87
344.12,481.53,357.38
343.28,478.1,482.33
342.43,474.66,607.28
100.77,226.7,475.33
102.15,223.22,600.27
103.54,219.75,725.22
99.779,351.65,478.81
101.17,348.17,603.76
102.55,344.7,728.7
98.79,476.59,482.3
100.18,473.12,607.24
101.56,469.64,732.19
225.76,227.73,473.97
227.14,224.25,598.91
228.53,220.78,723.86
224.77,352.67,477.45
226.15,349.2,602.4
227.54,345.72,727.34
223.78,477.62,480.94
225.17,474.15,605.88
226.55,470.67,730.83
350.74,228.75,472.61
352.13,225.28,597.55
353.52,221.8,722.5
349.76,353.7,476.09
351.14,350.23,601.04
352.53,346.75,725.98
348.77,478.65,479.58
350.15,475.17,604.52
351.54,471.7,729.47
100.74,226.75,599.37
100.07,223.02,724.31
99.393,219.29,849.25
99.246,351.69,603.09
98.573,347.96,728.03
97.899,344.23,852.97
97.753,476.63,606.81
97.079,472.9,731.75
96.405,469.17,856.7
225.73,228.22,600.08
225.06,224.49,725.03
224.38,220.77,849.97
224.24,353.16,603.81
223.56,349.43,728.75
222.89,345.7,853.69
222.74,478.1,607.53
222.07,474.37,732.47
221.39,470.64,857.41
350.72,229.7,600.8
350.04,225.97,725.74
349.37,222.24,850.69
349.22,354.63,604.52
348.55,350.9,729.47
347.88,347.18,854.41
347.73,479.57,608.25
347.06,475.84,733.19
346.38,472.11,858.13
101.59,349.25,99.997
101.25,349.48,225
100.9,349.7,349.99
104.4,474.22,99.779
104.05,474.45,224.78
103.7,474.67,349.78
107.2,599.19,99.56
106.85,599.41,224.56
106.51,599.64,349.56
226.56,346.45,100.35
226.21,346.67,225.35
225.87,346.9,350.35
229.36,471.42,100.13
229.02,471.64,225.13
228.67,471.87,350.13
232.17,596.38,99.911
231.82,596.61,224.91
231.48,596.84,349.91
351.53,343.64,100.7
351.18,343.87,225.7
350.84,344.1,350.7
354.33,468.61,100.48
353.99,468.84,225.48
353.64,469.06,350.48
357.14,593.58,100.26
356.79,593.81,225.26
356.44,594.03,350.26
99.748,351.7,224.21
99.929,350.9,349.2
100.11,350.1,474.2
103.04,476.66,225
103.22,475.86,350
103.4,475.05,475
106.33,601.61,225.8
106.51,600.81,350.8
106.69,600.01,475.79
224.7,348.41,224.01
224.89,347.61,349
225.07,346.81,474
228,473.37,224.8
228.18,472.56,349.8
228.36,471.76,474.79
231.29,598.32,225.6
231.47,597.52,350.59
231.65,596.72,475.59
349.66,345.12,223.81
349.84,344.31,348.8
350.02,343.51,473.8
352.95,470.07,224.6
353.13,469.27,349.6
353.31,468.47,474.59
356.24,595.03,225.4
356.42,594.23,350.39
356.61,593.42,475.39
99.723,351.54,350.92
97.995,350.24,475.9
96.268,348.95,600.88
98.93,476.53,352.2
97.203,475.24,477.18
95.475,473.94,602.16
98.138,601.52,353.49
96.41,600.23,478.47
94.682,598.93,603.45
224.71,352.31,352.66
222.98,351.02,477.63
221.25,349.72,602.62
223.92,477.31,353.94
222.19,476.01,478.92
220.46,474.71,603.9
223.12,602.3,355.23
221.4,601,480.21
219.67,599.7,605.19
349.69,353.09,354.39
347.97,351.79,479.37
346.24,350.5,604.35
348.9,478.08,355.68
347.17,476.78,480.66
345.44,475.49,605.64
348.11,603.07,356.96
346.38,601.77,481.94
344.65,600.48,606.92
101.95,351.5,473.16
104.68,352.54,598.12
107.41,353.58,723.09
104.94,476.46,472.05
107.67,477.5,597.02
110.4,478.54,721.98
107.93,601.42,470.94
110.66,602.46,595.91
113.4,603.5,720.88
226.88,348.49,470.45
229.61,349.53,595.41
232.35,350.57,720.38
229.87,473.45,469.34
232.61,474.49,594.31
235.34,475.53,719.27
232.87,598.4,468.24
235.6,599.45,593.2
238.33,600.49,718.17
351.82,345.47,467.74
354.55,346.51,592.71
357.28,347.55,717.67
354.81,470.43,466.63
357.54,471.47,591.6
360.27,472.51,716.57
357.8,595.39,465.53
360.53,596.43,590.49
363.26,597.47,715.46
98.12,350.46,601.49
97.42,349.9,726.48
96.72,349.34,851.48
96.65,475.45,602.04
95.95,474.89,727.04
95.25,474.33,852.03
95.18,600.44,602.6
94.48,599.88,727.59
93.78,599.32,852.59
223.11,351.93,602.19
222.41,351.37,727.19
221.71,350.81,852.18
221.64,476.92,602.75
220.94,476.36,727.74
220.24,475.8,852.74
220.17,601.91,603.3
219.47,601.35,728.3
218.77,600.79,853.29
348.1,353.4,602.9
347.4,352.84,727.89
346.7,352.28,852.89
346.63,478.39,603.46
345.93,477.83,728.45
345.23,477.27,853.44
345.16,603.38,604.01
344.46,602.82,729
343.76,602.26,854
101.49,475.23,101.95
103.54,476.41,226.92
105.59,477.6,351.9
103.79,600.2,100.72
105.84,601.39,225.7
107.89,602.57,350.68
106.08,725.17,99.502
108.13,726.36,224.48
110.18,727.54,349.46
226.45,472.91,99.92
228.5,474.1,224.9
230.55,475.28,349.87
228.75,597.88,98.697
230.79,599.07,223.67
232.84,600.25,348.65
231.04,722.86,97.475
233.09,724.04,222.45
235.14,725.23,347.43
351.41,470.59,97.893
353.46,471.78,222.87
355.51,472.96,347.85
353.7,595.56,96.67
355.75,596.75,221.65
357.81,597.94,346.63
356,720.54,95.448
358.05,721.72,220.43
360.1,722.91,345.4
98.888,473.87,225.58
98.89,474.3,350.58
98.893,474.73,475.58
95.67,598.83,225.15
95.673,599.26,350.15
95.675,599.69,475.15
92.453,723.79,224.72
92.455,724.22,349.72
92.458,724.65,474.71
223.85,477.09,225.57
223.85,477.52,350.56
223.85,477.95,475.56
220.63,602.05,225.13
220.63,602.48,350.13
220.63,602.91,475.13
217.41,727,224.7
217.41,727.44,349.7
217.42,727.87,474.7
348.8,480.3,225.55
348.81,480.73,350.55
348.81,481.17,475.55
345.59,605.26,225.12
345.59,605.69,350.12
345.59,606.12,475.12
342.37,730.22,224.69
342.37,730.65,349.69
342.37,731.08,474.69
100.92,474.18,349.15
104.64,472.53,474.08
108.37,470.87,599.02
102.82,599.16,350.75
106.55,597.5,475.68
110.27,595.85,600.61
104.73,724.13,352.34
108.45,722.48,477.28
112.18,720.82,602.21
225.85,472.32,345.4
229.57,470.67,470.33
233.3,469.02,595.27
227.75,597.3,347
231.48,595.65,471.93
235.2,593.99,596.86
229.66,722.28,348.59
233.38,720.62,473.53
237.11,718.97,598.46
350.78,470.47,341.65
354.5,468.81,466.59
358.23,467.16,591.52
352.68,595.44,343.25
356.41,593.79,468.18
360.13,592.13,593.12
354.59,720.42,344.85
358.31,718.76,469.78
362.04,717.11,594.71
98.063,474.04,474.81
99.91,476.01,599.78
101.76,477.98,724.75
96.825,599.02,472.86
98.673,600.99,597.83
100.52,602.96,722.8
95.588,724,470.9
97.435,725.97,595.88
99.283,727.94,720.85
223.04,475.25,472.94
224.89,477.22,597.91
226.74,479.19,722.88
221.81,600.23,470.99
223.65,602.2,595.96
225.5,604.17,720.93
220.57,725.21,469.04
222.42,727.18,594.01
224.26,729.15,718.98
348.02,476.46,471.07
349.87,478.43,596.04
351.72,480.4,721.01
346.79,601.43,469.12
348.63,603.4,594.09
350.48,605.38,719.06
345.55,726.41,467.17
347.4,728.38,592.14
349.24,730.35,717.11
101.28,474.26,598.54
99.545,471.6,723.5
97.81,468.93,848.46
102.19,599.23,601.22
100.46,596.57,726.18
98.725,593.9,851.13
103.11,724.2,603.9
101.38,721.53,728.85
99.64,718.87,853.81
226.26,473.31,600.26
224.53,470.65,725.21
222.79,467.98,850.17
227.18,598.28,602.94
225.44,595.61,727.89
223.71,592.95,852.85
228.09,723.25,605.61
226.36,720.58,730.57
224.62,717.92,855.53
351.25,472.36,601.97
349.51,469.69,726.93
347.78,467.03,851.89
352.16,597.33,604.65
350.43,594.66,729.61
348.69,592,854.56
353.08,722.29,607.33
351.34,719.63,732.29
349.61,716.96,857.24
99.422,599.17,99.47
100.69,597.41,224.45
101.96,595.65,349.43
103.15,724.1,101.19
104.42,722.34,226.17
105.68,720.59,351.15
106.88,849.03,102.91
108.15,847.28,227.89
109.41,845.52,352.87
224.36,595.46,98.15
225.63,593.7,223.13
226.89,591.95,348.11
228.09,720.39,99.87
229.36,718.63,224.85
230.62,716.88,349.83
231.82,845.32,101.59
233.08,843.57,226.57
234.35,841.81,351.55
349.3,591.75,96.83
350.56,590,221.81
351.83,588.24,346.79
353.03,716.68,98.55
354.29,714.93,223.53
355.56,713.17,348.51
356.75,841.62,100.27
358.02,839.86,225.25
359.29,838.1,350.23
100.65,599.04,223.73
96.89,601.48,348.65
93.13,603.92,473.57
97.295,723.96,221.19
93.535,726.41,346.11
89.775,728.85,471.03
93.94,848.89,218.65
90.18,851.33,343.57
86.42,853.77,468.49
225.55,602.47,227.42
221.79,604.91,352.34
218.03,607.35,477.26
222.19,727.39,224.88
218.43,729.84,349.8
214.67,732.28,474.72
218.84,852.32,222.35
215.08,854.76,347.26
211.32,857.2,472.18
350.44,605.9,231.12
346.68,608.34,356.04
342.92,610.78,480.96
347.09,730.82,228.58
343.33,733.26,353.5
339.57,735.71,478.42
343.73,855.75,226.04
339.97,858.19,350.96
336.21,860.63,475.88
100.76,601.16,350.26
102.29,603.89,475.22
103.82,606.62,600.18
104.07,726.09,347.49
105.6,728.82,472.45
107.13,731.55,597.41
107.38,851.01,344.71
108.91,853.75,469.67
110.44,856.48,594.63
225.71,597.82,348.8
227.24,600.55,473.76
228.76,603.28,598.73
229.02,722.75,346.03
230.54,725.48,470.99
232.07,728.21,595.95
232.32,847.67,343.26
233.85,850.41,468.22
235.38,853.14,593.18
350.65,594.48,347.35
352.18,597.21,472.31
353.71,599.94,597.27
353.96,719.4,344.57
355.49,722.14,469.53
357.02,724.87,594.5
357.27,844.33,341.8
358.8,847.07,466.76
360.33,849.8,591.72
99.34,600.18,476.78
97.704,596.67,601.72
96.067,593.16,726.66
101.47,725.12,480.32
99.835,721.6,605.26
98.199,718.09,730.2
103.6,850.05,483.87
101.97,846.54,608.81
100.33,843.02,733.75
224.31,598,478.36
222.68,594.49,603.3
221.04,590.98,728.24
226.44,722.94,481.9
224.81,719.43,606.84
223.17,715.91,731.78
228.57,847.87,485.45
226.94,844.36,610.39
225.3,840.85,735.33
349.28,595.83,479.94
347.65,592.31,604.88
346.01,588.8,729.82
351.41,720.76,483.48
349.78,717.25,608.42
348.14,713.74,733.36
353.55,845.69,487.02
351.91,842.18,611.96
350.27,838.67,736.9
98.052,599.78,600.7
100.37,600.74,725.67
102.7,601.69,850.65
97.835,724.78,599.75
100.16,725.73,724.72
102.48,726.69,849.7
97.617,849.77,598.8
99.94,850.73,723.77
102.26,851.68,848.75
223.03,599.98,598.38
225.35,600.94,723.35
227.67,601.89,848.33
222.81,724.98,597.43
225.13,725.93,722.4
227.46,726.89,847.38
222.59,849.97,596.48
224.92,850.93,721.45
227.24,851.88,846.43
348.01,600.18,596.06
350.33,601.13,721.03
352.65,602.09,846.01
347.79,725.17,595.11
350.11,726.13,720.08
352.43,727.09,845.06
347.57,850.17,594.16
349.89,851.12,719.13
352.22,852.08,844.11
223.23,99.698,100.49
219.86,100.21,225.44
216.49,100.72,350.4
222.99,224.69,99.975
219.61,225.21,224.93
216.24,225.72,349.88
222.74,349.69,99.46
219.37,350.2,224.41
216,350.71,349.37
348.18,99.954,103.86
344.81,100.47,228.81
341.44,100.98,353.77
347.94,224.95,103.34
344.57,225.46,228.3
341.2,225.97,353.25
347.7,349.95,102.83
344.32,350.46,227.78
340.95,350.97,352.74
473.14,100.21,107.23
469.77,100.72,232.19
466.39,101.23,357.14
472.89,225.21,106.72
469.52,225.72,231.67
466.15,226.23,356.62
472.65,350.2,106.2
469.28,350.71,231.16
465.91,351.23,356.11
225.4,101.9,225.79
222.57,104.87,350.73
219.74,107.84,475.66
222.23,226.82,222.75
219.4,229.79,347.68
216.56,232.76,472.62
219.05,351.74,219.71
216.22,354.71,344.64
213.39,357.68,469.58
350.33,105.14,228.55
347.5,108.11,353.48
344.67,111.08,478.42
347.16,230.07,225.51
344.32,233.03,350.44
341.49,236,475.37
343.98,354.99,222.47
341.15,357.96,347.4
338.32,360.92,472.33
475.26,108.39,231.3
472.43,111.36,356.24
469.59,114.33,481.17
472.08,233.31,228.26
469.25,236.28,353.2
466.42,239.25,478.13
468.91,358.23,225.22
466.08,361.2,350.16
463.24,364.17,475.09
226.24,99.208,349.49
227.93,100.36,474.47
229.61,101.52,599.45
227.13,224.2,348.32
228.82,225.35,473.3
230.5,226.51,598.29
228.02,349.19,347.15
229.71,350.34,472.14
231.39,351.5,597.12
351.22,98.299,347.81
352.91,99.453,472.79
354.6,100.61,597.78
352.11,223.29,346.64
353.8,224.44,471.63
355.49,225.6,596.61
353,348.28,345.48
354.69,349.44,470.46
356.38,350.59,595.44
476.21,97.39,346.13
477.89,98.544,471.12
479.58,99.698,596.1
477.1,222.38,344.97
478.78,223.53,469.95
480.47,224.69,594.93
477.99,347.37,343.8
479.67,348.53,468.78
481.36,349.68,593.77
225.41,101.63,474.75
223.14,97.901,599.68
220.87,94.172,724.6
223.3,226.56,478.44
221.03,222.83,603.37
218.76,219.1,728.29
221.19,351.49,482.13
218.92,347.76,607.06
216.65,344.03,731.98
350.37,103.67,477.09
348.1,99.94,602.01
345.83,96.211,726.93
348.26,228.6,480.78
345.99,224.87,605.7
343.72,221.14,730.62
346.15,353.53,484.47
343.88,349.8,609.39
341.61,346.07,734.32
475.33,105.71,479.42
473.06,101.98,604.34
470.79,98.25,729.27
473.22,230.64,483.11
470.95,226.91,608.03
468.68,223.18,732.96
471.12,355.56,486.8
468.84,351.84,611.73
466.57,348.11,736.65
224.73,99.56,598.23
222.03,102.31,723.18
219.32,105.07,848.12
227.97,224.49,595.55
225.27,227.25,720.49
222.56,230,845.43
231.21,349.42,592.87
228.51,352.18,717.81
225.8,354.93,842.75
349.66,96.38,601.01
346.96,99.135,725.95
344.25,101.89,850.89
352.9,221.31,598.33
350.2,224.06,723.27
347.49,226.82,848.21
356.14,346.24,595.64
353.44,349,720.58
350.73,351.75,845.53
474.59,93.2,603.79
471.89,95.955,728.73
469.18,98.71,853.67
477.83,218.13,601.1
475.12,220.88,726.04
472.42,223.64,850.99
481.07,343.06,598.42
478.36,345.81,723.36
475.66,348.57,848.3
224.13,224.67,99.502
221.89,223.28,224.47
219.64,221.88,349.45
221.51,349.64,100.85
219.26,348.24,225.82
217.01,346.85,350.79
218.88,474.6,102.2
216.64,473.21,227.17
214.39,471.81,352.14
349.08,227.27,101.78
346.84,225.88,226.75
344.59,224.48,351.72
346.46,352.24,103.12
344.21,350.84,228.1
341.97,349.45,353.07
343.84,477.2,104.47
341.59,475.81,229.44
339.34,474.41,354.42
474.04,229.87,104.05
471.79,228.48,229.02
469.54,227.08,354
471.41,354.84,105.4
469.17,353.44,230.37
466.92,352.05,355.34
468.79,479.8,106.75
466.54,478.41,231.72
464.29,477.01,356.69
223.9,225.22,226.68
221.16,223.49,351.64
218.42,221.75,476.59
222.1,350.2,228.37
219.36,348.46,353.33
216.62,346.73,478.29
220.3,475.17,230.07
217.56,473.44,355.03
214.82,471.7,479.99
348.85,226.98,229.44
346.11,225.25,354.4
343.37,223.51,479.36
347.06,351.96,231.14
344.31,350.22,356.1
341.57,348.49,481.06
345.26,476.93,232.84
342.52,475.2,357.79
339.77,473.46,482.75
473.81,228.74,232.21
471.07,227,357.17
468.33,225.27,482.13
472.01,353.72,233.91
469.27,351.98,358.86
466.53,350.25,483.82
470.21,478.69,235.6
467.47,476.96,360.56
464.73,475.22,485.52
225.7,226.97,349.39
229.31,226.31,474.34
232.91,225.64,599.29
223.89,351.96,350.11
227.5,351.29,475.06
231.1,350.63,600
222.08,476.94,350.83
225.69,476.28,475.77
229.29,475.61,600.72
350.63,228.8,345.8
354.24,228.14,470.75
357.85,227.47,595.69
348.83,353.78,346.52
352.43,353.12,471.46
356.04,352.46,596.41
347.02,478.77,347.23
350.62,478.11,472.18
354.23,477.44,597.13
475.57,230.63,342.21
479.17,229.96,467.15
482.78,229.3,592.1
473.76,355.61,342.92
477.37,354.95,467.87
480.97,354.29,592.82
471.95,480.6,343.64
475.56,479.94,468.59
479.16,479.27,593.53
225.63,224.12,476.52
223.27,225.7,601.49
220.91,227.28,726.45
227.99,349.09,474.98
225.64,350.67,599.95
223.28,352.25,724.92
230.36,474.06,473.45
228,475.64,598.42
225.64,477.21,723.39
350.58,221.79,478.91
348.22,223.37,603.88
345.86,224.94,728.85
352.95,346.75,477.37
350.59,348.33,602.34
348.23,349.91,727.31
355.31,471.72,475.84
352.95,473.3,600.81
350.6,474.88,725.78
475.54,219.45,481.3
473.18,221.03,606.27
470.82,222.61,731.24
477.9,344.42,479.77
475.54,346,604.73
473.18,347.58,729.7
480.27,469.39,478.23
477.91,470.97,603.2
475.55,472.54,728.17
224.79,224.29,600.92
226.04,225.74,725.91
227.29,227.19,850.89
224.83,349.28,599.47
226.08,350.73,724.45
227.33,352.18,849.44
224.87,474.27,598.02
226.11,475.72,723
227.36,477.17,847.99
349.79,224.24,599.67
351.04,225.69,724.66
352.28,227.14,849.64
349.82,349.23,598.22
351.07,350.68,723.21
352.32,352.13,848.19
349.86,474.22,596.77
351.11,475.67,721.75
352.36,477.12,846.74
474.78,224.18,598.42
476.03,225.64,723.41
477.28,227.09,848.39
474.82,349.18,596.97
476.07,350.63,721.96
477.31,352.08,846.94
474.85,474.17,595.52
476.1,475.62,720.51
477.35,477.07,845.49
226.67,349.17,101.99
226.27,352.2,226.95
225.87,355.23,351.92
226.89,474.14,98.962
226.5,477.17,223.92
226.1,480.2,348.89
227.12,599.1,95.932
226.72,602.13,220.89
226.32,605.16,345.86
351.67,348.96,102.4
351.27,351.99,227.36
350.87,355.02,352.32
351.89,473.92,99.365
351.49,476.95,224.33
351.1,479.98,349.29
352.12,598.88,96.335
351.72,601.92,221.3
351.32,604.95,346.26
476.67,348.74,102.8
476.27,351.77,227.76
475.87,354.8,352.72
476.89,473.7,99.768
476.49,476.74,224.73
476.09,479.77,349.69
477.12,598.67,96.738
476.72,601.7,221.7
476.32,604.73,346.66
223.74,351.53,226.48
223.79,352.06,351.47
223.84,352.6,476.47
226.86,476.49,225.95
226.91,477.02,350.94
226.97,477.56,475.93
229.98,601.45,225.41
230.04,601.98,350.4
230.09,602.52,475.4
348.7,348.41,226.44
348.75,348.94,351.43
348.8,349.47,476.43
351.82,473.37,225.91
351.87,473.9,350.9
351.93,474.43,475.89
354.94,598.32,225.37
355,598.86,350.37
355.05,599.39,475.36
473.66,345.28,226.4
473.71,345.82,351.4
473.76,346.35,476.39
476.78,470.24,225.87
476.83,470.77,350.86
476.88,471.31,475.85
479.9,595.2,225.33
479.95,595.73,350.33
480.01,596.27,475.32
224.16,348.7,348.91
224.32,345.52,473.87
224.49,342.33,598.83
223.11,473.66,352.1
223.28,470.47,477.06
223.44,467.29,602.02
222.07,598.61,355.29
222.23,595.43,480.25
222.4,592.24,605.21
349.15,349.75,348.77
349.32,346.56,473.73
349.49,343.38,598.69
348.11,474.7,351.96
348.27,471.52,476.92
348.44,468.34,601.88
347.06,599.66,355.15
347.23,596.48,480.11
347.39,593.29,605.07
474.15,350.8,348.63
474.32,347.61,473.59
474.48,344.43,598.55
473.1,475.75,351.82
473.27,472.57,476.78
473.44,469.38,601.74
472.06,600.71,355.01
472.22,597.52,479.97
472.39,594.34,604.92
224.61,350.85,475.69
221.89,348.04,600.63
219.17,345.23,725.57
227.28,475.79,478.56
224.57,472.98,603.5
221.85,470.17,728.44
229.96,600.73,481.43
227.24,597.92,606.37
224.52,595.1,731.31
349.55,348.12,478.35
346.84,345.31,603.29
344.12,342.5,728.23
352.23,473.06,481.22
349.51,470.25,606.16
346.79,467.43,731.1
354.9,598,484.09
352.18,595.18,609.03
349.46,592.37,733.97
474.5,345.39,481.01
471.78,342.57,605.95
469.06,339.76,730.88
477.17,470.32,483.88
474.45,467.51,608.82
471.73,464.7,733.76
479.84,595.26,486.75
477.12,592.45,611.69
474.4,589.64,736.63
226.6,349.9,599.58
223.77,349.21,724.55
220.95,348.51,849.52
229.62,474.86,600.34
226.79,474.17,725.31
223.97,473.48,850.27
232.64,599.82,601.1
229.81,599.13,726.06
226.99,598.44,851.03
351.53,346.86,602.39
348.71,346.17,727.36
345.88,345.48,852.32
354.55,471.82,603.15
351.73,471.13,728.12
348.91,470.44,853.08
357.57,596.79,603.91
354.75,596.09,728.87
351.93,595.4,853.84
476.46,343.82,605.2
473.64,343.13,730.17
470.82,342.44,855.13
479.48,468.78,605.96
476.66,468.09,730.92
473.84,467.4,855.89
482.5,593.75,606.71
479.68,593.06,731.68
476.86,592.36,856.65
225.5,475.2,100.17
223.13,473.08,225.13
220.76,470.96,350.09
223.54,600.17,102.25
221.17,598.05,227.21
218.8,595.93,352.17
221.58,725.14,104.34
219.21,723.02,229.3
216.84,720.89,354.26
350.47,477.12,102.58
348.09,475,227.53
345.72,472.88,352.49
348.51,602.09,104.66
346.13,599.97,229.62
343.76,597.85,354.58
346.55,727.06,106.75
344.17,724.94,231.7
341.8,722.81,356.66
475.43,479.04,104.98
473.06,476.92,229.94
470.68,474.8,354.9
473.47,604.01,107.07
471.1,601.89,232.03
468.72,599.76,356.99
471.51,728.98,109.15
469.14,726.86,234.11
466.76,724.73,359.07
226.31,476.1,224.52
228.16,472.36,349.45
230,468.62,474.38
226.18,601.05,228.27
228.03,597.31,353.2
229.87,593.56,478.13
226.05,725.99,232.01
227.89,722.25,356.94
229.74,718.51,481.87
351.3,476.29,222.69
353.14,472.55,347.62
354.99,468.81,472.55
351.17,601.23,226.43
353.01,597.49,351.36
354.86,593.75,476.29
351.03,726.18,230.17
352.88,722.43,355.11
354.73,718.69,480.04
476.29,476.48,220.85
478.13,472.73,345.78
479.98,468.99,470.71
476.15,601.42,224.59
478,597.68,349.52
479.85,593.94,474.46
476.02,726.36,228.34
477.87,722.62,353.27
479.71,718.88,478.2
224.49,476.02,350.55
225.63,479.12,475.5
226.77,482.22,600.46
227.24,600.95,347.42
228.38,604.05,472.38
229.52,607.16,597.33
229.99,725.88,344.3
231.13,728.99,469.25
232.27,732.09,594.21
349.46,473.24,349.47
350.6,476.34,474.43
351.74,479.45,599.39
352.21,598.17,346.35
353.35,601.28,471.3
354.49,604.38,596.26
354.96,723.11,343.22
356.1,726.21,468.18
357.24,729.31,593.13
474.42,470.46,348.4
475.56,473.56,473.36
476.7,476.67,598.31
477.17,595.39,345.27
478.31,598.5,470.23
479.45,601.6,595.19
479.92,720.33,342.15
481.06,723.43,467.1
482.2,726.53,592.06
226.4,473.64,475.26
227.4,476.86,600.22
228.4,480.07,725.17
224.23,598.58,472.06
225.24,601.8,597.02
226.24,605.01,721.97
222.07,723.52,468.87
223.07,726.74,593.82
224.07,729.95,718.78
351.38,475.78,474.2
352.38,479,599.16
353.38,482.21,724.11
349.21,600.72,471.01
350.21,603.94,595.96
351.22,607.15,720.92
347.05,725.66,467.81
348.05,728.88,592.76
349.05,732.09,717.72
476.36,477.92,473.15
477.36,481.14,598.1
478.36,484.35,723.06
474.19,602.86,469.95
475.19,606.08,594.9
476.19,609.29,719.86
472.03,727.8,466.75
473.03,731.02,591.71
474.03,734.23,716.66
225.04,473.11,601.06
223.04,473.41,726.04
221.04,473.71,851.02
226.37,598.1,600.78
224.37,598.41,725.76
222.37,598.71,850.74
227.7,723.1,600.5
225.7,723.4,725.48
223.7,723.7,850.46
350.02,471.78,603.06
348.02,472.09,728.04
346.02,472.39,853.03
351.35,596.78,602.78
349.35,597.08,727.77
347.35,597.38,852.75
352.68,721.77,602.51
350.68,722.07,727.49
348.68,722.37,852.47
475,470.46,605.07
473,470.76,730.05
471,471.06,855.03
476.33,595.45,604.79
474.33,595.75,729.77
472.33,596.05,854.75
477.66,720.45,604.51
475.66,720.75,729.49
473.66,721.05,854.47
225.94,601.57,100.52
227,602.45,225.51
228.07,603.32,350.5
226.76,726.57,99.635
227.83,727.44,224.63
228.9,728.31,349.62
227.59,851.56,98.752
228.66,852.43,223.74
229.72,853.31,348.74
350.93,600.74,99.46
352,601.61,224.45
353.06,602.49,349.44
351.76,725.73,98.577
352.82,726.61,223.57
353.89,727.48,348.56
352.58,850.73,97.695
353.65,851.6,222.69
354.72,852.47,347.68
475.93,599.9,98.403
476.99,600.78,223.4
478.06,601.65,348.39
476.75,724.9,97.52
477.82,725.77,222.51
478.88,726.65,347.51
477.58,849.89,96.638
478.64,850.77,221.63
479.71,851.64,346.62
225.22,599.08,226.68
225.69,597.93,351.67
226.16,596.77,476.66
222.61,724.05,227.85
223.09,722.89,352.84
223.56,721.74,477.83
220.01,849.02,229.02
220.48,847.86,354.01
220.95,846.7,479
350.19,601.69,226.23
350.66,600.53,351.22
351.13,599.38,476.21
347.59,726.66,227.4
348.06,725.5,352.39
348.53,724.34,477.38
344.98,851.63,228.57
345.45,850.47,353.56
345.92,849.31,478.55
475.16,604.3,225.78
475.63,603.14,350.77
476.1,601.98,475.77
472.56,729.27,226.95
473.03,728.11,351.94
473.5,726.95,476.94
469.95,854.23,228.12
470.42,853.08,353.11
470.89,851.92,478.11
225.73,600.98,348.66
224.64,602.02,473.65
223.55,603.06,598.64
224.3,725.97,347.6
223.21,727.01,472.59
222.12,728.05,597.58
222.87,850.95,346.55
221.78,852,471.54
220.69,853.04,596.53
350.72,602.42,349.74
349.63,603.46,474.73
348.54,604.5,599.72
349.29,727.41,348.69
348.2,728.45,473.68
347.11,729.49,598.66
347.86,852.39,347.63
346.77,853.44,472.62
345.68,854.48,597.61
475.71,603.86,350.82
474.62,604.9,475.81
473.53,605.94,600.8
474.28,728.85,349.77
473.19,729.89,474.76
472.1,730.93,599.75
472.85,853.83,348.71
471.76,854.88,473.7
470.67,855.92,598.69
223.17,598.93,474
226.76,602.3,598.9
230.34,605.67,723.8
220.37,723.86,470.71
223.96,727.23,595.61
227.54,730.6,720.51
217.57,848.78,467.42
221.15,852.15,592.32
224.74,855.52,717.22
348.09,601.63,470.34
351.67,605,595.24
355.26,608.38,720.14
345.29,726.56,467.05
348.87,729.93,591.95
352.46,733.3,716.85
342.48,851.48,463.76
346.07,854.86,588.66
349.66,858.23,713.56
473,604.34,466.68
476.59,607.71,591.58
480.18,611.08,716.48
470.2,729.26,463.39
473.79,732.63,588.29
477.37,736.01,713.19
467.4,854.19,460.1
470.99,857.56,585
474.57,860.93,709.9
226.23,600.8,601.63
223.52,599.71,726.6
220.8,598.62,851.56
228.2,725.78,602.77
225.49,724.69,727.73
222.77,723.6,852.7
230.17,850.76,603.9
227.46,849.67,728.87
224.74,848.58,853.83
351.19,598.81,604.33
348.47,597.72,729.29
345.76,596.63,854.26
353.15,723.79,605.46
350.44,722.7,730.43
347.73,721.61,855.4
355.12,848.77,606.6
352.41,847.68,731.57
349.7,846.58,856.53
476.14,596.82,607.03
473.42,595.72,731.99
470.71,594.63,856.96
478.11,721.79,608.16
475.39,720.7,733.13
472.68,719.61,858.1
480.08,846.77,609.3
477.36,845.68,734.27
474.65,844.59,859.23
350.65,100.85,101.86
350.13,97.481,226.82
349.6,94.113,351.77
347.25,225.76,105.22
346.72,222.39,230.17
346.2,219.02,355.13
343.84,350.67,108.57
343.32,347.3,233.53
342.8,343.93,358.48
475.6,104.24,102.48
475.08,100.87,227.43
474.56,97.501,352.39
472.2,229.15,105.83
471.68,225.78,230.79
471.15,222.41,355.74
468.8,354.06,109.19
468.27,350.69,234.14
467.75,347.32,359.09
600.55,107.63,103.09
600.03,104.26,228.05
599.51,100.89,353
597.15,232.54,106.45
596.63,229.17,231.4
596.11,225.8,356.35
593.75,357.44,109.8
593.23,354.08,234.75
592.7,350.71,359.71
349.71,98.763,226.02
350.05,101.17,351
350.38,103.57,475.98
352.5,223.71,223.61
352.83,226.11,348.59
353.17,228.51,473.57
355.29,348.65,221.21
355.62,351.06,346.18
355.95,353.46,471.16
474.68,95.97,225.74
475.01,98.373,350.72
475.34,100.78,475.7
477.47,220.92,223.34
477.8,223.32,348.31
478.13,225.72,473.29
480.25,345.86,220.93
480.59,348.26,345.9
480.92,350.67,470.88
599.65,93.177,225.46
599.98,95.58,350.44
600.31,97.983,475.42
602.43,218.12,223.06
602.77,220.53,348.03
603.1,222.93,473.01
605.22,343.07,220.65
605.55,345.47,345.63
605.89,347.87,470.6
349.26,100.35,349.35
349.93,101.79,474.34
350.6,103.23,599.33
351.95,225.32,347.9
352.63,226.76,472.89
353.3,228.2,597.88
354.65,350.28,346.45
355.32,351.72,471.44
355.99,353.16,596.43
474.23,97.645,348.71
474.9,99.085,473.7
475.57,100.53,598.69
476.92,222.61,347.26
477.6,224.05,472.25
478.27,225.49,597.24
479.62,347.58,345.81
480.29,349.02,470.8
480.96,350.46,595.79
599.2,94.94,348.08
599.87,96.38,473.07
600.54,97.82,598.06
601.89,219.9,346.63
602.56,221.34,471.61
603.24,222.79,596.6
604.59,344.87,345.17
605.26,346.31,470.16
605.93,347.75,595.15
349.74,101.19,475.28
349.58,99.199,600.26
349.42,97.208,725.25
352.01,226.15,477.27
351.85,224.16,602.26
351.69,222.17,727.24
354.28,351.12,479.27
354.12,349.13,604.25
353.96,347.14,729.24
474.72,98.916,475.4
474.56,96.925,600.39
474.4,94.934,725.37
476.99,223.88,477.4
476.83,221.89,602.38
476.67,219.9,727.37
479.26,348.84,479.4
479.1,346.85,604.38
478.94,344.86,729.36
599.7,96.643,475.53
599.54,94.651,600.51
599.38,92.66,725.5
601.97,221.61,477.53
601.81,219.62,602.51
601.65,217.62,727.49
604.24,346.57,479.52
604.08,344.58,604.51
603.92,342.59,729.49
348.72,101.82,601.64
347.6,104.7,726.6
346.47,107.58,851.56
347.46,226.78,598.75
346.34,229.66,723.71
345.22,232.54,848.67
346.21,351.74,595.86
345.09,354.62,720.82
343.96,357.5,845.78
473.71,103.1,602.73
472.59,105.98,727.69
471.46,108.86,852.65
472.45,228.06,599.84
471.33,230.94,724.8
470.21,233.82,849.76
471.2,353.02,596.95
470.08,355.9,721.91
468.95,358.78,846.87
598.7,104.38,603.83
597.58,107.26,728.79
596.45,110.14,853.75
597.44,229.34,600.94
596.32,232.22,725.9
595.2,235.1,850.86
596.19,354.3,598.05
595.07,357.18,723.01
593.94,360.06,847.97
349.89,223.02,100.37
350.29,223.98,225.36
350.68,224.94,350.36
349.96,348.02,99.41
350.35,348.98,224.4
350.75,349.94,349.4
350.03,473.01,98.45
350.42,473.97,223.44
350.81,474.93,348.44
474.89,222.95,99.975
475.29,223.91,224.97
475.68,224.87,349.96
474.96,347.95,99.015
475.35,348.91,224.01
475.75,349.87,349
475.03,472.94,98.055
475.42,473.9,223.05
475.81,474.86,348.04
599.89,222.88,99.58
600.28,223.84,224.57
600.68,224.8,349.57
599.96,347.88,98.62
600.35,348.84,223.62
600.75,349.8,348.61
600.03,472.87,97.66
600.42,473.83,222.66
600.81,474.79,347.65
348.79,225.66,226.08
347.86,228.99,351.03
346.93,232.33,475.98
352.33,350.57,222.77
351.4,353.9,347.72
350.48,357.23,472.67
355.88,475.47,219.46
354.95,478.81,344.42
354.02,482.14,469.37
473.73,222.14,227.1
472.8,225.47,352.05
471.88,228.81,477
477.28,347.04,223.79
476.35,350.38,348.74
475.42,353.71,473.69
480.83,471.95,220.49
479.9,475.29,345.44
478.97,478.62,470.39
598.68,218.62,228.12
597.75,221.95,353.07
596.82,225.28,478.02
602.23,343.52,224.81
601.3,346.86,349.77
600.37,350.19,474.72
605.77,468.43,221.51
604.84,471.76,346.46
603.91,475.1,471.41
351.03,224,349.19
352.52,221.61,474.16
354.02,219.21,599.13
350.17,348.97,351.59
351.67,346.58,476.56
353.16,344.19,601.53
349.32,473.95,354
350.81,471.55,478.97
352.3,469.16,603.94
476.02,224.89,347.71
477.51,222.49,472.68
479,220.1,597.65
475.16,349.86,350.12
476.65,347.47,475.09
478.15,345.07,600.06
474.3,474.83,352.53
475.8,472.44,477.5
477.29,470.05,602.46
601.01,225.77,346.24
602.5,223.38,471.21
603.99,220.99,596.18
600.15,350.75,348.65
601.64,348.35,473.62
603.13,345.96,598.58
599.29,475.72,351.05
600.78,473.33,476.02
602.28,470.93,600.99
349.05,226.37,474.99
346.58,227.23,599.97
344.12,228.08,724.94
347.3,351.36,474.11
344.83,352.21,599.08
342.36,353.06,724.05
345.54,476.34,473.22
343.07,477.2,598.19
340.6,478.05,723.17
474.02,228.15,477.45
471.55,229,602.42
469.08,229.85,727.4
472.26,353.13,476.56
469.79,353.98,601.54
467.32,354.84,726.51
470.5,478.12,475.68
468.04,478.97,600.65
465.57,479.82,725.62
598.98,229.92,479.91
596.51,230.77,604.88
594.04,231.62,729.85
597.22,354.9,479.02
594.75,355.75,603.99
592.29,356.61,728.97
595.47,479.89,478.13
593,480.74,603.11
590.53,481.59,728.08
351.52,223.77,599.75
350.99,224.6,724.74
350.47,225.44,849.74
353.47,348.75,598.92
352.95,349.59,723.92
352.43,350.42,848.91
355.43,473.73,598.1
354.91,474.57,723.09
354.39,475.4,848.09
476.5,221.81,600.28
475.98,222.65,725.28
475.46,223.49,850.27
478.46,346.8,599.46
477.94,347.63,724.45
477.42,348.47,849.45
480.42,471.78,598.64
479.9,472.61,723.63
479.37,473.45,848.62
601.48,219.86,600.82
600.96,220.7,725.81
600.44,221.53,850.81
603.44,344.84,600
602.92,345.68,724.99
602.4,346.51,849.98
605.4,469.82,599.17
604.88,470.66,724.17
604.36,471.5,849.16
348.63,349.02,98.158
346.24,350.79,223.12
343.84,352.57,348.09
350.48,473.99,96.42
348.09,475.77,221.38
345.7,477.54,346.35
352.34,598.97,94.683
349.95,600.74,219.65
347.55,602.52,344.61
473.59,347.2,100.58
471.2,348.98,225.54
468.8,350.75,350.5
475.44,472.18,98.838
473.05,473.95,223.8
470.66,475.72,348.77
477.3,597.15,97.1
474.91,598.92,222.07
472.52,600.7,347.03
598.55,345.38,102.99
596.16,347.16,227.96
593.77,348.93,352.92
600.41,470.36,101.26
598.01,472.13,226.22
595.62,473.9,351.19
602.26,595.33,99.518
599.87,597.1,224.48
597.48,598.88,349.45
348.42,349.37,226.65
352.02,351.02,351.58
355.62,352.67,476.52
346.83,474.35,225.04
350.43,476,349.98
354.03,477.65,474.92
345.23,599.33,223.44
348.83,600.98,348.37
352.43,602.63,473.31
473.35,350.92,223.03
476.95,352.57,347.97
480.56,354.22,472.9
471.76,475.9,221.42
475.36,477.55,346.36
478.96,479.2,471.3
470.16,600.88,219.82
473.76,602.53,344.76
477.37,604.18,469.69
598.29,352.47,219.41
601.89,354.12,344.35
605.49,355.77,469.29
596.69,477.45,217.81
600.29,479.1,342.74
603.89,480.75,467.68
595.1,602.43,216.2
598.7,604.08,341.14
602.3,605.73,466.08
351.63,350.53,350.55
352.94,351.04,475.54
354.25,351.54,600.54
348.2,475.48,350.08
349.52,475.99,475.08
350.83,476.49,600.07
344.78,600.43,349.62
346.09,600.94,474.61
347.4,601.44,599.6
476.58,353.95,349.23
477.89,354.45,474.22
479.2,354.96,599.21
473.15,478.9,348.76
474.46,479.4,473.75
475.77,479.91,598.75
469.73,603.85,348.29
471.04,604.36,473.29
472.35,604.86,598.28
601.53,357.37,347.91
602.84,357.87,472.9
604.15,358.38,597.89
598.1,482.32,347.44
599.41,482.82,472.43
600.72,483.33,597.42
594.67,607.27,346.97
595.99,607.77,471.97
597.3,608.28,596.96
348.03,348.27,476.39
348.93,344.67,601.33
349.82,341.06,726.28
350.34,473.2,479.97
351.24,469.59,604.92
352.13,465.99,729.86
352.65,598.12,483.56
353.54,594.52,608.5
354.44,590.92,733.45
473.01,345.99,475.43
473.9,342.38,600.37
474.8,338.78,725.32
475.32,470.91,479.01
476.21,467.31,603.96
477.11,463.71,728.9
477.63,595.84,482.6
478.52,592.24,607.54
479.41,588.64,732.49
597.99,343.7,474.47
598.88,340.1,599.41
599.77,336.5,724.36
600.29,468.63,478.06
601.19,465.03,603
602.08,461.43,727.94
602.6,593.56,481.64
603.5,589.96,606.59
604.39,586.35,731.53
350.34,351.92,599.09
350.88,351.98,724.09
351.41,352.04,849.09
348.62,476.91,599.04
349.15,476.97,724.04
349.68,477.03,849.04
346.89,601.89,598.99
347.42,601.95,723.99
347.96,602.01,848.99
475.33,353.65,598.56
475.86,353.71,723.56
476.4,353.77,848.56
473.6,478.63,598.51
474.14,478.69,723.51
474.67,478.75,848.5
471.88,603.62,598.46
472.41,603.68,723.45
472.94,603.74,848.45
600.31,355.37,598.02
600.85,355.43,723.02
601.38,355.49,848.02
598.59,480.36,597.97
599.12,480.42,722.97
599.66,480.48,847.97
596.86,605.35,597.92
597.4,605.41,722.92
597.93,605.47,847.92
350.87,476.95,99.072
353.74,479.39,224.01
356.61,481.83,348.96
354.25,601.88,96.555
357.12,604.32,221.5
359.99,606.76,346.44
357.64,726.81,94.037
360.51,729.25,218.98
363.38,731.69,343.92
475.79,473.51,96.272
478.66,475.95,221.21
481.53,478.39,346.16
479.18,598.44,93.755
482.04,600.88,218.7
484.91,603.32,343.64
482.56,723.37,91.238
485.43,725.81,216.18
488.3,728.25,341.12
600.71,470.07,93.473
603.58,472.51,218.42
606.45,474.95,343.36
604.1,595,90.955
606.97,597.44,215.9
609.83,599.88,340.84
607.48,719.93,88.438
610.35,722.37,213.38
613.22,724.81,338.32
351.59,474.8,225.29
351.88,471.9,350.25
352.18,469,475.22
354.32,599.74,228.19
354.61,596.84,353.15
354.91,593.93,478.11
357.05,724.67,231.08
357.34,721.77,356.05
357.63,718.87,481.01
476.56,472.08,224.94
476.85,469.18,349.9
477.15,466.28,474.86
479.29,597.02,227.83
479.58,594.11,352.8
479.88,591.21,477.76
482.02,721.95,230.73
482.31,719.05,355.69
482.6,716.15,480.65
601.53,469.36,224.58
601.82,466.46,349.55
602.12,463.56,474.51
604.26,594.29,227.48
604.55,591.39,352.44
604.85,588.49,477.4
606.99,719.23,230.37
607.28,716.33,355.34
607.57,713.43,480.3
351.77,475.65,349.94
349.09,476.21,474.91
346.4,476.77,599.88
354.99,600.61,349.44
352.3,601.17,474.41
349.62,601.73,599.38
358.2,725.56,348.95
355.51,726.13,473.92
352.83,726.69,598.89
476.7,472.45,352.64
474.02,473.01,477.6
471.33,473.57,602.57
479.92,597.4,352.14
477.23,597.97,477.11
474.55,598.53,602.08
483.13,722.36,351.64
480.45,722.92,476.61
477.76,723.49,601.58
601.63,469.24,355.33
598.95,469.81,480.3
596.26,470.37,605.27
604.85,594.2,354.84
602.16,594.76,479.81
599.48,595.33,604.77
608.06,719.16,354.34
605.38,719.72,479.31
602.69,720.28,604.28
349.3,476.1,475.06
347.78,477.83,600.04
346.25,479.56,725.02
348.14,601.08,473.32
346.62,602.82,598.3
345.09,604.55,723.28
346.98,726.07,471.57
345.46,727.8,596.55
343.93,729.53,721.53
474.29,477.28,476.57
472.76,479.01,601.55
471.24,480.74,726.53
473.12,602.26,474.83
471.6,604,599.81
470.08,605.73,724.78
471.97,727.25,473.08
470.44,728.98,598.06
468.92,730.71,723.04
599.27,478.46,478.08
597.75,480.19,603.06
596.22,481.93,728.04
598.11,603.45,476.34
596.59,605.18,601.31
595.06,606.91,726.29
596.95,728.43,474.59
595.42,730.16,599.57
593.9,731.89,724.55
348.62,476.5,599.22
350.85,477.66,724.2
353.07,478.81,849.17
345.54,601.46,598.12
347.77,602.61,723.09
350,603.77,848.07
342.47,726.41,597.02
344.69,727.57,721.99
346.92,728.73,846.97
473.56,479.56,596.97
475.79,480.72,721.94
478.01,481.87,846.92
470.49,604.52,595.87
472.71,605.67,720.84
474.94,606.83,845.82
467.41,729.47,594.77
469.64,730.63,719.74
471.86,731.78,844.71
598.51,482.62,594.72
600.73,483.77,719.69
602.96,484.93,844.67
595.43,607.57,593.62
597.65,608.73,718.59
599.88,609.89,843.56
592.35,732.53,592.51
594.58,733.69,717.49
596.8,734.84,842.46
351.33,599.63,100.23
349.5,599.63,225.22
347.67,599.63,350.2
349.37,724.62,100.2
347.54,724.62,225.19
345.71,724.62,350.18
347.41,849.6,100.18
345.58,849.6,225.16
343.75,849.6,350.15
476.3,601.59,102.06
474.47,601.59,227.05
472.64,601.59,352.03
474.34,726.57,102.04
472.51,726.58,227.02
470.68,726.58,352.01
472.38,851.56,102.01
470.55,851.56,227
468.72,851.56,351.98
601.27,603.55,103.89
599.44,603.55,228.88
597.61,603.55,353.86
599.31,728.53,103.87
597.48,728.53,228.85
595.65,728.53,353.84
597.35,853.52,103.84
595.52,853.52,228.83
593.69,853.52,353.81
350.17,601.56,223.35
351.01,604.05,348.32
351.86,606.54,473.3
349.55,726.54,220.86
350.4,729.03,345.84
351.24,731.52,470.81
348.93,851.51,218.38
349.78,854,343.35
350.62,856.49,468.32
475.16,602.16,222.49
476.01,604.65,347.46
476.86,607.14,472.44
474.55,727.14,220.01
475.39,729.63,344.98
476.24,732.12,469.95
473.93,852.11,217.52
474.77,854.6,342.49
475.62,857.09,467.47
600.16,602.76,221.63
601.01,605.25,346.61
601.85,607.74,471.58
599.54,727.74,219.15
600.39,730.23,344.12
601.23,732.72,469.09
598.92,852.71,216.66
599.77,855.2,341.63
600.62,857.69,466.61
350.75,598.59,350.81
352.41,596.68,475.78
354.07,594.76,600.75
347.02,723.52,352.77
348.68,721.61,477.75
350.34,719.69,602.72
343.29,848.45,354.74
344.95,846.53,479.71
346.61,844.62,604.69
475.68,602.35,349.2
477.34,600.43,474.18
479,598.51,599.15
471.95,727.28,351.17
473.61,725.36,476.14
475.27,723.44,601.12
468.23,852.2,353.14
469.88,850.29,478.11
471.54,848.37,603.08
600.61,606.1,347.6
602.27,604.18,472.57
603.93,602.27,597.55
596.88,731.03,349.57
598.54,729.11,474.54
600.2,727.2,599.51
593.16,855.96,351.53
594.82,854.04,476.51
596.48,852.12,601.48
348.53,598.67,476.46
350.78,602.34,601.38
353.03,606.01,726.31
350.45,723.6,472.75
352.7,727.27,597.68
354.95,730.94,722.6
352.37,848.53,469.05
354.62,852.2,593.97
356.87,855.87,718.9
473.5,596.69,474.26
475.75,600.36,599.19
478,604.02,724.11
475.41,721.62,470.56
477.66,725.28,595.48
479.91,728.96,720.41
477.33,846.55,466.86
479.58,850.22,591.78
481.83,853.88,716.7
598.46,594.7,472.07
600.71,598.37,596.99
602.96,602.04,721.92
600.38,719.63,468.37
602.63,723.3,593.29
604.88,726.97,718.21
602.3,844.56,464.66
604.55,848.23,589.59
606.8,851.9,714.51
349.89,599.02,601.88
351.09,598.79,726.87
352.29,598.56,851.87
349.34,724.01,602.11
350.55,723.78,727.11
351.75,723.56,852.1
348.8,849.01,602.35
350.01,848.78,727.34
351.21,848.55,852.34
474.88,599.56,600.68
476.08,599.34,725.67
477.29,599.11,850.67
474.34,724.56,600.91
475.54,724.33,725.91
476.74,724.1,850.9
473.8,849.55,601.15
475,849.33,726.14
476.2,849.1,851.14
599.87,600.11,599.48
601.08,599.88,724.48
602.28,599.65,849.47
599.33,725.11,599.72
600.53,724.88,724.71
601.74,724.64,849.7
598.79,850.1,599.95
599.99,849.87,724.95
601.19,849.64,849.94
476.88,99.88,98.75
477.81,97.23,223.72
478.75,94.58,348.69
474.75,224.84,101.42
475.69,222.19,226.38
476.62,219.54,351.35
472.62,349.79,104.08
473.56,347.14,229.05
474.49,344.49,354.02
601.86,102.03,97.86
602.79,99.38,222.83
603.72,96.73,347.8
599.73,226.99,100.53
600.66,224.34,225.49
601.6,221.69,350.46
597.6,351.94,103.19
598.53,349.29,228.16
599.47,346.64,353.13
726.83,104.18,96.97
727.77,101.53,221.94
728.7,98.88,346.91
724.7,229.13,99.635
725.64,226.49,224.61
726.57,223.84,349.57
722.58,354.09,102.3
723.51,351.44,227.27
724.44,348.79,352.24
473.03,99.445,224.79
472.89,98.249,349.78
472.75,97.053,474.78
475.11,224.42,225.99
474.97,223.23,350.98
474.83,222.03,475.98
477.18,349.4,227.19
477.04,348.21,352.18
476.9,347.01,477.18
598.02,97.369,224.91
597.88,96.173,349.9
597.74,94.976,474.9
600.09,222.35,226.11
599.95,221.15,351.1
599.81,219.96,476.1
602.17,347.33,227.31
602.03,346.13,352.3
601.89,344.93,477.3
723,95.292,225.03
722.86,94.096,350.02
722.72,92.9,475.02
725.08,220.27,226.23
724.94,219.08,351.22
724.8,217.88,476.22
727.15,345.25,227.43
727.01,344.05,352.42
726.87,342.86,477.42
474.28,100.32,350.67
477.47,101.75,475.62
480.66,103.18,600.57
473.95,225.31,349.25
477.14,226.74,474.2
480.33,228.17,599.15
473.62,350.3,347.83
476.81,351.73,472.78
480,353.16,597.73
599.24,100.62,347.48
602.43,102.05,472.43
605.62,103.48,597.38
598.91,225.61,346.06
602.1,227.04,471.01
605.29,228.47,595.96
598.58,350.59,344.63
601.77,352.02,469.58
604.96,353.46,594.53
724.2,100.91,344.29
727.39,102.34,469.24
730.58,103.77,594.19
723.87,225.9,342.87
727.06,227.33,467.81
730.25,228.76,592.76
723.54,350.89,341.44
726.73,352.32,466.39
729.92,353.75,591.34
476.04,100.13,473.26
479.05,100.95,598.22
482.05,101.77,723.18
476.03,225.13,472.44
479.04,225.95,597.4
482.04,226.77,722.36
476.02,350.13,471.62
479.03,350.95,596.58
482.03,351.77,721.54
601,100.12,470.25
604.01,100.94,595.21
607.02,101.76,720.17
601,225.12,469.43
604,225.94,594.39
607.01,226.76,719.35
600.99,350.12,468.61
603.99,350.94,593.57
607,351.76,718.53
725.97,100.11,467.25
728.98,100.93,592.21
731.98,101.75,717.17
725.96,225.11,466.43
728.97,225.93,591.39
731.97,226.75,716.35
725.95,350.11,465.61
728.96,350.93,590.57
731.96,351.75,715.53
473.12,101.59,600.04
470.99,104.85,724.98
468.86,108.12,849.92
472.51,226.55,596.77
470.38,229.81,721.7
468.25,233.07,846.64
471.91,351.5,593.49
469.78,354.77,718.43
467.65,358.03,843.37
598.1,102.25,602.16
595.97,105.52,727.09
593.84,108.78,852.03
597.49,227.21,598.88
595.36,230.47,723.82
593.23,233.74,848.76
596.89,352.16,595.61
594.76,355.43,720.55
592.63,358.69,845.49
723.08,102.91,604.27
720.95,106.18,729.21
718.82,109.44,854.15
722.48,227.87,601
720.35,231.13,725.94
718.21,234.4,850.88
721.87,352.82,597.73
719.74,356.09,722.66
717.61,359.35,847.6
474.52,225.67,99.46
474.49,228.6,224.42
474.45,231.52,349.39
473.98,350.64,96.535
473.95,353.56,221.5
473.91,356.49,346.46
473.45,475.6,93.61
473.41,478.53,218.57
473.37,481.45,343.54
599.52,226.21,99.485
599.49,229.14,224.45
599.45,232.06,349.41
598.98,351.18,96.56
598.95,354.1,221.52
598.91,357.03,346.49
598.44,476.14,93.635
598.41,479.07,218.6
598.37,481.99,343.56
724.52,226.75,99.51
724.48,229.67,224.47
724.45,232.6,349.44
723.98,351.71,96.585
723.95,354.64,221.55
723.91,357.57,346.51
723.44,476.68,93.66
723.41,479.61,218.63
723.37,482.53,343.59
475.77,225.62,226.11
474.42,227.32,351.09
473.08,229.01,476.07
474.88,350.6,224.4
473.54,352.3,349.38
472.2,354,474.36
474,475.59,222.69
472.66,477.29,347.68
471.31,478.98,472.66
600.76,226.52,227.44
599.41,228.22,352.42
598.07,229.92,477.4
599.87,351.5,225.73
598.53,353.2,350.71
597.18,354.9,475.69
598.99,476.49,224.03
597.64,478.19,349.01
596.3,479.89,473.99
725.74,227.42,228.77
724.4,229.12,353.75
723.06,230.82,478.73
724.86,352.41,227.06
723.52,354.11,352.05
722.17,355.8,477.03
723.98,477.39,225.36
722.63,479.09,350.34
721.29,480.79,475.32
475.35,225.21,350.69
476.87,225.15,475.68
478.39,225.09,600.67
475.33,350.21,350.75
476.85,350.15,475.74
478.37,350.09,600.73
475.31,475.21,350.81
476.83,475.15,475.8
478.35,475.09,600.79
600.34,225.23,349.17
601.86,225.17,474.16
603.38,225.11,599.15
600.32,350.23,349.23
601.84,350.17,474.22
603.36,350.11,599.21
600.3,475.23,349.29
601.82,475.17,474.28
603.34,475.11,599.27
725.33,225.25,347.65
726.85,225.19,472.64
728.37,225.13,597.63
725.31,350.25,347.71
726.83,350.19,472.7
728.35,350.13,597.69
725.29,475.25,347.77
726.81,475.19,472.76
728.33,475.13,597.75
473.84,225.24,475.5
476.38,227.19,600.46
478.93,229.14,725.42
475.33,350.22,473.52
477.87,352.17,598.48
480.42,354.12,723.44
476.82,475.19,471.55
479.36,477.14,596.5
481.91,479.09,721.46
598.8,223.71,472.98
601.35,225.66,597.94
603.89,227.61,722.9
600.29,348.69,471.01
602.84,350.64,595.96
605.38,352.59,720.92
601.79,473.66,469.03
604.33,475.61,593.99
606.87,477.56,718.94
723.77,222.18,470.47
726.31,224.13,595.42
728.86,226.08,720.38
725.26,347.16,468.49
727.81,349.11,593.45
730.35,351.06,718.4
726.75,472.13,466.51
729.3,474.08,591.47
731.84,476.03,716.43
474.48,225.86,598.1
478.2,226.27,723.04
481.91,226.67,847.98
472.8,350.85,597.74
476.52,351.26,722.68
480.23,351.66,847.63
471.12,475.84,597.38
474.84,476.24,722.32
478.55,476.65,847.27
599.41,227.53,594.38
603.13,227.94,719.32
606.84,228.34,844.27
597.74,352.52,594.02
601.45,352.92,718.96
605.16,353.33,843.91
596.06,477.51,593.66
599.77,477.91,718.61
603.48,478.32,843.55
724.35,229.2,590.66
728.06,229.6,715.6
731.77,230.01,840.55
722.67,354.19,590.3
726.38,354.59,715.25
730.09,355,840.19
720.99,479.17,589.94
724.7,479.58,714.89
728.41,479.99,839.83
475.15,351.04,98.162
473.51,351.02,223.15
471.87,351.01,348.14
473.64,476.03,98.156
472,476.01,223.14
470.37,476,348.13
472.14,601.02,98.15
470.5,601.01,223.14
468.86,600.99,348.13
600.13,352.55,99.806
598.49,352.53,224.8
596.85,352.52,349.78
598.62,477.54,99.8
596.99,477.52,224.79
595.35,477.51,349.78
597.12,602.53,99.794
595.48,602.51,224.78
593.84,602.5,349.77
725.11,354.06,101.45
723.47,354.04,226.44
721.83,354.03,351.43
723.6,479.05,101.44
721.96,479.03,226.43
720.32,479.02,351.42
722.1,604.04,101.44
720.46,604.02,226.43
718.82,604.01,351.42
473.33,349.3,225.21
471.84,347.88,350.19
470.35,346.47,475.18
476.06,474.26,226.66
474.57,472.85,351.64
473.08,471.43,476.62
478.78,599.22,228.11
477.3,597.81,353.09
475.81,596.39,478.07
598.29,346.55,226.67
596.8,345.14,351.65
595.32,343.72,476.63
601.02,471.51,228.11
599.53,470.1,353.1
598.04,468.68,478.08
603.75,596.48,229.56
602.26,595.06,354.54
600.77,593.64,479.53
723.25,343.8,228.12
721.77,342.39,353.1
720.28,340.97,478.09
725.98,468.76,229.57
724.49,467.35,354.55
723.01,465.94,479.54
728.71,593.73,231.02
727.22,592.31,356
725.73,590.9,480.98
475.45,351.12,349.59
472.2,350.44,474.54
468.95,349.75,599.5
474.6,476.12,350.25
471.35,475.43,475.2
468.1,474.75,600.16
473.76,601.11,350.91
470.51,600.43,475.86
467.26,599.74,600.82
600.4,351.94,352.84
597.15,351.26,477.8
593.9,350.58,602.75
599.56,476.94,353.5
596.31,476.26,478.46
593.06,475.57,603.41
598.71,601.94,354.17
595.46,601.25,479.12
592.22,600.57,604.07
725.36,352.77,356.1
722.11,352.08,481.06
718.86,351.4,606.01
724.51,477.76,356.76
721.26,477.08,481.72
718.01,476.4,606.67
723.67,602.76,357.42
720.42,602.08,482.38
717.17,601.39,607.33
473.55,350.15,475.23
471.45,349.47,600.21
469.35,348.78,725.19
472.51,475.14,475.89
470.41,474.46,600.87
468.31,473.78,725.85
471.47,600.13,476.55
469.37,599.45,601.54
467.27,598.77,726.52
598.53,351.18,477.33
596.43,350.5,602.31
594.33,349.81,727.3
597.49,476.17,478
595.39,475.49,602.98
593.29,474.81,727.96
596.45,601.16,478.66
594.35,600.48,603.64
592.25,599.8,728.62
723.51,352.21,479.44
721.41,351.52,604.42
719.31,350.84,729.4
722.47,477.2,480.1
720.37,476.52,605.09
718.27,475.83,730.07
721.43,602.19,480.77
719.33,601.51,605.75
717.23,600.83,730.73
474.64,351.38,601.79
471.53,347.86,726.7
468.43,344.33,851.61
474.47,476.33,605.31
471.37,472.81,730.22
468.26,469.28,855.14
474.31,601.28,608.84
471.2,597.76,733.75
468.1,594.23,858.66
599.6,351.45,604.9
596.49,347.93,729.81
593.39,344.41,854.72
599.43,476.4,608.42
596.33,472.88,733.33
593.22,469.36,858.24
599.27,601.36,611.95
596.17,597.83,736.86
593.06,594.31,861.77
724.56,351.53,608.01
721.45,348,732.92
718.35,344.48,857.83
724.4,476.48,611.53
721.29,472.95,736.44
718.18,469.43,861.35
724.23,601.43,615.06
721.13,597.9,739.97
718.02,594.38,864.88
474.98,473.16,101.16
472.4,473.83,226.13
469.81,474.49,351.1
475.5,598.16,100.5
472.91,598.83,225.47
470.33,599.49,350.44
476.01,723.16,99.85
473.43,723.83,224.82
470.84,724.49,349.79
599.95,472.66,103.75
597.37,473.33,228.72
594.78,473.99,353.69
600.46,597.66,103.1
597.88,598.33,228.06
595.3,598.99,353.03
600.98,722.66,102.44
598.4,723.33,227.41
595.81,723.99,352.38
724.92,472.16,106.34
722.33,472.83,231.31
719.75,473.49,356.28
725.43,597.16,105.69
722.85,597.83,230.66
720.26,598.49,355.63
725.95,722.16,105.03
723.37,722.83,230
720.78,723.49,354.97
475.23,475.67,226.91
473.13,475.18,351.89
471.03,474.69,476.87
477.25,600.66,227.44
475.15,600.17,352.42
473.04,599.67,477.4
479.26,725.64,227.96
477.16,725.15,352.94
475.06,724.66,477.93
600.2,473.65,229
598.1,473.16,353.99
596,472.67,478.97
602.21,598.63,229.53
600.11,598.14,354.51
598.01,597.65,479.49
604.23,723.62,230.06
602.13,723.13,355.04
600.03,722.63,480.02
725.17,471.62,231.1
723.06,471.13,356.08
720.96,470.64,481.06
727.18,596.61,231.63
725.08,596.12,356.61
722.98,595.63,481.59
729.2,721.59,232.15
727.09,721.1,357.14
724.99,720.61,482.12
475.83,474.5,351.51
474.13,474.49,476.5
472.43,474.48,601.49
472.74,599.46,351.48
471.04,599.45,476.46
469.34,599.44,601.45
469.64,724.42,351.44
467.94,724.41,476.43
466.24,724.4,601.42
600.78,477.6,353.21
599.08,477.59,478.2
597.38,477.58,603.19
597.68,602.56,353.17
595.99,602.55,478.16
594.29,602.54,603.15
594.59,727.52,353.14
592.89,727.51,478.13
591.19,727.5,603.12
725.73,480.69,354.91
724.03,480.68,479.9
722.33,480.67,604.88
722.63,605.65,354.87
720.93,605.64,479.86
719.24,605.63,604.85
719.54,730.62,354.84
717.84,730.61,479.83
716.14,730.6,604.82
476.35,475.09,476.41
474.73,474.08,601.4
473.11,473.06,726.39
477.61,600.08,477.45
475.99,599.07,602.43
474.37,598.05,727.42
478.86,725.07,478.48
477.24,724.05,603.46
475.62,723.04,728.45
601.33,473.82,478.02
599.71,472.81,603.01
598.09,471.79,727.99
602.59,598.81,479.05
600.97,597.8,604.04
599.35,596.78,729.02
603.85,723.8,480.08
602.23,722.79,605.07
600.61,721.77,730.06
726.31,472.55,479.63
724.69,471.54,604.61
723.07,470.52,729.6
727.57,597.54,480.66
725.95,596.53,605.64
724.33,595.51,730.63
728.83,722.53,481.69
727.21,721.52,606.68
725.59,720.5,731.66
473.47,476.68,600.1
474.15,473.72,725.06
474.82,470.76,850.03
470.76,601.62,603.07
471.44,598.66,728.04
472.11,595.7,853
468.05,726.55,606.05
468.73,723.59,731.01
469.4,720.63,855.98
598.44,479.41,599.49
599.12,476.45,724.45
599.79,473.49,849.42
595.73,604.34,602.46
596.41,601.38,727.43
597.08,598.42,852.39
593.02,729.27,605.44
593.7,726.32,730.4
594.37,723.36,855.37
723.41,482.13,598.88
724.08,479.17,723.84
724.76,476.21,848.81
720.7,607.07,601.86
721.38,604.11,726.82
722.05,601.15,851.78
717.99,732,604.83
718.66,729.04,729.8
719.34,726.08,854.76
474.82,598.91,98.1
478.11,597.48,223.05
481.39,596.04,348
473.53,723.9,99.57
476.82,722.46,224.52
480.1,721.03,349.47
472.24,848.88,101.04
475.53,847.45,225.99
478.81,846.01,350.94
599.77,600.24,94.83
603.06,598.81,219.78
606.34,597.37,344.73
598.48,725.23,96.3
601.77,723.79,221.25
605.05,722.36,346.2
597.19,850.21,97.77
600.48,848.78,222.72
603.76,847.34,347.67
724.72,601.57,91.56
728,600.14,216.51
731.29,598.7,341.46
723.43,726.56,93.03
726.72,725.12,217.98
730,723.69,342.93
722.14,851.54,94.5
725.42,850.11,219.45
728.71,848.67,344.4
474.22,600.28,223.35
471.85,602.89,348.3
469.48,605.51,473.25
477.82,725.2,220.8
475.45,727.82,345.75
473.08,730.43,470.7
481.42,850.12,218.26
479.05,852.74,343.21
476.68,855.35,468.16
599.15,596.73,225.79
596.78,599.35,350.74
594.41,601.96,475.69
602.75,721.65,223.25
600.38,724.27,348.19
598.01,726.88,473.14
606.34,846.57,220.7
603.98,849.19,345.65
601.61,851.8,470.6
724.07,593.18,228.23
721.7,595.8,353.18
719.34,598.41,478.13
727.67,718.1,225.69
725.3,720.72,350.64
722.93,723.33,475.58
731.27,843.02,223.14
728.9,845.64,348.09
726.53,848.25,473.04
473.07,599.68,348.35
474.99,600.47,473.33
476.9,601.27,598.31
470.04,724.64,347.6
471.96,725.44,472.58
473.88,726.23,597.56
467.02,849.6,346.85
468.94,850.4,471.83
470.85,851.19,596.81
598.01,602.69,346.41
599.93,603.49,471.39
601.85,604.28,596.37
594.99,727.65,345.66
596.91,728.45,470.64
598.83,729.25,595.62
591.97,852.61,344.92
593.88,853.41,469.9
595.8,854.21,594.88
722.96,605.7,344.48
724.88,606.5,469.46
726.8,607.3,594.44
719.94,730.67,343.73
721.86,731.46,468.71
723.77,732.26,593.69
716.91,855.63,342.98
718.83,856.42,467.96
720.75,857.22,592.94
474.01,599.89,476.7
471.28,602.31,601.64
468.55,604.73,726.59
475.97,724.85,474.32
473.24,727.28,599.26
470.51,729.7,724.21
477.94,849.82,471.94
475.2,852.24,596.89
472.47,854.66,721.83
598.97,597.98,479.47
596.24,600.4,604.41
593.5,602.82,729.36
600.93,722.95,477.09
598.2,725.37,602.03
595.47,727.79,726.98
602.89,847.91,474.71
600.16,850.33,599.66
597.43,852.75,724.6
723.92,596.07,482.24
721.19,598.49,607.18
718.46,600.92,732.13
725.88,721.04,479.86
723.15,723.46,604.8
720.42,725.88,729.75
727.84,846,477.48
725.11,848.42,602.42
722.38,850.84,727.37
474.38,598.12,601.29
475.69,601.67,726.23
477.01,605.21,851.17
474.33,723.07,597.74
475.64,726.62,722.68
476.96,730.16,847.62
474.28,848.02,594.19
475.59,851.57,719.13
476.9,855.11,844.08
599.37,598.13,599.97
600.68,601.68,724.91
602,605.23,849.86
599.32,723.09,596.43
600.63,726.63,721.37
601.95,730.18,846.31
599.27,848.04,592.88
600.58,851.58,717.82
601.9,855.13,842.76
724.36,598.15,598.66
725.68,601.69,723.6
726.99,605.24,848.54
724.31,723.1,595.11
725.62,726.64,720.05
726.94,730.19,844.99
724.26,848.05,591.56
725.57,851.6,716.51
726.89,855.14,841.45
598.45,99.045,99.8
601.44,98.046,224.76
604.43,97.048,349.72
595.12,224,100.87
598.11,223,225.83
601.1,222,350.79
591.78,348.95,101.95
594.77,347.95,226.91
597.76,346.95,351.87
723.37,102.4,96.84
726.36,101.4,221.8
729.35,100.4,346.76
720.04,227.35,97.915
723.03,226.35,222.87
726.02,225.36,347.83
716.7,352.3,98.99
719.69,351.31,223.95
722.68,350.31,348.91
848.29,105.76,93.88
851.28,104.76,218.84
854.27,103.76,343.8
844.96,230.71,94.955
847.95,229.71,219.91
850.94,228.71,344.87
841.62,355.66,96.03
844.61,354.66,220.99
847.6,353.66,345.95
599.45,99.938,223.56
599.38,102.55,348.53
599.3,105.17,473.51
598.12,224.9,220.94
598.05,227.52,345.92
597.98,230.14,470.89
596.8,349.87,218.33
596.73,352.49,343.3
596.65,355.1,468.27
724.44,101.26,223.61
724.37,103.88,348.58
724.29,106.5,473.55
723.12,226.23,220.99
723.04,228.85,345.96
722.97,231.46,470.94
721.79,351.2,218.37
721.72,353.81,343.35
721.64,356.43,468.32
849.43,102.59,223.66
849.36,105.21,348.63
849.28,107.82,473.6
848.11,227.56,221.04
848.03,230.17,346.01
847.96,232.79,470.98
846.78,352.52,218.42
846.71,355.14,343.39
846.63,357.76,468.37
600.24,98.463,349.58
602.33,98.121,474.56
604.42,97.78,599.54
602.5,223.44,349.88
604.59,223.1,474.86
606.68,222.76,599.84
604.76,348.42,350.18
606.85,348.08,475.16
608.94,347.74,600.15
725.2,96.206,347.48
727.29,95.865,472.46
729.38,95.524,597.44
727.46,221.19,347.78
729.55,220.84,472.76
731.64,220.5,597.75
729.72,346.16,348.08
731.81,345.82,473.07
733.9,345.48,598.05
850.16,93.95,345.38
852.25,93.609,470.36
854.34,93.267,595.35
852.42,218.93,345.69
854.51,218.59,470.67
856.6,218.25,595.65
854.68,343.91,345.99
856.77,343.57,470.97
858.86,343.23,595.95
601.35,101.61,474.05
600.87,100.07,599.04
600.38,98.523,724.03
604.44,226.56,475.6
603.95,225.02,600.59
603.47,223.48,725.58
607.52,351.51,477.15
607.04,349.97,602.14
606.55,348.43,727.13
726.31,98.515,474.5
725.83,96.973,599.49
725.34,95.43,724.48
729.4,223.47,476.05
728.91,221.93,601.04
728.43,220.38,726.03
732.48,348.42,477.6
732,346.88,602.59
731.51,345.34,727.58
851.27,95.422,474.95
850.79,93.88,599.94
850.3,92.338,724.93
854.36,220.37,476.5
853.87,218.83,601.49
853.39,217.29,726.48
857.44,345.33,478.05
856.96,343.78,603.04
856.47,342.24,728.03
601.94,100.6,601
598.45,102.81,725.93
594.97,105.03,850.86
599.18,225.55,598.71
595.69,227.76,723.64
592.2,229.98,848.57
596.41,350.5,596.42
592.93,352.71,721.35
589.44,354.93,846.28
726.86,103.42,604.44
723.38,105.64,729.37
719.89,107.86,854.3
724.1,228.37,602.15
720.61,230.59,727.08
717.13,232.81,852.01
721.33,353.32,599.86
717.85,355.54,724.79
714.36,357.75,849.72
851.78,106.25,607.88
848.3,108.47,732.81
844.81,110.68,857.74
849.02,231.2,605.59
845.53,233.41,730.52
842.05,235.63,855.45
846.25,356.15,603.3
842.77,358.36,728.23
839.28,360.58,853.16
598.38,223.53,101.87
595.29,220.06,226.78
592.2,216.6,351.69
596.65,348.47,105.3
593.56,345,230.21
590.47,341.54,355.12
594.92,473.41,108.72
591.83,469.94,233.63
588.74,466.48,358.54
723.33,225.17,105.01
720.24,221.7,229.92
717.15,218.24,354.83
721.6,350.11,108.43
718.51,346.64,233.35
715.42,343.18,358.26
719.87,475.05,111.86
716.78,471.59,236.77
713.69,468.12,361.68
848.28,226.81,108.15
845.19,223.34,233.06
842.1,219.88,357.97
846.55,351.75,111.57
843.46,348.28,236.49
840.37,344.82,361.4
844.82,476.69,115
841.73,473.23,239.91
838.64,469.76,364.82
601.43,226.53,224.61
599.78,228.01,349.59
598.13,229.5,474.57
600.32,351.51,223.11
598.67,353,348.09
597.02,354.48,473.07
599.2,476.5,221.61
597.55,477.98,346.59
595.9,479.47,471.57
726.42,227.66,226.24
724.77,229.15,351.22
723.12,230.63,476.2
725.3,352.65,224.74
723.65,354.13,349.72
722,355.62,474.7
724.18,477.64,223.25
722.53,479.12,348.22
720.89,480.6,473.2
851.4,228.8,227.88
849.75,230.28,352.86
848.1,231.77,477.84
850.28,353.79,226.38
848.63,355.27,351.36
846.99,356.75,476.34
849.17,478.77,224.88
847.52,480.26,349.86
845.87,481.74,474.84
598.21,223.94,349.63
597.98,226.12,474.61
597.74,228.3,599.59
596.71,348.91,347.44
596.48,351.09,472.42
596.24,353.27,597.41
595.21,473.88,345.26
594.98,476.06,470.24
594.74,478.24,595.22
723.2,225.44,349.84
722.96,227.62,474.82
722.73,229.8,599.8
721.7,350.41,347.65
721.46,352.59,472.64
721.23,354.77,597.62
720.2,475.38,345.47
719.97,477.56,470.45
719.73,479.75,595.43
848.19,226.95,350.05
847.95,229.13,475.03
847.72,231.31,600.01
846.69,351.92,347.87
846.45,354.1,472.85
846.22,356.28,597.83
845.19,476.89,345.68
844.95,479.07,470.66
844.72,481.25,595.64
598.74,225.92,476.32
595.88,222.75,601.24
593.01,219.58,726.17
600.96,350.85,479.53
598.09,347.69,604.46
595.23,344.52,729.39
603.17,475.79,482.75
600.31,472.63,607.68
597.44,469.46,732.61
723.69,223.63,479.12
720.83,220.46,604.05
717.96,217.3,728.98
725.91,348.57,482.34
723.04,345.4,607.27
720.18,342.24,732.2
728.12,473.51,485.56
725.26,470.34,610.49
722.39,467.17,735.41
848.64,221.34,481.93
845.78,218.18,606.86
842.91,215.01,731.79
850.86,346.28,485.15
847.99,343.12,610.08
845.13,339.95,735
853.07,471.22,488.37
850.21,468.05,613.29
847.34,464.89,738.22
600.28,224.55,599.41
602.21,224.49,724.39
604.13,224.43,849.38
603.12,349.52,599.42
605.05,349.46,724.41
606.97,349.39,849.39
605.96,474.48,599.44
607.88,474.42,724.42
609.81,474.36,849.41
725.24,221.71,597.48
727.16,221.65,722.47
729.09,221.59,847.45
728.07,346.68,597.5
730,346.62,722.48
731.92,346.56,847.47
730.91,471.65,597.52
732.84,471.59,722.5
734.76,471.52,847.48
850.19,218.88,595.56
852.11,218.82,720.54
854.04,218.76,845.53
853.03,343.84,595.58
854.95,343.78,720.56
856.88,343.72,845.54
855.86,468.81,595.59
857.79,468.75,720.58
859.71,468.69,845.56
599.52,348.9,98.06
596.23,350.59,223
592.95,352.28,347.95
597.62,473.87,96.315
594.33,475.56,221.26
591.05,477.25,346.2
595.72,598.85,94.57
592.43,600.54,219.51
589.15,602.23,344.46
724.46,350.84,101.32
721.17,352.54,226.26
717.89,354.23,351.21
722.56,475.82,99.575
719.27,477.51,224.52
715.99,479.2,349.46
720.66,600.79,97.83
717.37,602.48,222.77
714.09,604.17,347.72
849.4,352.79,104.58
846.12,354.48,229.52
842.83,356.17,354.47
847.5,477.76,102.84
844.21,479.45,227.78
840.93,481.15,352.72
845.6,602.74,101.09
842.31,604.43,226.04
839.03,606.12,350.98
598.76,351.86,223.58
598.63,352.97,348.57
598.5,354.07,473.57
602.26,476.81,222.48
602.13,477.91,347.47
602,479.02,472.47
605.76,601.76,221.38
605.62,602.86,346.38
605.49,603.96,471.37
723.71,348.37,223.74
723.58,349.47,348.74
723.45,350.57,473.73
727.21,473.31,222.64
727.08,474.42,347.64
726.94,475.52,472.63
730.71,598.26,221.55
730.57,599.36,346.54
730.44,600.47,471.53
848.66,344.87,223.9
848.53,345.97,348.9
848.4,347.08,473.89
852.16,469.82,222.81
852.03,470.92,347.8
851.89,472.02,472.79
855.66,594.76,221.71
855.52,595.87,346.7
855.39,596.97,471.7
601.64,351.36,348.04
599.98,350.36,473.02
598.33,349.35,598.01
603.05,476.35,349.06
601.39,475.34,474.05
599.74,474.34,599.03
604.46,601.34,350.09
602.81,600.33,475.07
601.15,599.32,600.06
726.62,349.94,349.68
724.97,348.93,474.66
723.31,347.92,599.65
728.03,474.93,350.7
726.38,473.92,475.69
724.72,472.91,600.67
729.44,599.91,351.73
727.79,598.91,476.71
726.13,597.9,601.7
851.6,348.51,351.32
849.95,347.51,476.3
848.29,346.5,601.29
853.01,473.5,352.35
851.36,472.49,477.33
849.7,471.49,602.31
854.42,598.49,353.37
852.77,597.48,478.36
851.12,596.47,603.34
600.56,350.64,475.55
599.13,347.36,600.5
597.7,344.09,725.44
598.84,475.59,478.8
597.41,472.31,603.75
595.98,469.03,728.7
597.13,600.53,482.06
595.7,597.26,607.01
594.27,593.98,731.96
725.54,352.32,477.02
724.11,349.04,601.97
722.68,345.77,726.92
723.83,477.26,480.27
722.39,473.99,605.22
720.96,470.71,730.17
722.11,602.21,483.53
720.68,598.94,608.48
719.25,595.66,733.43
850.52,354,478.49
849.09,350.72,603.44
847.66,347.44,728.39
848.81,478.94,481.75
847.38,475.67,606.69
845.94,472.39,731.64
847.09,603.89,485
845.66,600.61,609.95
844.23,597.34,734.9
599.44,348.76,599.17
597.02,352.41,724.09
594.59,356.06,849.02
599.11,473.71,595.51
596.68,477.36,720.44
594.26,481.01,845.36
598.77,598.65,591.86
596.35,602.3,716.78
593.92,605.95,841.7
724.41,349.16,601.59
721.99,352.81,726.51
719.57,356.47,851.43
724.08,474.11,597.93
721.65,477.76,722.85
719.23,481.41,847.77
723.74,599.06,594.27
721.32,602.71,719.19
718.89,606.36,844.12
849.39,349.57,604
846.96,353.22,728.92
844.54,356.87,853.85
849.05,474.51,600.35
846.63,478.16,725.27
844.2,481.81,850.19
848.72,599.46,596.69
846.29,603.11,721.61
843.87,606.76,846.53
601.24,476.87,98.947
603.62,478.43,223.92
606.01,479.98,348.88
598.86,601.84,97.439
601.25,603.4,222.41
603.63,604.95,347.38
596.48,726.81,95.93
598.87,728.37,220.9
601.25,729.92,345.87
726.2,479.22,96.534
728.58,480.78,221.5
730.97,482.33,346.47
723.82,604.19,95.025
726.2,605.75,219.99
728.59,607.3,344.96
721.44,729.16,93.516
723.82,730.72,218.48
726.21,732.27,343.45
851.15,481.57,94.12
853.54,483.12,219.09
855.92,484.68,344.06
848.77,606.54,92.611
851.16,608.1,217.58
853.54,609.65,342.55
846.39,731.51,91.103
848.78,733.07,216.07
851.16,734.62,341.04
601.22,476.35,225.56
602.33,475.6,350.55
603.44,474.85,475.55
598.85,601.32,226.33
599.96,600.58,351.32
601.07,599.83,476.31
596.47,726.3,227.1
597.58,725.55,352.09
598.69,724.8,477.08
726.19,478.73,224.47
727.3,477.98,349.46
728.41,477.23,474.45
723.82,603.7,225.23
724.93,602.95,350.23
726.04,602.21,475.22
721.45,728.68,226
722.56,727.93,351
723.67,727.18,475.99
851.16,481.1,223.37
852.27,480.36,348.36
853.38,479.61,473.36
848.79,606.08,224.14
849.9,605.33,349.13
851.01,604.58,474.12
846.42,731.05,224.91
847.53,730.31,349.9
848.64,729.56,474.89
598.92,475.86,349.53
597.48,477.55,474.51
596.04,479.23,599.49
601.66,600.82,347.87
600.22,602.51,472.85
598.78,604.19,597.83
604.4,725.78,346.22
602.96,727.47,471.2
601.52,729.15,596.18
723.88,473.14,351.01
722.44,474.82,475.98
721,476.51,600.96
726.62,598.1,349.35
725.18,599.78,474.33
723.74,601.47,599.31
729.36,723.06,347.7
727.93,724.74,472.68
726.49,726.43,597.66
848.84,470.41,352.48
847.4,472.1,477.46
845.96,473.78,602.44
851.58,595.37,350.83
850.14,597.06,475.81
848.71,598.74,600.79
854.33,720.33,349.17
852.89,722.02,474.15
851.45,723.7,599.13
601.67,474.75,474.63
603.35,474.75,599.62
605.03,474.74,724.61
601.58,599.75,474.64
603.26,599.75,599.62
604.94,599.74,724.61
601.49,724.75,474.64
603.17,724.75,599.63
604.85,724.74,724.62
726.65,474.83,472.95
728.33,474.83,597.94
730.01,474.83,722.93
726.57,599.84,472.96
728.25,599.83,597.94
729.93,599.83,722.93
726.48,724.84,472.96
728.16,724.83,597.95
729.84,724.83,722.94
851.64,474.92,471.27
853.32,474.91,596.26
855,474.91,721.25
851.55,599.92,471.28
853.23,599.91,596.27
854.91,599.91,721.25
851.47,724.92,471.28
853.15,724.91,596.27
854.83,724.91,721.26
601.71,473.15,601.89
598.37,469.73,726.8
595.02,466.31,851.71
601.58,598.1,605.31
598.23,594.69,730.22
594.88,591.27,855.13
601.44,723.06,608.72
598.09,719.64,733.63
594.74,716.22,858.54
726.67,473.2,605.24
723.32,469.78,730.15
719.97,466.36,855.06
726.53,598.15,608.66
723.18,594.73,733.57
719.84,591.31,858.47
726.39,723.1,612.07
723.05,719.69,736.98
719.7,716.27,861.89
851.62,473.24,608.59
848.27,469.82,733.5
844.93,466.4,858.41
851.49,598.2,612.01
848.14,594.78,736.91
844.79,591.36,861.82
851.35,723.15,615.42
848,719.73,740.33
844.65,716.31,865.24
598.6,601.33,98.96
598.46,598.79,223.93
598.32,596.24,348.91
600.63,726.29,101.51
600.49,723.74,226.48
600.35,721.2,351.46
602.66,851.24,104.06
602.51,848.7,229.03
602.37,846.15,354.01
723.59,599.3,99.06
723.45,596.76,224.04
723.3,594.21,349.01
725.61,724.26,101.61
725.47,721.71,226.58
725.33,719.17,351.56
727.64,849.21,104.16
727.5,846.67,229.13
727.36,844.12,354.11
848.57,597.27,99.16
848.43,594.73,224.14
848.29,592.18,349.11
850.6,722.23,101.71
850.46,719.68,226.69
850.31,717.14,351.66
852.62,847.18,104.26
852.48,844.63,229.24
852.34,842.09,354.21
601.47,599.67,223.42
601.34,598.11,348.41
601.2,596.54,473.4
601.39,724.66,224.98
601.25,723.1,349.97
601.12,721.53,474.96
601.3,849.65,226.55
601.17,848.09,351.54
601.03,846.52,476.53
726.47,599.76,223.56
726.34,598.19,348.54
726.2,596.63,473.53
726.39,724.75,225.12
726.25,723.18,350.11
726.12,721.62,475.1
726.3,849.74,226.69
726.17,848.17,351.67
726.03,846.61,476.66
851.47,599.84,223.69
851.34,598.28,348.68
851.2,596.71,473.67
851.39,724.83,225.26
851.25,723.27,350.25
851.12,721.7,475.24
851.3,849.82,226.82
851.16,848.26,351.81
851.03,846.69,476.8
599.65,599.38,349.55
597.15,598.65,474.52
594.65,597.92,599.49
602.33,724.35,350.34
599.83,723.62,475.31
597.33,722.88,600.28
605.01,849.32,351.12
602.51,848.59,476.1
600.01,847.85,601.07
724.59,596.69,352.03
722.09,595.95,477
719.6,595.22,601.97
727.27,721.65,352.82
724.78,720.92,477.79
722.28,720.19,602.76
729.96,846.62,353.61
727.46,845.89,478.58
724.96,845.16,603.55
849.54,593.99,354.51
847.04,593.26,479.49
844.54,592.52,604.46
852.22,718.96,355.3
849.72,718.22,480.27
847.22,717.49,605.25
854.9,843.93,356.09
852.4,843.19,481.06
849.9,842.46,606.03
598.9,600.53,474.13
596.48,598.95,599.09
594.06,597.36,724.06
597.21,725.51,475.68
594.79,723.93,600.65
592.37,722.34,725.61
595.51,850.49,477.23
593.09,848.91,602.2
590.67,847.32,727.17
723.86,602.2,476.57
721.44,600.61,601.53
719.03,599.03,726.5
722.17,727.17,478.12
719.75,725.59,603.09
717.33,724.01,728.05
720.48,852.15,479.68
718.06,850.57,604.64
715.64,848.99,729.61
848.83,603.86,479.01
846.41,602.27,603.98
843.99,600.69,728.94
847.13,728.84,480.56
844.71,727.25,605.53
842.29,725.67,730.5
845.44,853.82,482.12
843.02,852.24,607.08
840.6,850.65,732.05
600.32,600.2,601.52
602.55,600.59,726.5
604.79,600.98,851.48
601.74,725.19,601.1
603.97,725.58,726.08
606.2,725.98,851.06
603.15,850.18,600.68
605.39,850.58,725.66
607.62,850.97,850.64
725.29,598.77,599.29
727.52,599.17,724.27
729.76,599.56,849.25
726.71,723.77,598.87
728.94,724.16,723.85
731.18,724.55,848.83
728.12,848.76,598.45
730.36,849.15,723.43
732.59,849.54,848.41
850.26,597.35,597.06
852.5,597.74,722.04
854.73,598.13,847.02
851.68,722.34,596.64
853.91,722.73,721.62
856.15,723.13,846.6
853.09,847.33,596.22
855.33,847.73,721.2
857.56,848.12,846.18
