27,125,0
193.26,198.36,198.5
0,0,0
99.702,99.67,100.99
100.73,98.311,225.98
101.76,96.951,350.97
100.33,224.66,102.34
101.36,223.3,227.33
102.39,221.94,352.32
100.95,349.65,103.7
101.98,348.29,228.69
103.01,346.93,353.68
224.7,99.057,99.95
225.73,97.698,224.94
226.76,96.338,349.93
225.32,224.05,101.31
226.35,222.69,226.3
227.38,221.33,351.28
225.95,349.04,102.66
226.98,347.68,227.65
228.01,346.32,352.64
349.69,98.444,98.912
350.73,97.085,223.9
351.76,95.725,348.89
350.32,223.44,100.27
351.35,222.08,225.26
352.38,220.72,350.25
350.95,348.43,101.62
351.98,347.07,226.61
353.01,345.71,351.6
99.627,98.724,224.97
96.826,100.59,349.93
94.024,102.45,474.88
100.07,223.71,223.12
97.267,225.58,348.07
94.465,227.44,473.03
100.51,348.7,221.26
97.708,350.56,346.22
94.907,352.43,471.18
224.59,98.321,227.78
221.79,100.19,352.73
218.99,102.05,477.69
225.03,223.31,225.93
222.23,225.17,350.88
219.43,227.04,475.84
225.48,348.3,224.07
222.67,350.16,349.03
219.87,352.03,473.99
349.56,97.918,230.59
346.76,99.782,355.54
343.96,101.65,480.5
350,222.91,228.73
347.2,224.77,353.69
344.4,226.63,478.65
350.44,347.89,226.88
347.64,349.76,351.84
344.84,351.62,476.79
98.907,101.31,349.36
99.7,100.87,474.36
100.49,100.43,599.36
98.942,226.31,349.8
99.735,225.87,474.8
100.53,225.43,599.79
98.977,351.3,350.23
99.77,350.87,475.23
100.56,350.43,600.23
223.9,101.27,348.57
224.7,100.83,473.56
225.49,100.39,598.56
223.94,226.27,349
224.73,225.83,474
225.53,225.39,598.99
223.97,351.26,349.44
224.77,350.83,474.43
225.56,350.39,599.43
348.9,101.23,347.77
349.69,100.79,472.77
350.49,100.35,597.76
348.93,226.23,348.21
349.73,225.79,473.2
350.52,225.35,598.2
348.97,351.23,348.64
349.76,350.79,473.64
350.56,350.35,598.63
98.414,101.69,475.48
99.634,99.74,600.46
100.85,97.794,725.44
97.46,226.67,477.44
98.681,224.72,602.41
99.901,222.77,727.39
96.506,351.65,479.39
97.727,349.7,604.37
98.947,347.76,729.34
223.41,102.66,474.27
224.63,100.71,599.25
225.85,98.768,724.23
222.45,227.64,476.23
223.67,225.69,601.21
224.89,223.75,726.18
221.5,352.62,478.18
222.72,350.68,603.16
223.94,348.73,728.14
348.4,103.63,473.07
349.62,101.69,598.04
350.84,99.742,723.02
347.44,228.61,475.02
348.66,226.67,600
349.88,224.72,724.98
346.49,353.6,476.98
347.71,351.65,601.95
348.93,349.7,726.93
102,98.773,600.54
101.36,97.184,725.53
100.72,95.596,850.51
99.955,223.74,602.12
99.315,222.16,727.1
98.676,220.57,852.09
97.911,348.72,603.69
97.272,347.13,728.68
96.632,345.54,853.66
226.98,100.81,601.2
226.34,99.219,726.19
225.7,97.631,851.18
224.94,225.78,602.78
224.3,224.19,727.77
223.66,222.6,852.75
222.89,350.75,604.36
222.25,349.16,729.34
221.62,347.57,854.33
351.96,102.84,601.87
351.32,101.25,726.86
350.69,99.666,851.84
349.92,227.81,603.44
349.28,226.23,728.43
348.64,224.64,853.42
347.88,352.79,605.02
347.24,351.2,730.01
346.6,349.61,854.99
99.892,226.64,101.82
101.49,224.34,226.79
103.08,222.05,351.76
102.8,351.58,104.09
104.39,349.29,229.05
105.99,346.99,354.02
105.7,476.53,106.35
107.3,474.23,231.32
108.89,471.94,356.29
224.85,223.76,100.18
226.44,221.46,225.15
228.04,219.17,350.12
227.75,348.7,102.44
229.35,346.41,227.41
230.94,344.12,352.38
230.66,473.65,104.7
232.25,471.35,229.67
233.85,469.06,354.64
349.8,220.88,98.53
351.4,218.59,223.5
352.99,216.29,348.47
352.71,345.82,100.79
354.3,343.53,225.76
355.9,341.24,350.73
355.62,470.77,103.05
357.21,468.48,228.02
358.8,466.18,352.99
100.44,225.58,224.5
96.826,228.5,349.42
93.215,231.41,474.33
98.322,350.53,221.53
94.711,353.44,346.44
91.099,356.35,471.36
96.206,475.47,218.55
92.595,478.38,343.47
88.983,481.3,468.38
225.37,227.78,228.06
221.76,230.7,352.98
218.14,233.61,477.89
223.25,352.73,225.09
219.64,355.64,350
216.03,358.56,474.92
221.14,477.67,222.11
217.52,480.59,347.03
213.91,483.5,471.94
350.3,229.98,231.62
346.69,232.9,356.54
343.07,235.81,481.45
348.18,354.93,228.65
344.57,357.84,353.56
340.96,360.76,478.48
346.07,479.87,225.67
342.45,482.79,350.59
338.84,485.7,475.5
100.91,223.83,350.9
104.38,225.22,475.84
107.86,226.6,600.79
97.312,348.77,349.61
100.78,350.16,474.56
104.26,351.54,599.51
93.714,473.71,348.32
97.186,475.1,473.27
100.66,476.49,598.22
225.81,227.39,347.38
229.29,228.77,472.33
232.76,230.16,597.28
222.21,352.33,346.1
225.69,353.71,471.05
229.16,355.1,595.99
218.62,477.27,344.81
222.09,478.66,469.76
225.56,480.04,594.71
350.72,230.94,343.87
354.19,232.33,468.82
357.66,233.71,593.77
347.12,355.88,342.59
350.59,357.27,467.54
354.06,358.65,592.48
343.52,480.82,341.3
346.99,482.21,466.25
350.46,483.6,591.2
101.84,226.35,474.6
99.122,222.74,599.52
96.403,219.13,724.44
105.1,351.26,478.28
102.38,347.64,603.2
99.659,344.03,728.12
108.36,476.16,481.97
105.64,472.55,606.89
102.92,468.94,731.81
226.77,223.02,477.22
224.05,219.41,602.14
221.33,215.8,727.06
230.03,347.93,480.91
227.31,344.32,605.83
224.59,340.7,730.75
233.28,472.83,484.59
230.56,469.22,609.51
227.84,465.61,734.43
351.7,219.7,479.84
348.98,216.08,604.76
346.26,212.47,729.68
354.95,344.6,483.53
352.23,340.99,608.45
349.51,337.38,733.37
358.21,469.51,487.21
355.49,465.89,612.13
352.77,462.28,737.05
99.449,223.08,600.77
96.495,226.61,725.68
93.54,230.13,850.6
96.28,347.99,597.17
93.326,351.51,722.09
90.371,355.03,847
93.111,472.9,593.57
90.156,476.42,718.49
87.202,479.94,843.4
224.37,226.34,603.62
221.42,229.86,728.54
218.46,233.38,853.46
221.2,351.24,600.03
218.25,354.77,724.94
215.29,358.29,849.86
218.04,476.15,596.43
215.08,479.67,721.34
212.13,483.19,846.26
349.3,229.59,606.48
346.34,233.11,731.4
343.39,236.63,856.31
346.13,354.5,602.88
343.17,358.02,727.8
340.22,361.54,852.71
342.96,479.4,599.28
340,482.93,724.2
337.05,486.45,849.12
100,348.15,100.4
98.226,348.31,225.39
96.45,348.47,350.38
97.613,473.13,100.2
95.837,473.29,225.19
94.061,473.46,350.18
95.223,598.12,100.01
93.447,598.28,225
91.671,598.44,349.99
224.97,350.54,102.17
223.19,350.7,227.16
221.42,350.86,352.15
222.58,475.52,101.97
220.8,475.68,226.96
219.03,475.85,351.95
220.19,600.5,101.78
218.41,600.67,226.77
216.64,600.83,351.76
349.94,352.93,103.94
348.16,353.09,228.93
346.38,353.25,353.92
347.55,477.91,103.74
345.77,478.07,228.73
343.99,478.23,353.72
345.16,602.89,103.55
343.38,603.06,228.54
341.6,603.22,353.52
99.28,348.55,223.63
101.23,351.7,348.57
103.18,354.85,473.52
101.04,473.5,220.45
102.99,476.65,345.39
104.94,479.8,470.34
102.81,598.45,217.27
104.76,601.6,342.22
106.71,604.75,467.16
224.25,346.73,221.73
226.2,349.88,346.67
228.15,353.03,471.62
226.02,471.68,218.55
227.97,474.83,343.5
229.92,477.98,468.44
227.78,596.64,215.37
229.73,599.79,340.32
231.68,602.93,465.26
349.23,344.92,219.83
351.18,348.07,344.77
353.13,351.22,469.72
350.99,469.87,216.65
352.94,473.02,341.6
354.89,476.17,466.54
352.75,594.82,213.47
354.7,597.97,338.42
356.65,601.12,463.36
101.79,350.75,349.63
99.013,352.58,474.59
96.233,354.42,599.55
99.168,475.71,347.74
96.388,477.54,472.7
93.608,479.38,597.66
96.544,600.67,345.84
93.763,602.5,470.8
90.983,604.34,595.76
226.74,353.41,352.38
223.95,355.25,477.34
221.17,357.08,602.3
224.11,478.37,350.48
221.33,480.21,475.44
218.55,482.04,600.4
221.49,603.34,348.59
218.71,605.17,473.55
215.93,607,598.51
351.68,356.08,355.12
348.9,357.92,480.08
346.12,359.75,605.04
349.05,481.04,353.23
346.27,482.88,478.19
343.49,484.71,603.15
346.43,606,351.33
343.65,607.84,476.29
340.87,609.67,601.25
101.47,349.23,476.14
103.01,349.24,601.13
104.54,349.24,726.12
104.99,474.18,476.09
106.53,474.18,601.08
108.06,474.19,726.08
108.51,599.13,476.04
110.04,599.13,601.04
111.58,599.14,726.03
226.42,345.71,474.61
227.95,345.72,599.6
229.49,345.72,724.59
229.93,470.66,474.56
231.47,470.67,599.55
233.01,470.67,724.54
233.45,595.61,474.51
234.99,595.61,599.5
236.52,595.62,724.49
351.36,342.19,473.07
352.89,342.2,598.06
354.43,342.2,723.05
354.88,467.14,473.02
356.41,467.15,598.01
357.95,467.15,723.01
358.4,592.09,472.98
359.93,592.09,597.97
361.47,592.1,722.96
98.854,350.39,598.81
95.896,348.02,723.76
92.937,345.65,848.71
95.11,475.31,601.1
92.152,472.94,726.05
89.193,470.57,850.99
91.367,600.23,603.39
88.408,597.86,728.33
85.449,595.49,853.28
223.76,354.08,601.85
220.8,351.71,726.79
217.84,349.34,851.74
220.02,479,604.13
217.06,476.63,729.08
214.1,474.26,854.02
216.27,603.93,606.42
213.31,601.56,731.36
210.36,599.18,856.31
348.67,357.78,604.88
345.71,355.41,729.83
342.75,353.03,854.77
344.92,482.7,607.17
341.96,480.33,732.11
339,477.96,857.06
341.18,607.62,609.45
338.22,605.25,734.4
335.26,602.88,859.34
99.857,473.05,100.18
99.566,475.19,225.17
99.274,477.33,350.15
96.666,597.99,98.03
96.374,600.13,223.02
96.083,602.27,348
93.475,722.93,95.879
93.183,725.07,220.87
92.891,727.21,345.85
224.82,476.24,100.42
224.52,478.38,225.4
224.23,480.52,350.39
221.62,601.18,98.265
221.33,603.32,223.25
221.04,605.47,348.24
218.43,726.12,96.114
218.14,728.27,221.1
217.85,730.41,346.09
349.77,479.44,100.65
349.48,481.58,225.64
349.19,483.72,350.63
346.58,604.38,98.5
346.29,606.52,223.49
346,608.66,348.47
343.39,729.32,96.349
343.1,731.46,221.34
342.81,733.6,346.32
99.671,476.51,225.29
99.106,479.36,350.26
98.541,482.21,475.22
100.47,601.48,222.44
99.903,604.33,347.41
99.339,607.18,472.37
101.26,726.44,219.59
100.7,729.29,344.55
100.14,732.14,469.52
224.66,475.73,225.87
224.1,478.58,350.84
223.53,481.43,475.8
225.46,600.69,223.02
224.9,603.54,347.99
224.33,606.4,472.95
226.26,725.66,220.17
225.69,728.51,345.13
225.13,731.36,470.1
349.66,474.94,226.45
349.09,477.8,351.42
348.53,480.65,476.38
350.45,599.91,223.6
349.89,602.76,348.56
349.32,605.61,473.53
351.25,724.87,220.75
350.69,727.73,345.71
350.12,730.58,470.68
101.19,473.89,350.37
99.296,476.92,475.32
97.401,479.95,600.26
99.469,598.84,347.31
97.574,601.87,472.26
95.679,604.9,597.21
97.747,723.8,344.26
95.852,726.83,469.21
93.957,729.85,594.15
226.16,475.66,352.23
224.27,478.69,477.17
222.37,481.72,602.12
224.44,600.61,349.17
222.55,603.64,474.12
220.65,606.67,599.07
222.72,725.57,346.11
220.83,728.59,471.06
218.93,731.62,596.01
351.14,477.43,354.08
349.24,480.46,479.03
347.35,483.49,603.98
349.42,602.38,351.03
347.52,605.41,475.97
345.63,608.44,600.92
347.69,727.33,347.97
345.8,730.36,472.92
343.9,733.39,597.87
99.587,476.4,473.32
98.099,474.19,598.3
96.611,471.98,723.27
96.789,601.35,475.49
95.301,599.14,600.47
93.813,596.94,725.44
93.991,726.3,477.67
92.503,724.09,602.64
91.015,721.89,727.61
224.55,479.17,474.86
223.06,476.96,599.83
221.57,474.75,724.8
221.75,604.12,477.03
220.26,601.91,602
218.78,599.71,726.98
218.95,729.07,479.2
217.47,726.87,604.18
215.98,724.66,729.15
349.51,481.94,476.39
348.03,479.73,601.37
346.54,477.53,726.34
346.72,606.89,478.56
345.23,604.69,603.54
343.74,602.48,728.51
343.92,731.85,480.74
342.43,729.64,605.71
340.94,727.43,730.68
99.199,476.41,601.47
102.08,476.57,726.43
104.95,476.73,851.4
101.2,601.4,601.27
104.07,601.56,726.23
106.95,601.72,851.2
103.2,726.39,601.07
106.07,726.54,726.03
108.95,726.7,851
224.15,474.41,598.59
227.03,474.57,723.56
229.9,474.73,848.53
226.15,599.4,598.4
229.02,599.56,723.36
231.9,599.71,848.33
228.15,724.38,598.2
231.02,724.54,723.16
233.9,724.7,848.13
349.1,472.41,595.72
351.98,472.57,720.69
354.85,472.73,845.65
351.1,597.4,595.52
353.97,597.55,720.49
356.85,597.71,845.45
353.09,722.38,595.32
355.97,722.54,720.29
358.85,722.7,845.25
100.95,598.13,98.785
100.42,599.24,223.78
99.889,600.35,348.78
97.592,723.08,97.663
97.062,724.19,222.66
96.531,725.3,347.66
94.234,848.03,96.54
93.704,849.14,221.54
93.173,850.25,346.53
225.9,601.5,99.28
225.37,602.61,224.28
224.84,603.72,349.27
222.54,726.45,98.158
222.01,727.56,223.15
221.48,728.67,348.15
219.19,851.4,97.035
218.66,852.51,222.03
218.13,853.62,347.03
350.86,604.86,99.775
350.33,605.97,224.77
349.79,607.08,349.77
347.5,729.81,98.652
346.97,730.92,223.65
346.44,732.03,348.65
344.14,854.76,97.53
343.61,855.87,222.53
343.08,856.98,347.52
99.014,598.85,226.25
98.443,599.61,351.25
97.872,600.38,476.24
101.7,723.82,225.5
101.13,724.58,350.49
100.55,725.35,475.49
104.38,848.79,224.74
103.81,849.55,349.74
103.24,850.32,474.73
223.99,596.17,226.84
223.41,596.93,351.83
222.84,597.7,476.83
226.67,721.14,226.08
226.1,721.9,351.08
225.53,722.66,476.07
229.35,846.1,225.33
228.78,846.87,350.32
228.21,847.63,475.32
348.96,593.48,227.42
348.39,594.25,352.42
347.82,595.01,477.41
351.64,718.45,226.67
351.07,719.22,351.66
350.5,719.98,476.66
354.32,843.42,225.91
353.75,844.19,350.91
353.18,844.95,475.9
98.965,601.3,348.66
100.94,601.19,473.64
102.92,601.08,598.63
98.018,726.29,348.78
99.997,726.18,473.77
101.98,726.08,598.75
97.071,851.29,348.91
99.05,851.18,473.89
101.03,851.07,598.88
223.94,602.24,346.68
225.92,602.14,471.67
227.9,602.03,596.65
223,727.24,346.81
224.98,727.13,471.79
226.95,727.02,596.78
222.05,852.23,346.93
224.03,852.13,471.91
226.01,852.02,596.9
348.92,603.19,344.7
350.9,603.08,469.69
352.88,602.98,594.68
347.97,728.18,344.83
349.95,728.08,469.81
351.93,727.97,594.8
347.03,853.18,344.95
349.01,853.07,469.94
350.99,852.97,594.92
98.526,601.97,475.01
99.507,598.95,599.97
100.49,595.93,724.92
100.25,726.92,478.02
101.24,723.9,602.97
102.22,720.88,727.93
101.98,851.88,481.03
102.96,848.86,605.98
103.95,845.84,730.94
223.51,600.26,473.99
224.49,597.24,598.94
225.47,594.22,723.9
225.24,725.21,477
226.22,722.19,601.95
227.2,719.17,726.91
226.97,850.17,480
227.95,847.15,604.96
228.93,844.13,729.92
348.5,598.55,472.96
349.48,595.53,597.92
350.46,592.51,722.88
350.23,723.5,475.97
351.21,720.48,600.93
352.19,717.46,725.89
351.96,848.46,478.98
352.94,845.44,603.94
353.92,842.42,728.9
98.33,600.42,598.39
102.03,601.61,723.33
105.74,602.8,848.27
98.509,725.41,597.19
102.21,726.6,722.13
105.92,727.79,847.07
98.689,850.4,596
102.39,851.59,720.94
106.1,852.78,845.88
223.27,600.21,594.69
226.98,601.4,719.63
230.68,602.59,844.57
223.45,725.2,593.49
227.16,726.39,718.43
230.86,727.58,843.37
223.63,850.19,592.29
227.34,851.38,717.23
231.04,852.57,842.17
348.22,599.99,590.98
351.92,601.19,715.92
355.63,602.38,840.86
348.4,724.99,589.78
352.1,726.18,714.73
355.81,727.37,839.67
348.58,849.98,588.59
352.28,851.17,713.53
355.98,852.36,838.47
226.72,101.38,99.507
228.29,104.4,224.46
229.86,107.42,349.41
224.99,226.33,96.508
226.56,229.35,221.46
228.13,232.37,346.41
223.26,351.28,93.509
224.83,354.3,218.46
226.4,357.32,343.42
351.7,103.07,97.892
353.27,106.09,222.85
354.84,109.11,347.8
349.97,228.02,94.894
351.54,231.04,219.85
353.11,234.06,344.8
348.24,352.98,91.895
349.81,355.99,216.85
351.38,359.01,341.8
476.68,104.76,96.278
478.25,107.78,221.23
479.82,110.8,346.18
474.95,229.71,93.279
476.52,232.73,218.23
478.09,235.75,343.19
473.22,354.67,90.28
474.79,357.68,215.23
476.36,360.7,340.19
224.97,99.952,223.78
227.3,98.793,348.75
229.64,97.634,473.73
221.64,224.9,225
223.98,223.74,349.97
226.31,222.58,474.94
218.32,349.85,226.21
220.65,348.69,351.19
222.99,347.54,476.16
349.9,103.3,221.47
352.24,102.14,346.45
354.57,100.98,471.42
346.57,228.25,222.69
348.91,227.09,347.66
351.25,225.94,472.63
343.25,353.2,223.9
345.59,352.05,348.88
347.92,350.89,473.85
474.83,106.65,219.16
477.17,105.49,344.14
479.51,104.33,469.11
471.51,231.6,220.38
473.84,230.44,345.35
476.18,229.29,470.32
468.18,356.55,221.59
470.52,355.4,346.57
472.86,354.24,471.54
224.48,101.63,348.64
222.23,102.09,473.61
219.99,102.55,598.59
228.09,226.58,348.24
225.84,227.04,473.22
223.6,227.5,598.2
231.7,351.53,347.85
229.45,351.98,472.83
227.21,352.44,597.8
349.4,98.031,350.89
347.16,98.489,475.87
344.91,98.947,600.85
353.01,222.98,350.5
350.77,223.43,475.48
348.52,223.89,600.46
356.62,347.92,350.1
354.38,348.38,475.08
352.13,348.84,600.06
474.33,94.428,353.15
472.08,94.886,478.13
469.83,95.344,603.11
477.94,219.37,352.76
475.69,219.83,477.74
473.45,220.29,602.71
481.55,344.32,352.36
479.3,344.78,477.34
477.06,345.24,602.32
223.12,98.566,476.54
225.78,95.644,601.48
228.44,92.722,726.41
220.96,223.51,479.51
223.62,220.59,604.44
226.29,217.67,729.38
218.8,348.46,482.47
221.46,345.53,607.41
224.13,342.61,732.35
348.07,100.8,473.93
350.73,97.873,598.86
353.4,94.951,723.8
345.91,225.74,476.89
348.58,222.82,601.83
351.24,219.9,726.77
343.75,350.69,479.86
346.42,347.76,604.8
349.08,344.84,729.73
473.02,103.03,471.31
475.69,100.1,596.25
478.35,97.181,721.18
470.86,227.97,474.28
473.53,225.05,599.21
476.19,222.13,724.15
468.71,352.92,477.24
471.37,349.99,602.18
474.03,347.07,727.12
226.3,98.781,599.76
223.01,100.72,724.7
219.73,102.66,849.64
230.03,223.71,597.92
226.75,225.65,722.87
223.46,227.59,847.81
233.77,348.64,596.09
230.48,350.58,721.03
227.2,352.52,845.97
351.2,95.094,603.1
347.91,97.034,728.04
344.62,98.975,852.98
354.93,220.02,601.27
351.65,221.96,726.21
348.36,223.9,851.15
358.67,344.95,599.43
355.38,346.89,724.37
352.09,348.83,849.31
476.09,91.408,606.44
472.81,93.348,731.38
469.52,95.288,856.33
479.83,216.34,604.61
476.54,218.28,729.55
473.26,220.22,854.49
483.56,341.26,602.77
480.28,343.2,727.71
476.99,345.14,852.65
223.43,224.13,98.332
227.05,221.58,223.25
230.67,219.02,348.17
223.52,349.1,100.88
227.14,346.55,225.8
230.76,343.99,350.72
223.62,474.07,103.44
227.24,471.52,228.36
230.86,468.97,353.28
348.37,224.11,94.713
351.99,221.55,219.63
355.61,219,344.55
348.47,349.08,97.266
352.09,346.53,222.19
355.71,343.97,347.11
348.57,474.05,99.818
352.19,471.5,224.74
355.8,468.94,349.66
473.32,224.08,91.095
476.94,221.53,216.02
480.56,218.98,340.94
473.41,349.06,93.648
477.03,346.5,218.57
480.65,343.95,343.49
473.51,474.03,96.2
477.13,471.48,221.12
480.75,468.92,346.04
224.27,225.83,225
221.7,222.68,349.93
219.14,219.52,474.86
225.06,350.78,228.17
222.5,347.63,353.1
219.93,344.48,478.04
225.86,475.74,231.34
223.29,472.58,356.28
220.73,469.43,481.21
349.24,224.97,227.54
346.67,221.82,352.48
344.11,218.67,477.41
350.03,349.93,230.72
347.47,346.77,355.65
344.9,343.62,480.58
350.83,474.88,233.89
348.26,471.73,358.82
345.7,468.57,483.75
474.21,224.11,230.09
471.64,220.96,355.02
469.08,217.81,479.95
475,349.07,233.26
472.44,345.91,358.19
469.87,342.76,483.13
475.8,474.02,236.43
473.23,470.87,361.37
470.67,467.71,486.3
224.78,225.64,351.19
224.49,222.11,476.14
224.2,218.58,601.09
222.68,350.58,354.72
222.39,347.04,479.67
222.1,343.51,604.62
220.59,475.51,358.25
220.3,471.98,483.2
220.01,468.44,608.15
349.76,227.73,351.54
349.47,224.2,476.49
349.18,220.67,601.44
347.66,352.67,355.07
347.37,349.13,480.02
347.08,345.6,604.97
345.57,477.6,358.6
345.28,474.07,483.55
344.99,470.53,608.5
474.74,229.82,351.88
474.45,226.29,476.83
474.16,222.76,601.78
472.64,354.76,355.41
472.35,351.22,480.36
472.06,347.69,605.31
470.55,479.69,358.95
470.26,476.16,483.9
469.97,472.62,608.85
224.06,223.85,476.93
222.91,222.74,601.92
221.77,221.64,726.91
221.2,348.81,478
220.06,347.71,602.99
218.91,346.6,727.99
218.35,473.78,479.08
217.2,472.67,604.07
216.06,471.57,729.06
349.02,226.69,478.1
347.87,225.59,603.09
346.73,224.48,728.08
346.16,351.66,479.17
345.02,350.55,604.16
343.87,349.45,729.15
343.31,476.62,480.25
342.16,475.52,605.24
341.02,474.41,730.23
473.98,229.54,479.26
472.83,228.43,604.26
471.69,227.33,729.25
471.12,354.5,480.34
469.98,353.4,605.33
468.84,352.29,730.32
468.27,479.47,481.42
467.13,478.36,606.41
465.98,477.26,731.4
224.66,226.42,599.32
223.04,225.49,724.3
221.42,224.56,849.29
221.33,351.37,600.2
219.71,350.44,725.19
218.08,349.51,850.18
218,476.32,601.09
216.37,475.39,726.08
214.75,474.46,851.06
349.61,229.74,600.96
347.98,228.81,725.95
346.36,227.88,850.93
346.27,354.69,601.85
344.65,353.76,726.84
343.03,352.83,851.82
342.94,479.65,602.74
341.32,478.72,727.72
339.7,477.78,852.71
474.55,233.07,602.61
472.93,232.13,727.59
471.31,231.2,852.58
471.22,358.02,603.5
469.6,357.09,728.48
467.97,356.16,853.47
467.89,482.97,604.38
466.26,482.04,729.37
464.64,481.11,854.35
225.85,351.88,98.791
222.26,349.87,223.73
218.68,347.87,348.66
229.46,476.81,100.9
225.87,474.8,225.83
222.29,472.8,350.77
233.07,601.74,103
229.48,599.74,227.94
225.89,597.73,352.87
350.74,348.21,102.32
347.16,346.2,227.25
343.57,344.2,352.19
354.35,473.14,104.43
350.76,471.14,229.36
347.18,469.13,354.3
357.96,598.07,106.53
354.37,596.07,231.47
350.79,594.06,356.4
475.64,344.54,105.85
472.05,342.54,230.78
468.46,340.53,355.72
479.24,469.47,107.96
475.66,467.47,232.89
472.07,465.46,357.82
482.85,594.4,110.06
479.27,592.4,235
475.68,590.4,359.93
223.82,350,226.07
222.09,348.01,351.04
220.36,346.02,476.01
227.01,474.94,228.1
225.28,472.95,353.07
223.55,470.96,478.05
230.2,599.89,230.13
228.47,597.9,355.1
226.74,595.91,480.08
348.77,346.78,227.74
347.04,344.79,352.72
345.31,342.8,477.69
351.96,471.72,229.77
350.23,469.73,354.75
348.5,467.74,479.72
355.15,596.67,231.81
353.42,594.68,356.78
351.69,592.69,481.76
473.72,343.56,229.42
471.99,341.57,354.39
470.26,339.58,479.37
476.91,468.51,231.45
475.18,466.52,356.43
473.45,464.53,481.4
480.1,593.45,233.48
478.37,591.46,358.46
476.64,589.47,483.43
226.27,349.11,350.91
227.3,350.3,475.91
228.34,351.5,600.9
227.91,474.09,349.71
228.95,475.29,474.7
229.99,476.48,599.69
229.56,599.07,348.5
230.6,600.27,473.49
231.64,601.46,598.48
351.25,347.45,349.9
352.29,348.64,474.89
353.33,349.84,599.88
352.9,472.43,348.69
353.94,473.63,473.68
354.97,474.82,598.68
354.55,597.41,347.49
355.58,598.61,472.48
356.62,599.8,597.47
476.24,345.79,348.89
477.27,346.98,473.88
478.31,348.18,598.87
477.89,470.77,347.68
478.92,471.97,472.67
479.96,473.16,597.66
479.53,595.75,346.47
480.57,596.95,471.46
481.61,598.14,596.46
224.9,348.95,475.54
221.68,348.54,600.5
218.46,348.13,725.46
224.68,473.95,475.94
221.45,473.54,600.9
218.23,473.13,725.86
224.45,598.96,476.35
221.23,598.55,601.3
218,598.14,726.26
349.86,349.17,478.77
346.64,348.76,603.73
343.41,348.35,728.68
349.63,474.17,479.17
346.41,473.76,604.13
343.19,473.35,729.09
349.41,599.17,479.57
346.18,598.76,604.53
342.96,598.35,729.49
474.82,349.38,482
471.6,348.97,606.95
468.37,348.56,731.91
474.59,474.39,482.4
471.37,473.98,607.36
468.15,473.57,732.31
474.37,599.39,482.8
471.14,598.98,607.76
467.92,598.57,732.72
224.58,348.25,599.32
227.38,349.96,724.28
230.17,351.67,849.24
228.3,473.18,597.53
231.1,474.89,722.49
233.9,476.6,847.44
232.02,598.11,595.73
234.82,599.82,720.69
237.62,601.53,845.65
349.49,344.48,596.58
352.29,346.19,721.54
355.09,347.9,846.49
353.22,469.41,594.78
356.01,471.12,719.74
358.81,472.83,844.7
356.94,594.35,592.99
359.73,596.05,717.95
362.53,597.76,842.91
474.41,340.71,593.83
477.2,342.42,718.79
480,344.13,843.75
478.13,465.64,592.04
480.92,467.35,717
483.72,469.06,841.95
481.85,590.58,590.25
484.65,592.28,715.2
487.44,593.99,840.16
224.03,475.31,99.173
226.36,478.32,224.12
228.69,481.32,349.06
223.35,600.28,96.184
225.68,603.28,221.13
228.01,606.29,346.07
222.66,725.24,93.194
224.99,728.25,218.14
227.32,731.25,343.08
349.01,475.94,96.831
351.34,478.95,221.77
353.67,481.95,346.71
348.33,600.91,93.841
350.65,603.91,218.78
352.98,606.91,343.72
347.64,725.87,90.851
349.97,728.87,215.79
352.3,731.88,340.73
473.99,476.57,94.488
476.32,479.57,219.43
478.64,482.58,344.37
473.3,601.53,91.498
475.63,604.54,216.44
477.96,607.54,341.38
472.62,726.5,88.508
474.95,729.5,213.45
477.28,732.51,338.39
225.08,476.47,225.08
222.45,476.89,350.05
219.82,477.31,475.02
221.73,601.42,224.59
219.1,601.84,349.56
216.46,602.26,474.53
218.37,726.38,224.1
215.74,726.8,349.07
213.11,727.22,474.04
350.01,479.83,227.7
347.38,480.25,352.67
344.75,480.67,477.64
346.66,604.79,227.21
344.02,605.21,352.18
341.39,605.63,477.15
343.3,729.74,226.72
340.67,730.16,351.69
338.04,730.58,476.66
474.94,483.2,230.33
472.31,483.62,355.29
469.68,484.04,480.26
471.59,608.15,229.84
468.95,608.57,354.81
466.32,608.99,479.77
468.23,733.1,229.35
465.6,733.52,354.32
462.97,733.94,479.29
223.51,474.25,348.84
220.54,477.78,473.75
217.57,481.31,598.67
221.66,599.19,345.27
218.69,602.72,470.18
215.72,606.25,595.1
219.82,724.13,341.69
216.85,727.66,466.61
213.88,731.18,591.53
348.46,476.18,351.76
345.49,479.71,476.67
342.52,483.24,601.59
346.62,601.12,348.19
343.65,604.65,473.1
340.67,608.17,598.02
344.77,726.05,344.61
341.8,729.58,469.53
338.83,733.11,594.44
473.41,478.11,354.68
470.44,481.64,479.59
467.47,485.16,604.51
471.57,603.04,351.11
468.6,606.57,476.02
465.63,610.1,600.94
469.73,727.98,347.53
466.75,731.51,472.45
463.78,735.04,597.36
223.49,473.35,475.08
221.13,476.99,600.01
218.77,480.63,724.94
224.21,598.3,471.46
221.85,601.94,596.39
219.49,605.57,721.32
224.93,723.25,467.84
222.57,726.88,592.77
220.21,730.52,717.7
348.47,472.7,477.46
346.11,476.34,602.39
343.74,479.97,727.32
349.19,597.65,473.84
346.83,601.28,598.77
344.47,604.92,723.7
349.91,722.59,470.22
347.55,726.23,595.15
345.19,729.86,720.08
473.44,472.04,479.84
471.08,475.68,604.77
468.72,479.32,729.7
474.17,596.99,476.22
471.8,600.63,601.15
469.44,604.26,726.08
474.89,721.94,472.6
472.53,725.57,597.53
470.17,729.21,722.46
226.23,475.26,599.65
222.72,476.51,724.59
219.21,477.77,849.54
228.54,600.23,598.46
225.03,601.49,723.4
221.52,602.74,848.35
230.86,725.21,597.26
227.35,726.46,722.21
223.84,727.72,847.16
351.15,472.98,603.18
347.64,474.23,728.13
344.13,475.49,853.08
353.47,597.95,601.99
349.96,599.21,726.94
346.45,600.46,851.88
355.79,722.92,600.8
352.28,724.18,725.74
348.77,725.43,850.69
476.08,470.69,606.72
472.57,471.95,731.66
469.06,473.2,856.61
478.4,595.67,605.52
474.89,596.92,730.47
471.38,598.18,855.42
480.71,720.64,604.33
477.21,721.9,729.28
473.7,723.15,854.22
225.13,598.66,99.051
226.05,598,224.04
226.97,597.34,349.04
226.41,723.65,99.701
227.33,722.99,224.69
228.25,722.33,349.69
227.68,848.64,100.35
228.6,847.99,225.34
229.52,847.33,350.34
350.12,597.39,98.126
351.04,596.73,223.12
351.96,596.07,348.11
351.4,722.38,98.776
352.32,721.72,223.77
353.24,721.06,348.76
352.67,847.38,99.426
353.59,846.72,224.42
354.51,846.06,349.41
475.11,596.12,97.201
476.03,595.46,222.2
476.95,594.8,347.19
476.39,721.11,97.851
477.31,720.45,222.84
478.23,719.8,347.84
477.66,846.11,98.501
478.58,845.45,223.49
479.5,844.79,348.49
223.54,599.59,223.96
226.74,601.46,348.9
229.94,603.34,473.85
223.5,724.58,222.09
226.7,726.45,347.03
229.9,728.33,471.97
223.45,849.57,220.21
226.65,851.44,345.15
229.85,853.32,470.1
348.5,599.59,220.76
351.7,601.46,345.7
354.9,603.34,470.64
348.46,724.58,218.88
351.66,726.45,343.83
354.86,728.33,468.77
348.41,849.57,217.01
351.61,851.44,341.95
354.81,853.32,466.89
473.47,599.59,217.55
476.67,601.46,342.5
479.87,603.34,467.44
473.42,724.58,215.68
476.62,726.45,340.62
479.82,728.33,465.57
473.38,849.57,213.8
476.58,851.44,338.75
479.78,853.32,463.69
225.12,599.64,350.03
224.72,598.01,475.02
224.32,596.38,600
223.58,724.61,351.65
223.18,722.99,476.64
222.78,721.36,601.62
222.03,849.59,353.27
221.64,847.97,478.26
221.24,846.34,603.24
350.11,601.17,350.44
349.71,599.54,475.43
349.31,597.91,600.42
348.57,726.15,352.06
348.17,724.52,477.05
347.77,722.89,602.04
347.02,851.13,353.68
346.63,849.5,478.67
346.23,847.87,603.66
475.1,602.7,350.86
474.7,601.07,475.85
474.3,599.45,600.84
473.55,727.68,352.48
473.16,726.05,477.47
472.76,724.43,602.45
472.01,852.66,354.1
471.61,851.03,479.09
471.22,849.4,604.07
223.35,601.91,476.01
226.29,602.73,600.97
229.23,603.55,725.93
223.94,726.9,475.17
226.88,727.73,600.13
229.82,728.55,725.1
224.53,851.9,474.34
227.47,852.72,599.3
230.41,853.54,724.26
348.31,601.3,473.07
351.25,602.13,598.04
354.19,602.95,723
348.9,726.3,472.24
351.84,727.12,597.2
354.78,727.94,722.16
349.49,851.29,471.4
352.43,852.11,596.36
355.37,852.94,721.33
473.27,600.7,470.14
476.21,601.52,595.1
479.15,602.34,720.07
473.86,725.69,469.31
476.8,726.51,594.27
479.74,727.34,719.23
474.45,850.68,468.47
477.39,851.51,593.43
480.33,852.33,718.39
225.34,599.36,601.48
223.64,596.64,726.44
221.95,593.93,851.4
226.94,724.32,604.21
225.24,721.61,729.18
223.55,718.89,854.14
228.54,849.28,606.95
226.84,846.57,731.91
225.15,843.86,856.87
350.32,597.72,603.14
348.62,595.01,728.1
346.93,592.3,853.06
351.92,722.69,605.88
350.22,719.97,730.84
348.53,717.26,855.8
353.52,847.65,608.61
351.82,844.94,733.57
350.12,842.22,858.53
475.3,596.09,604.8
473.6,593.38,729.76
471.91,590.66,854.72
476.9,721.05,607.54
475.2,718.34,732.5
473.5,715.63,857.46
478.5,846.01,610.27
476.8,843.3,735.23
475.1,840.59,860.19
351.87,101.34,101.99
349.38,100.27,226.96
346.88,99.192,351.93
350.74,226.33,103.04
348.25,225.26,228.01
345.75,224.18,352.98
349.61,351.32,104.09
347.12,350.25,229.06
344.62,349.17,354.03
476.84,102.45,104.49
474.35,101.37,229.46
471.85,100.3,354.43
475.71,227.44,105.54
473.22,226.36,230.51
470.72,225.29,355.48
474.59,352.43,106.59
472.09,351.36,231.56
469.59,350.28,356.53
601.82,103.56,107
599.32,102.48,231.97
596.82,101.41,356.94
600.69,228.55,108.05
598.19,227.47,233.02
595.69,226.4,357.99
599.56,353.54,109.1
597.06,352.46,234.07
594.56,351.39,359.04
351.92,101.68,226.24
353.42,102.05,351.23
354.92,102.41,476.22
352.11,226.67,225.87
353.61,227.04,350.86
355.11,227.41,475.85
352.3,351.67,225.5
353.8,352.04,350.49
355.3,352.41,475.48
476.91,101.48,224.75
478.41,101.85,349.74
479.91,102.22,474.73
477.1,226.48,224.38
478.6,226.85,349.37
480.11,227.22,474.35
477.3,351.48,224.01
478.8,351.85,348.99
480.3,352.22,473.98
601.91,101.29,223.25
603.41,101.66,348.24
604.91,102.03,473.23
602.1,226.29,222.88
603.6,226.66,347.87
605.1,227.03,472.86
602.29,351.29,222.51
603.79,351.66,347.5
605.29,352.03,472.49
348.36,101.36,350.72
347.17,100.34,475.71
345.98,99.315,600.71
349.28,226.35,351.75
348.09,225.33,476.75
346.9,224.31,601.74
350.19,351.34,352.78
349,350.32,477.78
347.81,349.3,602.77
473.35,100.43,351.9
472.16,99.411,476.9
470.97,98.387,601.89
474.27,225.43,352.94
473.08,224.4,477.93
471.89,223.38,602.93
475.18,350.42,353.97
473.99,349.39,478.96
472.8,348.37,603.96
598.34,99.507,353.09
597.15,98.483,478.08
595.96,97.459,603.08
599.25,224.5,354.12
598.06,223.47,479.12
596.87,222.45,604.11
600.17,349.49,355.15
598.98,348.46,480.15
597.79,347.44,605.14
349.44,100.63,475.2
350.27,98.395,600.18
351.1,96.164,725.15
348.83,225.61,477.44
349.66,223.38,602.41
350.49,221.14,727.39
348.22,350.59,479.67
349.05,348.36,604.65
349.88,346.13,729.62
474.44,101.24,474.39
475.27,99.013,599.36
476.09,96.782,724.34
473.83,226.22,476.62
474.66,223.99,601.6
475.49,221.76,726.57
473.22,351.2,478.86
474.05,348.97,603.83
474.88,346.74,728.81
599.44,101.86,473.58
600.27,99.63,598.55
601.09,97.399,723.53
598.83,226.84,475.81
599.66,224.61,600.79
600.49,222.38,725.76
598.22,351.82,478.04
599.05,349.59,603.02
599.88,347.36,728
348.32,101.43,599.82
349.53,99.12,724.8
350.75,96.81,849.77
349.75,226.4,602.12
350.97,224.09,727.1
352.18,221.78,852.07
351.19,351.38,604.42
352.41,349.06,729.4
353.62,346.75,854.37
473.3,100.02,598.58
474.51,97.706,723.55
475.73,95.395,848.53
474.74,224.99,600.88
475.95,222.68,725.85
477.17,220.37,850.83
476.17,349.96,603.18
477.39,347.65,728.15
478.6,345.34,853.13
598.28,98.602,597.33
599.5,96.292,722.31
600.71,93.981,847.28
599.72,223.57,599.63
600.93,221.26,724.61
602.15,218.95,849.58
601.16,348.55,601.94
602.37,346.24,726.91
603.58,343.93,851.88
350.42,224.09,100.2
347.63,224.86,225.17
344.83,225.62,350.14
353.92,349.04,99.522
351.12,349.8,224.49
348.33,350.57,349.45
357.41,473.99,98.841
354.62,474.75,223.81
351.82,475.51,348.77
475.34,220.62,103.02
472.55,221.38,227.98
469.75,222.14,352.95
478.84,345.57,102.34
476.04,346.33,227.3
473.25,347.09,352.27
482.33,470.51,101.65
479.54,471.28,226.62
476.74,472.04,351.59
600.27,217.14,105.83
597.47,217.91,230.8
594.68,218.67,355.76
603.76,342.09,105.15
600.97,342.85,230.11
598.17,343.62,355.08
607.26,467.04,104.47
604.46,467.8,229.43
601.67,468.56,354.4
350.58,226.06,226.62
349.45,223.52,351.59
348.33,220.98,476.56
349.43,351.04,229.15
348.31,348.49,354.12
347.18,345.95,479.09
348.29,476.01,231.67
347.16,473.46,356.65
346.03,470.92,481.62
475.57,227.18,227.77
474.44,224.64,352.74
473.32,222.1,477.71
474.42,352.16,230.3
473.3,349.61,355.27
472.17,347.07,480.24
473.28,477.13,232.82
472.15,474.58,357.79
471.02,472.04,482.77
600.56,228.3,228.92
599.43,225.76,353.89
598.3,223.22,478.86
599.41,353.28,231.44
598.28,350.73,356.42
597.16,348.19,481.39
598.27,478.25,233.97
597.14,475.7,358.94
596.01,473.16,483.91
349.65,225.08,351.57
346.65,222.9,476.52
343.66,220.73,601.46
350.73,350.06,353.77
347.73,347.88,478.71
344.74,345.71,603.66
351.81,475.03,355.96
348.82,472.86,480.91
345.82,470.68,605.85
474.61,223.94,354.54
471.61,221.77,479.49
468.61,219.59,604.43
475.69,348.92,356.74
472.69,346.74,481.69
469.7,344.57,606.63
476.77,473.9,358.94
473.78,471.72,483.88
470.78,469.55,608.83
599.57,222.8,357.52
596.57,220.63,482.46
593.57,218.46,607.41
600.65,347.78,359.71
597.65,345.61,484.66
594.66,343.43,609.6
601.73,472.76,361.91
598.74,470.59,486.86
595.74,468.41,611.8
349.47,223.37,476.12
346.17,226.42,601.04
342.88,229.48,725.96
350.18,348.33,473.08
346.88,351.38,598
343.59,354.44,722.92
350.89,473.29,470.04
347.59,476.34,594.96
344.3,479.4,719.88
474.42,222.74,479.43
471.13,225.8,604.35
467.84,228.85,729.27
475.13,347.7,476.39
471.84,350.76,601.31
468.55,353.81,726.23
475.84,472.66,473.36
472.55,475.72,598.28
469.26,478.77,723.19
599.38,222.11,482.74
596.09,225.17,607.66
592.79,228.22,732.58
600.09,347.08,479.71
596.8,350.13,604.63
593.5,353.19,729.55
600.8,472.04,476.67
597.51,475.09,601.59
594.21,478.15,726.51
350.26,224.92,599.28
353.44,221.49,724.2
356.61,218.06,849.11
353.7,349.83,602.62
356.87,346.4,727.54
360.05,342.97,852.45
357.13,474.73,605.96
360.31,471.3,730.87
363.48,467.88,855.79
475.18,221.57,596.02
478.35,218.14,720.93
481.52,214.72,845.84
478.61,346.48,599.36
481.79,343.05,724.27
484.96,339.62,849.18
482.05,471.38,602.7
485.22,467.96,727.61
488.39,464.53,852.52
600.09,218.22,592.75
603.26,214.8,717.67
606.44,211.37,842.58
603.52,343.13,596.09
606.7,339.7,721.01
609.87,336.27,845.92
606.96,468.04,599.43
610.13,464.61,724.35
613.31,461.18,849.26
348.8,348.16,100.1
349.2,350.3,225.08
349.6,352.45,350.06
351.59,473.11,97.94
351.99,475.25,222.92
352.39,477.4,347.9
354.38,598.06,95.784
354.78,600.21,220.76
355.18,602.35,345.75
473.77,345.37,99.746
474.17,347.52,224.73
474.57,349.66,349.71
476.56,470.32,97.59
476.96,472.47,222.57
477.36,474.61,347.55
479.35,595.27,95.434
479.75,597.42,220.41
480.15,599.56,345.4
598.74,342.59,99.396
599.14,344.73,224.38
599.54,346.87,349.36
601.53,467.54,97.24
601.93,469.68,222.22
602.33,471.82,347.2
604.32,592.49,95.084
604.72,594.63,220.06
605.12,596.77,345.04
350.62,350.22,224.26
347.38,351.12,349.22
344.15,352.03,474.17
352.42,475.2,223.4
349.18,476.11,348.36
345.94,477.02,473.31
354.21,600.19,222.54
350.97,601.1,347.5
347.74,602,472.45
475.57,348.45,227.51
472.33,349.35,352.47
469.09,350.26,477.42
477.36,473.43,226.65
474.12,474.34,351.61
470.88,475.25,476.56
479.16,598.42,225.79
475.92,599.33,350.75
472.68,600.23,475.7
600.51,346.67,230.76
597.27,347.58,355.72
594.03,348.49,480.67
602.3,471.66,229.9
599.07,472.57,354.86
595.83,473.48,479.81
604.1,596.65,229.04
600.86,597.56,354
597.62,598.46,478.95
349.69,348.81,348.75
348.43,352.16,473.7
347.18,355.52,598.64
349.9,473.76,345.39
348.64,477.12,470.34
347.38,480.48,595.29
350.1,598.72,342.04
348.84,602.08,466.99
347.58,605.43,591.94
474.68,348.64,350
473.43,351.99,474.95
472.17,355.35,599.9
474.89,473.6,346.65
473.63,476.95,471.6
472.37,480.31,596.55
475.09,598.55,343.3
473.83,601.91,468.25
472.58,605.27,593.19
599.68,348.47,351.26
598.42,351.83,476.21
597.16,355.18,601.16
599.88,473.43,347.91
598.62,476.78,472.85
597.36,480.14,597.8
600.08,598.39,344.55
598.83,601.74,469.5
597.57,605.1,594.45
350.51,348.46,474.94
353.64,351.22,599.87
356.77,353.98,724.8
349.74,473.43,472.2
352.87,476.19,597.13
356,478.95,722.06
348.97,598.41,469.45
352.1,601.17,594.39
355.23,603.92,719.32
475.47,349.17,471.79
478.6,351.92,596.72
481.73,354.68,721.65
474.7,474.14,469.05
477.83,476.9,593.98
480.96,479.66,718.91
473.93,599.11,466.31
477.06,601.87,591.24
480.18,604.63,716.17
600.43,349.87,468.64
603.56,352.63,593.57
606.69,355.39,718.51
599.66,474.84,465.9
602.79,477.6,590.83
605.92,480.36,715.76
598.89,599.81,463.16
602.01,602.57,588.09
605.14,605.33,713.02
349.58,348.54,600.46
352.79,349.54,725.41
356.01,350.54,850.37
352.46,473.51,599.39
355.68,474.51,724.34
358.9,475.5,849.3
355.35,598.47,598.32
358.57,599.47,723.27
361.79,600.47,848.22
474.5,345.63,597.27
477.72,346.62,722.22
480.94,347.62,847.17
477.39,470.59,596.2
480.61,471.59,721.15
483.83,472.59,846.1
480.28,595.56,595.13
483.5,596.56,720.08
486.72,597.55,845.03
599.43,342.71,594.07
602.65,343.71,719.03
605.86,344.71,843.98
602.32,467.68,593
605.53,468.67,717.96
608.75,469.67,842.91
605.2,592.64,591.93
608.42,593.64,716.89
611.64,594.64,841.84
351.49,474.56,99.749
351.11,474.52,224.75
350.74,474.48,349.76
350.88,599.55,99.785
350.5,599.52,224.79
350.13,599.48,349.79
350.27,724.55,99.821
349.89,724.51,224.82
349.52,724.47,349.83
476.48,475.16,100.12
476.11,475.12,225.12
475.73,475.08,350.13
475.87,600.16,100.16
475.5,600.12,225.16
475.12,600.08,350.16
475.27,725.16,100.19
474.89,725.12,225.2
474.52,725.08,350.2
601.48,475.77,100.49
601.1,475.73,225.49
600.73,475.69,350.5
600.87,600.77,100.53
600.5,600.73,225.53
600.12,600.69,350.53
600.26,725.76,100.56
599.89,725.73,225.57
599.51,725.69,350.57
350.34,473.24,226.48
348.87,476.32,351.43
347.41,479.4,476.38
351.02,598.21,223.41
349.56,601.28,348.36
348.09,604.36,473.32
351.71,723.17,220.34
350.25,726.25,345.3
348.78,729.32,470.25
475.33,472.59,227.96
473.86,475.67,352.91
472.4,478.75,477.86
476.01,597.55,224.89
474.55,600.63,349.84
473.08,603.71,474.8
476.7,722.52,221.82
475.24,725.59,346.78
473.77,728.67,471.73
600.31,471.94,229.44
598.85,475.01,354.39
597.39,478.09,479.34
601,596.9,226.37
599.54,599.98,351.32
598.07,603.06,476.28
601.69,721.86,223.3
600.23,724.94,348.26
598.76,728.02,473.21
348.39,473.8,350.23
349.61,471.33,475.2
350.82,468.87,600.17
349.51,598.77,352.68
350.72,596.3,477.65
351.94,593.84,602.62
350.63,723.74,355.13
351.84,721.27,480.1
353.06,718.81,605.07
473.38,472.71,348.99
474.6,470.24,473.96
475.81,467.78,598.93
474.5,597.68,351.45
475.71,595.21,476.41
476.93,592.75,601.38
475.62,722.65,353.9
476.83,720.18,478.87
478.05,717.72,603.84
598.37,471.62,347.76
599.59,469.15,472.72
600.8,466.69,597.69
599.49,596.59,350.21
600.71,594.12,475.18
601.92,591.66,600.15
600.61,721.56,352.66
601.82,719.09,477.63
603.04,716.63,602.6
349.78,474.44,475.38
348.71,472.52,600.36
347.64,470.59,725.34
352.57,599.4,477.33
351.5,597.47,602.31
350.43,595.54,727.29
355.37,724.35,479.28
354.3,722.42,604.26
353.22,720.5,729.24
474.75,471.64,476.41
473.68,469.71,601.39
472.61,467.78,726.37
477.54,596.59,478.36
476.47,594.66,603.34
475.4,592.74,728.32
480.33,721.54,480.3
479.26,719.62,605.29
478.19,717.69,730.27
599.72,468.83,477.44
598.64,466.9,602.42
597.57,464.98,727.4
602.51,593.78,479.38
601.44,591.86,604.37
600.37,589.93,729.35
605.3,718.73,481.33
604.23,716.81,606.31
603.16,714.88,731.29
350.07,474.89,598.8
351.25,473.78,723.79
352.42,472.67,848.78
352.8,599.85,599.88
353.98,598.74,724.87
355.16,597.63,849.86
355.53,724.82,600.97
356.71,723.71,725.96
357.89,722.6,850.95
475.03,472.16,597.59
476.21,471.05,722.59
477.39,469.95,847.58
477.76,597.13,598.68
478.94,596.02,723.67
480.12,594.91,848.66
480.5,722.09,599.76
481.67,720.98,724.75
482.85,719.88,849.74
600,469.44,596.39
601.17,468.33,721.38
602.35,467.22,846.37
602.73,594.4,597.47
603.91,593.3,722.46
605.08,592.19,847.45
605.46,719.37,598.56
606.64,718.26,723.55
607.82,717.15,848.54
351.82,598.76,100.63
350.68,597.94,225.62
349.54,597.11,350.61
353.94,723.74,101.47
352.8,722.91,226.46
351.66,722.09,351.45
356.05,848.72,102.31
354.91,847.89,227.3
353.77,847.07,352.29
476.8,596.64,101.75
475.66,595.81,226.74
474.52,594.99,351.73
478.91,721.62,102.59
477.78,720.79,227.58
476.64,719.97,352.57
481.03,846.59,103.43
479.89,845.77,228.42
478.75,844.94,353.41
601.78,594.52,102.88
600.64,593.69,227.87
599.5,592.86,352.85
603.89,719.49,103.72
602.75,718.67,228.71
601.61,717.84,353.7
606.01,844.47,104.56
604.87,843.64,229.55
603.73,842.82,354.54
349.43,599.03,225.1
350.98,596.86,350.07
352.52,594.69,475.04
347.51,723.99,227.29
349.05,721.83,352.27
350.59,719.66,477.24
345.58,848.96,229.49
347.12,846.79,354.46
348.66,844.62,479.43
474.41,600.99,223.59
475.95,598.82,348.56
477.49,596.65,473.54
472.48,725.95,225.78
474.02,723.78,350.76
475.56,721.61,475.73
470.55,850.91,227.98
472.09,848.74,352.95
473.64,846.57,477.92
599.38,602.94,222.08
600.92,600.77,347.06
602.46,598.6,472.03
597.45,727.9,224.28
598.99,725.73,349.25
600.54,723.56,474.22
595.52,852.86,226.47
597.07,850.69,351.44
598.61,848.52,476.42
350.05,598.15,350.21
346.89,595.72,475.15
343.73,593.29,600.08
347.06,723.09,352.57
343.9,720.66,477.51
340.74,718.23,602.44
344.08,848.03,354.93
340.92,845.6,479.86
337.75,843.17,604.8
474.98,601.08,353.43
471.81,598.65,478.37
468.65,596.22,603.3
471.99,726.02,355.79
468.83,723.59,480.72
465.67,721.16,605.66
469,850.96,358.14
465.84,848.53,483.08
462.68,846.1,608.01
599.9,604.01,356.65
596.74,601.58,481.58
593.58,599.15,606.52
596.91,728.95,359
593.75,726.52,483.94
590.59,724.09,608.87
593.93,853.89,361.36
590.76,851.46,486.29
587.6,849.03,611.23
351.84,599.94,473.88
349.92,603.44,598.82
348,606.93,723.75
354.18,724.87,470.43
352.26,728.36,595.36
350.34,731.86,720.3
356.52,849.8,466.97
354.6,853.29,591.91
352.67,856.78,716.84
476.8,597.66,475.87
474.88,601.15,600.8
472.96,604.65,725.74
479.14,722.59,472.42
477.22,726.08,597.35
475.3,729.57,722.29
481.48,847.51,468.96
479.55,851.01,593.9
477.63,854.5,718.83
601.76,595.38,477.86
599.84,598.87,602.79
597.92,602.36,727.73
604.1,720.3,474.41
602.18,723.8,599.34
600.25,727.29,724.28
606.43,845.23,470.95
604.51,848.73,595.89
602.59,852.22,720.82
349.31,600.64,600.48
352.82,604,725.39
356.34,607.35,850.29
347.96,725.59,597.16
351.48,728.94,722.07
354.99,732.3,846.97
346.61,850.54,593.84
350.13,853.89,718.75
353.64,857.25,843.66
474.25,601.89,596.93
477.76,605.25,721.84
481.28,608.6,846.74
472.9,726.84,593.61
476.42,730.19,718.52
479.93,733.55,843.42
471.55,851.79,590.29
475.07,855.14,715.2
478.59,858.5,840.11
599.19,603.14,593.38
602.71,606.5,718.29
606.22,609.85,843.19
597.84,728.09,590.06
601.36,731.45,714.97
604.87,734.8,839.87
596.49,853.04,586.74
600.01,856.39,711.65
603.53,859.75,836.55
476.81,100.19,100.94
473.12,96.554,225.83
469.42,92.915,350.73
479.04,225.12,104.65
475.35,221.48,229.54
471.66,217.84,354.43
481.28,350.05,108.36
477.59,346.41,233.25
473.9,342.77,358.14
601.73,97.842,104.57
598.04,94.204,229.46
594.35,90.566,354.35
603.97,222.77,108.28
600.28,219.13,233.17
596.59,215.49,358.06
606.21,347.7,111.98
602.52,344.06,236.87
598.83,340.42,361.76
726.66,95.493,108.2
722.97,91.854,233.09
719.28,88.216,357.98
728.9,220.42,111.9
725.21,216.78,236.79
721.52,213.14,361.68
731.14,345.35,115.61
727.44,341.71,240.5
723.75,338.07,365.39
474.56,98.415,224.43
474.99,96.335,349.41
475.42,94.254,474.39
472.28,223.38,226.52
472.71,221.3,351.5
473.14,219.22,476.48
469.99,348.34,228.61
470.42,346.26,353.59
470.85,344.18,478.57
599.54,100.71,224.03
599.97,98.631,349.01
600.4,96.55,474
597.25,225.67,226.12
597.68,223.59,351.1
598.11,221.51,476.09
594.97,350.64,228.21
595.4,348.56,353.19
595.83,346.48,478.18
724.52,103.01,223.64
724.94,100.93,348.62
725.37,98.846,473.6
722.23,227.97,225.73
722.66,225.89,350.71
723.09,223.81,475.69
719.94,352.93,227.82
720.37,350.85,352.8
720.8,348.77,477.78
476.5,101.88,348.94
473.34,103.17,473.89
470.19,104.46,598.85
477,226.87,347.66
473.84,228.16,472.62
470.69,229.45,597.57
477.49,351.87,346.38
474.34,353.16,471.34
471.18,354.45,596.29
601.46,101.41,352.11
598.3,102.7,477.06
595.15,104,602.01
601.96,226.41,350.83
598.8,227.7,475.78
595.65,228.99,600.73
602.45,351.4,349.55
599.3,352.69,474.5
596.14,353.98,599.45
726.42,100.95,355.27
723.27,102.24,480.22
720.11,103.53,605.17
726.92,225.94,353.99
723.76,227.23,478.94
720.61,228.52,603.89
727.42,350.93,352.71
724.26,352.22,477.66
721.1,353.51,602.61
473.5,100.88,476.84
472.83,98.903,601.82
472.16,96.925,726.8
472.52,225.86,478.8
471.85,223.89,603.79
471.18,221.91,728.77
471.54,350.85,480.77
470.87,348.87,605.76
470.2,346.89,730.74
598.49,101.84,477.52
597.82,99.867,602.51
597.15,97.889,727.49
597.52,226.83,479.49
596.84,224.85,604.48
596.17,222.87,729.46
596.54,351.81,481.46
595.87,349.83,606.45
595.2,347.85,731.43
723.49,102.81,478.21
722.82,100.83,603.2
722.15,98.853,728.18
722.51,227.79,480.18
721.84,225.81,605.17
721.17,223.84,730.15
721.53,352.77,482.15
720.86,350.8,607.13
720.19,348.82,732.12
473.75,101.55,600.77
475.36,100.01,725.75
476.97,98.478,850.73
475.87,226.52,602.28
477.48,224.99,727.26
479.09,223.45,852.24
477.99,351.5,603.79
479.6,349.96,728.77
481.21,348.42,853.74
598.72,99.453,599.13
600.33,97.917,724.11
601.94,96.38,849.09
600.84,224.43,600.64
602.45,222.89,725.62
604.06,221.35,850.6
602.97,349.4,602.15
604.57,347.86,727.13
606.18,346.33,852.11
723.69,97.355,597.5
725.3,95.819,722.48
726.91,94.282,847.46
725.81,222.33,599.01
727.42,220.79,723.99
729.03,219.26,848.97
727.94,347.3,600.51
729.55,345.76,725.49
731.15,344.23,850.47
474.28,225.19,99.261
472.24,225.47,224.24
470.2,225.74,349.23
476.68,350.16,99.024
474.64,350.44,224.01
472.6,350.72,348.99
479.07,475.14,98.787
477.03,475.42,223.77
474.99,475.69,348.75
599.24,222.79,101.3
597.2,223.07,226.29
595.16,223.35,351.27
601.64,347.77,101.07
599.6,348.05,226.05
597.56,348.32,351.03
604.03,472.74,100.83
601.99,473.02,225.81
599.95,473.3,350.8
724.2,220.4,103.35
722.16,220.68,228.33
720.12,220.96,353.31
726.6,345.37,103.11
724.56,345.65,228.09
722.52,345.93,353.08
728.99,470.35,102.87
726.95,470.63,227.86
724.91,470.9,352.84
475.6,226.2,225.93
477.44,225.55,350.91
479.27,224.91,475.9
478.83,351.16,226.53
480.66,350.51,351.51
482.5,349.87,476.49
482.06,476.12,227.13
483.89,475.47,352.11
485.72,474.82,477.09
600.55,222.98,224.08
602.38,222.34,349.06
604.22,221.69,474.05
603.77,347.94,224.68
605.61,347.29,349.66
607.44,346.65,474.65
607,472.9,225.28
608.83,472.25,350.26
610.67,471.61,475.24
725.49,219.76,222.23
727.33,219.12,347.21
729.16,218.47,472.2
728.72,344.72,222.83
730.55,344.08,347.81
732.39,343.43,472.8
731.94,469.68,223.43
733.78,469.03,348.41
735.61,468.39,473.39
473.86,224.35,349.73
475.85,227.72,474.66
477.83,231.09,599.6
475.21,349.3,346.33
477.19,352.67,471.27
479.17,356.04,596.21
476.55,474.24,342.94
478.53,477.61,467.88
480.52,480.99,592.81
598.84,222.95,347.77
600.82,226.33,472.71
602.81,229.7,597.64
600.18,347.9,344.38
602.17,351.27,469.32
604.15,354.64,594.25
601.53,472.85,340.99
603.51,476.22,465.93
605.49,479.59,590.86
723.82,221.56,345.82
725.8,224.93,470.76
727.78,228.3,595.69
725.16,346.51,342.43
727.14,349.88,467.36
729.13,353.25,592.3
726.5,471.46,339.04
728.49,474.83,463.97
730.47,478.2,588.91
475.73,225.09,476.1
475.38,222.22,601.06
475.04,219.35,726.03
473.84,350.04,478.96
473.5,347.17,603.93
473.15,344.3,728.9
471.95,474.99,481.83
471.61,472.12,606.79
471.26,469.25,731.76
600.71,226.96,476.49
600.37,224.09,601.45
600.03,221.22,726.42
598.83,351.91,479.35
598.48,349.04,604.32
598.14,346.17,729.28
596.94,476.86,482.22
596.6,473.99,607.18
596.25,471.12,732.15
725.7,228.83,476.88
725.36,225.96,601.84
725.01,223.09,726.81
723.81,353.79,479.74
723.47,350.92,604.71
723.13,348.05,729.67
721.93,478.74,482.61
721.58,475.87,607.57
721.24,473,732.54
473.89,225.17,598.55
473.62,223.16,723.53
473.34,221.14,848.51
471.66,350.14,600.55
471.38,348.12,725.54
471.1,346.11,850.52
469.43,475.1,602.56
469.15,473.09,727.54
468.87,471.07,852.53
598.88,227.4,598.86
598.6,225.38,723.84
598.32,223.37,848.82
596.64,352.36,600.87
596.36,350.35,725.85
596.08,348.33,850.83
594.41,477.33,602.88
594.13,475.31,727.86
593.85,473.3,852.84
723.86,229.62,599.18
723.58,227.61,724.16
723.3,225.6,849.14
721.62,354.59,601.19
721.34,352.57,726.17
721.07,350.56,851.15
719.39,479.55,603.19
719.11,477.54,728.18
718.83,475.53,853.16
475.73,350.89,100.69
474.62,352.31,225.68
473.52,353.73,350.67
474.94,475.87,99.267
473.83,477.29,224.25
472.73,478.71,349.24
474.15,600.86,97.841
473.04,602.28,222.83
471.94,603.7,347.81
600.72,351.69,101.79
599.61,353.11,226.78
598.51,354.53,351.76
599.93,476.68,100.36
598.82,478.1,225.35
597.72,479.52,350.34
599.14,601.67,98.938
598.03,603.09,223.92
596.93,604.5,348.91
725.71,352.49,102.89
724.6,353.91,227.87
723.5,355.33,352.86
724.92,477.48,101.46
723.81,478.9,226.45
722.71,480.32,351.43
724.13,602.47,100.04
723.02,603.89,225.02
721.92,605.31,350.01
473.49,350.53,225.05
471.41,350.32,350.03
469.32,350.1,475.01
473.67,475.53,225.27
471.59,475.32,350.25
469.5,475.1,475.24
473.85,600.53,225.49
471.77,600.31,350.48
469.68,600.1,475.46
598.47,350.35,227.13
596.38,350.13,352.11
594.3,349.92,477.1
598.65,475.35,227.35
596.56,475.13,352.34
594.48,474.91,477.32
598.83,600.35,227.58
596.74,600.13,352.56
594.66,599.91,477.54
723.44,350.17,229.21
721.36,349.95,354.2
719.28,349.73,479.18
723.62,475.17,229.44
721.54,474.95,354.42
719.46,474.73,479.4
723.81,600.17,229.66
721.72,599.95,354.64
719.64,599.73,479.63
475.24,350.25,351.42
478.62,348.38,476.36
482,346.51,601.3
474.91,475.23,353.3
478.29,473.37,478.24
481.67,471.5,603.18
474.58,600.22,355.18
477.96,598.35,480.12
481.35,596.48,605.06
600.2,350.63,348.05
603.58,348.76,472.99
606.96,346.9,597.93
599.87,475.62,349.93
603.25,473.75,474.87
606.63,471.88,599.81
599.54,600.6,351.8
602.92,598.73,476.74
606.3,596.87,601.68
725.15,351.01,344.68
728.53,349.15,469.62
731.91,347.28,594.56
724.83,476,346.55
728.21,474.13,471.49
731.59,472.26,596.44
724.5,600.98,348.43
727.88,599.12,473.37
731.26,597.25,598.31
474.59,351.41,476.61
475.11,348.31,601.57
475.63,345.21,726.53
473.1,476.36,479.71
473.62,473.26,604.67
474.14,470.17,729.64
471.62,601.32,482.82
472.14,598.22,607.78
472.66,595.12,732.74
599.58,352.9,476.13
600.09,349.8,601.09
600.61,346.71,726.05
598.09,477.86,479.23
598.61,474.76,604.19
599.13,471.66,729.16
596.61,602.81,482.34
597.13,599.72,607.3
597.65,596.62,732.26
724.56,354.4,475.65
725.08,351.3,600.61
725.6,348.2,725.57
723.08,479.35,478.75
723.6,476.26,603.71
724.12,473.16,728.68
721.6,604.31,481.86
722.11,601.21,606.82
722.63,598.11,731.78
473.87,350.85,601.8
472.12,350.2,726.79
470.37,349.55,851.78
474.49,475.85,602.47
472.74,475.2,727.46
470.99,474.54,852.45
475.11,600.84,603.14
473.36,600.19,728.13
471.61,599.54,853.12
598.86,350.22,603.55
597.11,349.57,728.53
595.36,348.92,853.52
599.48,475.22,604.22
597.73,474.57,729.2
595.98,473.91,854.19
600.09,600.21,604.89
598.34,599.56,729.87
596.6,598.91,854.86
723.84,349.59,605.29
722.09,348.94,730.28
720.34,348.29,855.27
724.46,474.59,605.96
722.71,473.93,730.95
720.96,473.28,855.94
725.08,599.58,606.63
723.33,598.93,731.62
721.58,598.28,856.61
474.58,474.92,100.64
476.44,474.91,225.63
478.3,474.91,350.62
476.5,599.9,100.62
478.36,599.9,225.61
480.21,599.9,350.6
478.42,724.88,100.6
480.27,724.88,225.59
482.13,724.88,350.57
599.56,473,98.784
601.41,473,223.77
603.27,472.99,348.76
601.47,597.98,98.762
603.33,597.98,223.75
605.19,597.98,348.74
603.39,722.97,98.74
605.25,722.96,223.73
607.1,722.96,348.72
724.53,471.08,96.928
726.38,471.08,221.92
728.24,471.08,346.91
726.45,596.06,96.906
728.3,596.06,221.9
730.16,596.06,346.88
728.36,721.05,96.883
730.22,721.05,221.87
732.08,721.04,346.86
475.9,473.26,226.61
473.27,473.84,351.58
470.64,474.42,476.55
473.13,598.23,225.96
470.5,598.81,350.94
467.87,599.39,475.91
470.37,723.2,225.32
467.74,723.78,350.29
465.11,724.36,475.27
600.84,476.04,229.22
598.21,476.62,354.19
595.58,477.21,479.17
598.07,601.01,228.58
595.44,601.59,353.55
592.81,602.17,478.52
595.31,725.98,227.94
592.68,726.56,352.91
590.05,727.14,477.88
725.78,478.83,231.84
723.15,479.41,356.81
720.52,479.99,481.78
723.01,603.79,231.2
720.38,604.37,356.17
717.75,604.96,481.14
720.25,728.76,230.55
717.62,729.34,355.53
714.99,729.92,480.5
474.01,473.15,351.68
471.07,474.87,476.63
468.14,476.6,601.59
473.01,598.13,349.93
470.08,599.86,474.88
467.14,601.58,599.84
472.02,723.11,348.18
469.08,724.84,473.13
466.15,726.56,598.09
598.97,474.18,354.6
596.04,475.91,479.55
593.1,477.63,604.5
597.98,599.17,352.85
595.04,600.89,477.8
592.11,602.61,602.75
596.98,724.15,351.1
594.05,725.87,476.05
591.11,727.59,601
723.93,475.22,357.51
721,476.94,482.47
718.06,478.66,607.42
722.94,600.2,355.76
720,601.92,480.72
717.07,603.65,605.67
721.94,725.18,354.01
719.01,726.9,478.97
716.07,728.63,603.92
476.2,475.35,474.62
478.4,476.65,599.6
480.6,477.95,724.57
474.11,600.32,473.36
476.31,601.62,598.33
478.51,602.92,723.31
472.03,725.29,472.1
474.22,726.59,597.07
476.42,727.89,722.05
601.17,477.42,472.4
603.37,478.72,597.37
605.56,480.02,722.35
599.08,602.39,471.14
601.28,603.69,596.11
603.48,604.99,721.09
596.99,727.37,469.87
599.19,728.66,594.85
601.39,729.96,719.82
726.13,479.49,470.18
728.33,480.79,595.15
730.53,482.09,720.13
724.05,604.46,468.91
726.24,605.76,593.89
728.44,607.06,718.86
721.96,729.44,467.65
724.15,730.74,592.62
726.35,732.03,717.6
475.66,473.5,598.6
476.63,473.03,723.6
477.61,472.56,848.59
478.26,598.47,599.06
479.24,598,724.05
480.22,597.53,849.05
480.87,723.45,599.51
481.85,722.98,724.51
482.83,722.51,849.51
600.63,470.9,597.61
601.6,470.42,722.61
602.58,469.95,847.6
603.23,595.87,598.07
604.21,595.4,723.06
605.19,594.93,848.06
605.84,720.84,598.52
606.82,720.37,723.52
607.8,719.9,848.52
725.6,468.29,596.62
726.57,467.82,721.61
727.55,467.35,846.61
728.2,593.27,597.07
729.18,592.79,722.07
730.16,592.32,847.07
730.81,718.24,597.53
731.79,717.77,722.53
732.77,717.3,847.53
473.54,598.18,98.557
470.31,595.08,223.48
467.09,591.98,348.4
474.19,723.14,101.67
470.97,720.04,226.59
467.74,716.94,351.51
474.84,848.1,104.78
471.62,845,229.7
468.4,841.9,354.62
598.49,597.44,101.76
595.27,594.35,226.68
592.04,591.25,351.6
599.15,722.4,104.88
595.92,719.3,229.79
592.7,716.21,354.71
599.8,847.36,107.99
596.58,844.26,232.91
593.35,841.16,357.83
723.45,596.71,104.97
720.22,593.61,229.89
717,590.51,354.81
724.1,721.67,108.08
720.88,718.57,233
717.65,715.47,357.92
724.75,846.63,111.19
721.53,843.53,236.11
718.31,840.43,361.03
476,598.94,226.63
473.61,601.24,351.59
471.22,603.54,476.55
472.59,723.87,224.27
470.2,726.17,349.23
467.81,728.47,474.18
469.19,848.8,221.9
466.79,851.1,346.86
464.4,853.4,471.82
600.93,602.39,228.96
598.54,604.69,353.92
596.15,606.99,478.87
597.53,727.32,226.6
595.13,729.62,351.55
592.74,731.92,476.51
594.12,852.26,224.23
591.73,854.56,349.19
589.33,856.85,474.14
725.87,605.85,231.29
723.47,608.14,356.24
721.08,610.44,481.2
722.46,730.78,228.92
720.07,733.08,353.88
717.67,735.38,478.84
719.05,855.71,226.56
716.66,858.01,351.51
714.26,860.31,476.47
473.58,601.48,351.82
473.63,601.39,476.83
473.68,601.31,601.83
475.75,726.46,351.91
475.79,726.37,476.91
475.84,726.29,601.91
477.91,851.44,351.99
477.96,851.35,476.99
478.01,851.27,601.99
598.56,599.31,351.78
598.61,599.23,476.78
598.66,599.14,601.78
600.73,724.29,351.86
600.77,724.21,476.86
600.82,724.12,601.86
602.89,849.27,351.94
602.94,849.19,476.94
602.99,849.1,601.94
723.54,597.14,351.73
723.59,597.06,476.73
723.64,596.98,601.73
725.71,722.12,351.81
725.75,722.04,476.81
725.8,721.96,601.82
727.87,847.11,351.89
727.92,847.02,476.9
727.97,846.94,601.9
473.27,599.77,476.54
475.46,602.97,601.48
477.64,606.17,726.42
470.65,724.71,473.39
472.83,727.9,598.33
475.02,731.1,723.27
468.02,849.64,470.24
470.21,852.83,595.18
472.39,856.03,720.12
598.22,602.34,474.28
600.41,605.54,599.22
602.59,608.73,724.16
595.6,727.27,471.13
597.78,730.47,596.07
599.97,733.67,721.01
592.97,852.2,467.98
595.16,855.4,592.93
597.34,858.6,717.87
723.17,604.91,472.03
725.36,608.11,596.97
727.55,611.3,721.91
720.55,729.84,468.88
722.73,733.04,593.82
724.92,736.23,718.76
717.92,854.77,465.73
720.11,857.97,590.67
722.29,861.17,715.61
476.41,599.23,599.84
477.66,599.17,724.83
478.9,599.11,849.83
479.61,724.19,599.86
480.86,724.13,724.86
482.11,724.07,849.85
482.82,849.15,599.88
484.07,849.09,724.88
485.32,849.03,849.87
601.37,596.02,598.59
602.61,595.96,723.58
603.86,595.91,848.58
604.57,720.98,598.61
605.82,720.92,723.61
607.07,720.87,848.6
607.78,845.94,598.63
609.03,845.88,723.63
610.28,845.83,848.62
726.32,592.81,597.34
727.57,592.76,722.33
728.82,592.7,847.33
729.53,717.77,597.36
730.78,717.72,722.36
732.03,717.66,847.35
732.74,842.74,597.38
733.99,842.68,722.38
735.23,842.62,847.37
600.91,100.67,100.08
600.88,99.384,225.07
600.85,98.101,350.07
602.81,225.65,101.36
602.78,224.37,226.36
602.75,223.08,351.35
604.71,350.63,102.65
604.68,349.35,227.64
604.65,348.06,352.63
725.89,98.766,100.09
725.86,97.483,225.08
725.83,96.2,350.07
727.79,223.75,101.37
727.76,222.46,226.36
727.73,221.18,351.36
729.69,348.73,102.66
729.66,347.45,227.65
729.63,346.16,352.64
850.87,96.865,100.1
850.84,95.583,225.09
850.81,94.3,350.08
852.77,221.85,101.38
852.74,220.56,226.37
852.71,219.28,351.37
854.67,346.83,102.66
854.64,345.55,227.66
854.62,344.26,352.65
600.59,98.8,223.98
600.2,98.245,348.97
599.82,97.691,473.97
599.89,223.8,224.53
599.51,223.24,349.52
599.12,222.69,474.52
599.19,348.79,225.08
598.81,348.24,350.08
598.42,347.68,475.07
725.58,99.495,224.36
725.2,98.94,349.36
724.81,98.386,474.35
724.88,224.49,224.91
724.5,223.94,349.91
724.12,223.38,474.91
724.19,349.49,225.47
723.8,348.93,350.46
723.42,348.38,475.46
850.57,100.19,224.75
850.19,99.635,349.74
849.81,99.08,474.74
849.88,225.18,225.3
849.49,224.63,350.3
849.11,224.08,475.29
849.18,350.18,225.85
848.8,349.63,350.85
848.41,349.07,475.85
599.22,100.36,348.13
599.21,102.43,473.11
599.2,104.51,598.1
595.8,225.29,346.06
595.8,227.37,471.04
595.79,229.44,596.03
592.39,350.23,343.99
592.38,352.3,468.97
592.37,354.38,593.96
724.17,103.77,348.08
724.16,105.84,473.07
724.16,107.92,598.05
720.76,228.71,346.01
720.75,230.78,471
720.74,232.85,595.98
717.34,353.64,343.94
717.33,355.72,468.92
717.32,357.79,593.91
849.13,107.18,348.03
849.12,109.26,473.02
849.11,111.33,598
845.71,232.12,345.96
845.7,234.19,470.95
845.69,236.27,595.93
842.29,357.06,343.89
842.28,359.13,468.88
842.28,361.2,593.86
598.78,101.83,474.23
598.93,98.305,599.18
599.08,94.775,724.14
601.42,226.76,477.76
601.57,223.23,602.71
601.72,219.7,727.67
604.06,351.68,481.29
604.21,348.15,606.24
604.36,344.62,731.2
723.76,99.202,474
723.9,95.672,598.96
724.05,92.142,723.91
726.39,224.12,477.53
726.54,220.59,602.49
726.69,217.06,727.44
729.03,349.05,481.06
729.18,345.52,606.02
729.33,341.99,730.97
848.73,96.568,473.78
848.88,93.039,598.73
849.03,89.509,723.68
851.37,221.49,477.31
851.52,217.96,602.26
851.66,214.43,727.21
854,346.41,480.84
854.15,342.88,605.79
854.3,339.35,730.74
598.25,100.85,601.28
594.67,102.33,726.22
591.08,103.8,851.16
596.28,225.83,599.74
592.7,227.3,724.69
589.11,228.78,849.63
594.31,350.8,598.21
590.73,352.28,723.16
587.14,353.75,848.1
723.19,102.87,604.84
719.6,104.34,729.78
716.02,105.81,854.72
721.22,227.84,603.31
717.63,229.31,728.25
714.05,230.79,853.19
719.25,352.81,601.77
715.66,354.29,726.72
712.08,355.76,851.66
848.12,104.88,608.4
844.54,106.35,733.34
840.95,107.82,858.28
846.15,229.85,606.87
842.57,231.32,731.81
838.98,232.8,856.75
844.18,354.83,605.34
840.6,356.3,730.28
837.01,357.77,855.22
600.34,225.54,99.51
602.44,225.95,224.49
604.54,226.36,349.47
600.35,350.54,99.106
602.45,350.95,224.09
604.55,351.36,349.07
600.36,475.54,98.703
602.46,475.95,223.68
604.56,476.36,348.67
725.32,225.52,97.415
727.42,225.93,222.4
729.52,226.34,347.38
725.33,350.52,97.011
727.43,350.93,221.99
729.53,351.34,346.97
725.34,475.52,96.607
727.44,475.93,221.59
729.54,476.34,346.57
850.3,225.5,95.319
852.4,225.91,220.3
854.5,226.32,345.28
850.31,350.5,94.916
852.41,350.91,219.9
854.51,351.32,344.88
850.32,475.5,94.512
852.42,475.91,219.49
854.52,476.32,344.47
599.01,224.75,226.13
596.95,225.72,351.11
594.89,226.69,476.09
600.89,349.73,225.19
598.83,350.7,350.17
596.76,351.67,475.15
602.77,474.72,224.25
600.7,475.69,349.23
598.64,476.65,474.21
723.98,222.89,228.21
721.92,223.86,353.19
719.86,224.83,478.16
725.86,347.87,227.27
723.8,348.84,352.25
721.73,349.81,477.22
727.74,472.86,226.33
725.68,473.83,351.3
723.61,474.79,476.28
848.96,221.03,230.28
846.89,222,355.26
844.83,222.97,480.24
850.83,346.01,229.34
848.77,346.98,354.32
846.71,347.95,479.3
852.71,471,228.4
850.65,471.97,353.38
848.58,472.93,478.36
598.43,223.08,351.74
598.26,219.4,476.69
598.08,215.71,601.64
600.13,348.02,355.43
599.95,344.33,480.38
599.77,340.65,605.32
601.82,472.95,359.12
601.64,469.27,484.07
601.47,465.58,609.01
723.42,221.39,351.87
723.25,217.7,476.81
723.07,214.01,601.76
725.11,346.32,355.55
724.94,342.64,480.5
724.76,338.95,605.45
726.81,471.26,359.24
726.63,467.57,484.19
726.45,463.88,609.13
848.41,219.69,351.99
848.23,216,476.94
848.06,212.32,601.88
850.1,344.62,355.68
849.93,340.94,480.62
849.75,337.25,605.57
851.79,469.56,359.36
851.62,465.87,484.31
851.44,462.19,609.26
598.02,224,473.87
601.13,221.2,598.8
604.23,218.4,723.73
596.08,348.95,476.72
599.18,346.15,601.65
602.29,343.35,726.58
594.14,473.9,479.57
597.24,471.1,604.5
600.35,468.3,729.43
722.97,226.02,470.81
726.07,223.21,595.74
729.18,220.41,720.67
721.03,350.97,473.66
724.13,348.17,598.59
727.24,345.36,723.52
719.08,475.92,476.51
722.19,473.12,601.44
725.29,470.31,726.37
847.92,228.03,467.75
851.02,225.23,592.68
854.13,222.43,717.61
845.97,352.98,470.6
849.08,350.18,595.53
852.18,347.38,720.46
844.03,477.94,473.45
847.13,475.13,598.38
850.24,472.33,723.31
598.14,224.7,601.85
597.32,226.1,726.84
596.51,227.5,851.83
601.64,349.64,600.47
600.83,351.04,725.46
600.02,352.44,850.45
605.15,474.58,599.09
604.34,475.98,724.08
603.52,477.39,849.07
723.08,221.2,602.71
722.27,222.6,727.7
721.46,224,852.69
726.59,346.14,601.33
725.78,347.54,726.32
724.96,348.95,851.31
730.1,471.08,599.95
729.28,472.48,724.94
728.47,473.89,849.93
848.03,217.7,603.57
847.22,219.1,728.56
846.41,220.51,853.55
851.54,342.64,602.19
850.73,344.04,727.18
849.91,345.45,852.17
855.04,467.58,600.81
854.23,468.99,725.8
853.42,470.39,850.79
601.38,348.29,100.38
605.1,351.88,225.28
608.82,355.46,350.18
602.85,473.22,96.749
606.57,476.81,221.65
610.29,480.4,346.54
604.32,598.16,93.116
608.04,601.75,218.01
611.76,605.34,342.91
726.31,346.71,96.71
730.03,350.3,221.61
733.75,353.88,346.5
727.79,471.65,93.077
731.51,475.23,217.97
735.23,478.82,342.87
729.26,596.58,89.444
732.98,600.17,214.34
736.7,603.76,339.24
851.25,345.13,93.038
854.97,348.72,217.93
858.69,352.31,342.83
852.72,470.07,89.405
856.44,473.65,214.3
860.16,477.24,339.2
854.19,595,85.772
857.91,598.59,210.67
861.63,602.18,335.57
600.72,351.95,223.9
599.2,353.43,348.89
597.68,354.9,473.87
603.72,476.91,222.46
602.2,478.39,347.44
600.69,479.86,472.43
606.72,601.87,221.02
605.21,603.34,346
603.69,604.82,470.98
725.67,348.97,225.45
724.16,350.44,350.44
722.64,351.92,475.42
728.68,473.92,224.01
727.16,475.4,348.99
725.65,476.88,473.97
731.68,598.88,222.56
730.17,600.36,347.55
728.65,601.83,472.53
850.63,345.98,227
849.12,347.46,351.98
847.6,348.93,476.97
853.64,470.94,225.56
852.12,472.42,350.54
850.6,473.89,475.52
856.64,595.9,224.11
855.12,597.37,349.09
853.61,598.85,474.08
601.43,350.57,348.96
604.61,347.76,473.89
607.79,344.96,598.82
602.03,475.54,351.75
605.21,472.73,476.68
608.39,469.92,601.61
602.63,600.5,354.54
605.81,597.7,479.47
608.99,594.89,604.39
726.39,350.04,345.76
729.57,347.23,470.69
732.75,344.43,595.62
726.99,475.01,348.55
730.17,472.2,473.48
733.35,469.4,598.41
727.59,599.97,351.34
730.77,597.17,476.27
733.95,594.36,601.2
851.35,349.51,342.57
854.52,346.71,467.5
857.7,343.9,592.43
851.95,474.48,345.36
855.13,471.67,470.29
858.31,468.87,595.22
852.55,599.45,348.15
855.73,596.64,473.08
858.91,593.83,598.01
601.08,351.88,473.62
604.49,350.3,598.56
607.89,348.72,723.51
604.68,476.82,475.1
608.08,475.24,600.05
611.49,473.66,725
608.28,601.76,476.59
611.68,600.18,601.54
615.08,598.59,726.49
725.99,348.33,470.17
729.39,346.75,595.12
732.79,345.17,720.06
729.58,473.27,471.66
732.99,471.69,596.61
736.39,470.1,721.55
733.18,598.21,473.15
736.58,596.62,598.1
739.99,595.04,723.04
850.89,344.78,466.72
854.29,343.2,591.67
857.7,341.61,716.62
854.49,469.72,468.21
857.89,468.14,593.16
861.3,466.55,718.11
858.09,594.66,469.7
861.49,593.07,594.65
864.89,591.49,719.6
600.59,351.38,600.17
598.36,352.04,725.15
596.12,352.69,850.13
600.17,476.39,599.52
597.94,477.04,724.5
595.71,477.69,849.48
599.75,601.39,598.86
597.52,602.04,723.84
595.29,602.69,848.82
725.57,351.81,602.4
723.34,352.46,727.38
721.1,353.11,852.36
725.15,476.81,601.74
722.92,477.46,726.72
720.69,478.12,851.7
724.73,601.81,601.08
722.5,602.47,726.06
720.27,603.12,851.04
850.55,352.24,604.63
848.31,352.89,729.61
846.08,353.54,854.58
850.13,477.24,603.97
847.9,477.89,728.95
845.67,478.54,853.93
849.71,602.24,603.31
847.48,602.89,728.29
845.25,603.54,853.27
599.5,474.6,101.02
598.87,475.52,226.01
598.24,476.45,351.01
601.66,599.57,100.11
601.02,600.5,225.1
600.39,601.43,350.1
603.81,724.55,99.203
603.18,725.48,224.2
602.55,726.41,349.19
724.48,472.44,101.66
723.84,473.37,226.66
723.21,474.3,351.65
726.63,597.42,100.75
726,598.35,225.75
725.37,599.27,350.74
728.79,722.4,99.846
728.16,723.33,224.84
727.52,724.25,349.83
849.45,470.29,102.31
848.82,471.22,227.3
848.19,472.14,352.29
851.61,595.27,101.4
850.98,596.2,226.39
850.34,597.12,351.38
853.76,720.25,100.49
853.13,721.18,225.48
852.5,722.1,350.47
598.58,476.11,225.61
600.84,473.22,350.55
603.1,470.34,475.5
601.55,601.04,228.43
603.81,598.15,353.38
606.07,595.27,478.33
604.52,725.97,231.26
606.78,723.08,356.21
609.04,720.2,481.16
723.52,473.19,223.28
725.78,470.3,348.23
728.04,467.42,473.18
726.49,598.12,226.11
728.75,595.23,351.06
731.01,592.35,476
729.47,723.05,228.94
731.73,720.16,353.88
733.99,717.28,478.83
848.47,470.26,220.95
850.73,467.38,345.9
852.99,464.49,470.85
851.44,595.19,223.78
853.7,592.31,348.73
855.96,589.42,473.68
854.41,720.12,226.61
856.67,717.24,351.56
858.93,714.35,476.51
601.1,475.47,351.92
601.13,478.67,476.88
601.16,481.88,601.84
601.92,600.42,348.72
601.95,603.63,473.67
601.98,606.84,598.63
602.74,725.38,345.51
602.77,728.58,470.47
602.8,731.79,595.43
726.1,474.65,351.91
726.13,477.85,476.87
726.16,481.06,601.83
726.92,599.6,348.71
726.95,602.81,473.66
726.98,606.02,598.62
727.74,724.56,345.5
727.77,727.76,470.46
727.8,730.97,595.42
851.1,473.82,351.9
851.13,477.03,476.86
851.16,480.24,601.82
851.92,598.78,348.7
851.95,601.99,473.65
851.98,605.2,598.61
852.74,723.73,345.49
852.77,726.94,470.45
852.8,730.15,595.41
600.07,474.27,476.5
598.46,475.31,601.48
596.85,476.35,726.46
600.84,599.27,475.46
599.24,600.31,600.45
597.63,601.34,725.43
601.62,724.26,474.43
600.01,725.3,599.41
598.4,726.34,724.4
725.06,473.51,478.11
723.45,474.55,603.09
721.84,475.59,728.08
725.83,598.51,477.08
724.22,599.54,602.06
722.61,600.58,727.04
726.6,723.5,476.04
724.99,724.54,601.03
723.39,725.58,726.01
850.04,472.75,479.72
848.44,473.78,604.7
846.83,474.82,729.69
850.82,597.74,478.69
849.21,598.78,603.67
847.6,599.82,728.66
851.59,722.74,477.66
849.98,723.78,602.64
848.37,724.81,727.62
600.48,473.57,601.08
599.29,474.04,726.07
598.1,474.51,851.06
602.3,598.55,600.62
601.11,599.02,725.62
599.92,599.49,850.61
604.13,723.53,600.17
602.93,724,725.16
601.74,724.47,850.16
725.47,471.75,602.27
724.27,472.22,727.27
723.08,472.69,852.26
727.29,596.74,601.82
726.09,597.21,726.81
724.9,597.68,851.81
729.11,721.72,601.37
727.91,722.19,726.36
726.72,722.66,851.36
850.45,469.94,603.47
849.25,470.41,728.46
848.06,470.88,853.46
852.27,594.92,603.02
851.07,595.39,728.01
849.88,595.86,853
854.09,719.91,602.57
852.9,720.38,727.56
851.7,720.85,852.55
599.51,600.8,101.38
602.13,602.83,226.34
604.75,604.86,351.29
598.39,725.78,99.375
601.01,727.81,224.33
603.63,729.84,349.29
597.27,850.76,97.369
599.89,852.79,222.33
602.52,854.82,347.28
724.48,601.87,98.742
727.1,603.9,223.7
729.72,605.93,348.65
723.36,726.85,96.736
725.98,728.88,221.69
728.6,730.91,346.65
722.24,851.83,94.73
724.86,853.86,219.69
727.48,855.89,344.64
849.45,602.94,96.103
852.07,604.97,221.06
854.69,607,346.02
848.33,727.92,94.097
850.95,729.95,219.05
853.57,731.98,344.01
847.21,852.9,92.091
849.83,854.93,217.05
852.45,856.96,342
598.19,598.89,223.93
598.74,599.76,348.92
599.29,600.63,473.92
601.23,723.85,223.05
601.79,724.72,348.04
602.34,725.59,473.04
604.28,848.82,222.17
604.83,849.68,347.16
605.39,850.55,472.16
723.15,595.84,223.4
723.71,596.71,348.39
724.26,597.57,473.39
726.2,720.8,222.52
726.75,721.67,347.51
727.31,722.54,472.51
729.24,845.76,221.64
729.8,846.63,346.63
730.35,847.5,471.62
848.12,592.79,222.87
848.67,593.66,347.86
849.22,594.52,472.86
851.16,717.75,221.99
851.72,718.62,346.98
852.27,719.49,471.98
854.21,842.71,221.1
854.76,843.58,346.1
855.32,844.45,471.09
598.91,599.28,349.72
601.43,597.95,474.68
603.94,596.62,599.65
602.34,724.22,350.98
604.86,722.9,475.94
607.37,721.57,600.91
605.77,849.17,352.24
608.29,847.84,477.21
610.8,846.51,602.17
723.84,595.88,347.17
726.36,594.55,472.13
728.87,593.22,597.1
727.27,720.82,348.43
729.79,719.49,473.39
732.3,718.17,598.36
730.7,845.77,349.69
733.22,844.44,474.66
735.73,843.11,599.62
848.77,592.48,344.62
851.29,591.15,469.58
853.8,589.82,594.55
852.2,717.42,345.88
854.72,716.09,470.84
857.23,714.76,595.81
855.63,842.37,347.14
858.14,841.04,472.11
860.66,839.71,597.07
599.82,599.5,474.1
596.39,600.1,599.05
592.95,600.69,724
596.82,724.47,473.43
593.39,725.06,598.38
589.96,725.65,723.33
593.83,849.43,472.76
590.4,850.02,597.7
586.97,850.61,722.65
724.74,602.52,477.52
721.3,603.11,602.47
717.87,603.7,727.42
721.74,727.48,476.85
718.31,728.07,601.79
714.88,728.66,726.74
718.75,852.44,476.17
715.32,853.03,601.12
711.88,853.62,726.07
849.66,605.54,480.94
846.22,606.13,605.89
842.79,606.72,730.83
846.66,730.5,480.26
843.23,731.09,605.21
839.8,731.68,730.16
843.67,855.46,479.59
840.24,856.05,604.54
836.8,856.64,729.49
598.42,598.04,599.44
600.05,599.51,724.42
601.69,600.98,849.4
597.87,723.03,597.98
599.51,724.5,722.96
601.14,725.97,847.94
597.33,848.02,596.51
598.96,849.49,721.49
600.6,850.96,846.47
723.41,598.56,597.8
725.04,600.03,722.78
726.68,601.5,847.76
722.86,723.55,596.33
724.5,725.02,721.31
726.14,726.49,846.29
722.32,848.54,594.87
723.95,850.01,719.85
725.59,851.48,844.83
848.4,599.08,596.15
850.03,600.55,721.13
851.67,602.02,846.11
847.85,724.07,594.69
849.49,725.54,719.67
851.13,727.01,844.65
847.31,849.06,593.22
848.94,850.53,718.2
850.58,852,843.18
