27,125,0
192.11,205.39,190.16
0,0,0
100.1,100.57,100.3
98.217,98.404,225.27
96.335,96.241,350.23
100.39,225.55,102.47
98.503,223.39,227.44
96.621,221.22,352.41
100.67,350.53,104.65
98.789,348.37,229.61
96.907,346.21,354.58
225.09,100.25,102.18
223.2,98.085,227.14
221.32,95.921,352.11
225.37,225.23,104.35
223.49,223.07,229.32
221.61,220.9,354.28
225.66,350.21,106.52
223.78,348.05,231.49
221.89,345.89,356.45
350.07,99.928,104.05
348.19,97.765,229.02
346.31,95.602,353.99
350.36,224.91,106.22
348.48,222.75,231.19
346.59,220.58,356.16
350.64,349.9,108.4
348.76,347.73,233.36
346.88,345.57,358.33
101.12,98.607,223.9
104.21,99.831,348.86
107.31,101.06,473.82
97.955,223.56,222.75
101.05,224.79,347.71
104.15,226.01,472.67
94.793,348.52,221.61
97.889,349.74,346.56
100.99,350.97,471.52
226.04,101.74,220.78
229.14,102.96,345.74
232.23,104.19,470.69
222.88,226.7,219.63
225.97,227.92,344.59
229.07,229.14,469.55
219.72,351.65,218.48
222.81,352.88,343.44
225.91,354.1,468.4
350.96,104.87,217.66
354.06,106.1,342.61
357.15,107.32,467.57
347.8,229.83,216.51
350.9,231.05,341.47
353.99,232.28,466.42
344.64,354.78,215.36
347.73,356.01,340.32
350.83,357.23,465.27
98.985,101.61,351.56
98.241,103.42,476.55
97.497,105.23,601.53
96.993,226.58,349.74
96.249,228.38,474.72
95.505,230.19,599.71
95,351.54,347.91
94.256,353.35,472.9
93.512,355.16,597.89
223.97,103.61,352.27
223.23,105.42,477.26
222.48,107.23,602.25
221.98,228.58,350.45
221.23,230.39,475.44
220.49,232.2,600.43
219.99,353.55,348.63
219.24,355.35,473.62
218.5,357.16,598.6
348.96,105.61,352.99
348.21,107.42,477.97
347.47,109.23,602.96
346.96,230.58,351.17
346.22,232.39,476.15
345.47,234.2,601.14
344.97,355.55,349.34
344.23,357.36,474.33
343.48,359.17,599.32
98.991,100.15,475.65
101.49,102.98,600.59
103.99,105.8,725.54
98.855,225.12,472.82
101.36,227.94,597.77
103.86,230.77,722.71
98.719,350.09,470
101.22,352.91,594.94
103.72,355.74,719.89
223.97,100.23,473.14
226.47,103.06,598.09
228.97,105.88,723.03
223.83,225.2,470.32
226.33,228.02,595.27
228.83,230.85,720.21
223.69,350.17,467.5
226.2,352.99,592.44
228.7,355.82,717.39
348.94,100.31,470.64
351.45,103.14,595.59
353.95,105.96,720.53
348.81,225.28,467.82
351.31,228.1,592.76
353.81,230.93,717.71
348.67,350.25,464.99
351.17,353.07,589.94
353.67,355.9,714.89
99.057,101.28,600.61
97.962,100.43,725.61
96.867,99.571,850.6
95.642,226.23,601.44
94.547,225.38,726.43
93.452,224.52,851.42
92.228,351.18,602.26
91.132,350.33,727.25
90.037,349.47,852.24
224,104.68,601.73
222.91,103.83,726.72
221.81,102.98,851.71
220.59,229.63,602.55
219.49,228.78,727.54
218.4,227.93,852.53
217.17,354.58,603.37
216.08,353.73,728.36
214.98,352.88,853.35
348.95,108.09,602.84
347.85,107.24,727.83
346.76,106.38,852.82
345.53,233.04,603.66
344.44,232.19,728.65
343.34,231.33,853.64
342.12,357.99,604.48
341.02,357.14,729.47
339.93,356.28,854.46
101.07,226.62,100.9
102.68,226.27,225.89
104.28,225.91,350.88
104.28,351.58,101.22
105.89,351.22,226.21
107.49,350.87,351.2
107.49,476.54,101.53
109.1,476.18,226.52
110.7,475.83,351.51
226.02,223.42,99.293
227.62,223.06,224.28
229.23,222.7,349.27
229.23,348.38,99.608
230.83,348.02,224.6
232.44,347.66,349.59
232.44,473.33,99.923
234.04,472.98,224.91
235.65,472.62,349.9
350.97,220.21,97.683
352.57,219.85,222.67
354.17,219.5,347.66
354.18,345.17,97.997
355.78,344.81,222.99
357.38,344.45,347.98
357.39,470.13,98.312
358.99,469.77,223.3
360.59,469.41,348.29
100.81,225.06,225.7
98.047,227.5,350.65
95.284,229.93,475.6
99.891,350.03,223.25
97.128,352.47,348.2
94.365,354.9,473.15
98.972,475,220.8
96.209,477.43,345.75
93.446,479.87,470.7
225.78,226.04,228.45
223.01,228.47,353.39
220.25,230.9,478.34
224.86,351,226
222.1,353.44,350.94
219.33,355.87,475.89
223.94,475.97,223.55
221.18,478.4,348.49
218.41,480.84,473.44
350.75,227.01,231.19
347.98,229.44,356.14
345.22,231.87,481.08
349.83,351.97,228.74
347.06,354.41,353.69
344.3,356.84,478.63
348.91,476.94,226.29
346.14,479.38,351.24
343.38,481.81,476.18
101.88,223.34,351.97
99.174,224.94,476.94
96.469,226.54,601.9
100.34,348.32,350.35
97.635,349.92,475.31
94.93,351.52,600.27
98.801,473.3,348.72
96.096,474.9,473.68
93.391,476.5,598.64
226.84,224.92,354.66
224.13,226.52,479.62
221.43,228.11,604.58
225.3,349.9,353.04
222.59,351.5,478
219.89,353.09,602.96
223.76,474.88,351.41
221.05,476.48,476.37
218.35,478.07,601.33
351.8,226.49,357.35
349.09,228.09,482.31
346.39,229.69,607.27
350.26,351.47,355.73
347.55,353.07,480.69
344.85,354.67,605.65
348.72,476.46,354.1
346.01,478.05,479.06
343.31,479.65,604.02
100.08,224.42,474.68
99.124,225.55,599.68
98.173,226.68,724.67
100.54,349.42,473.56
99.588,350.55,598.55
98.637,351.68,723.54
101,474.41,472.43
100.05,475.55,597.42
99.101,476.68,722.41
225.07,223.97,475.63
224.12,225.1,600.63
223.17,226.23,725.62
225.54,348.96,474.51
224.58,350.1,599.5
223.63,351.23,724.49
226,473.96,473.38
225.05,475.09,598.37
224.1,476.22,723.36
350.07,223.51,476.59
349.12,224.65,601.58
348.16,225.78,726.57
350.53,348.51,475.46
349.58,349.64,600.45
348.63,350.77,725.44
351,473.51,474.33
350.04,474.64,599.32
349.09,475.77,724.32
101.14,224.19,600.29
99.388,227.55,725.24
97.639,230.9,850.18
102.3,349.15,596.96
100.55,352.5,721.9
98.8,355.85,846.84
103.46,474.1,593.62
101.71,477.45,718.56
99.961,480.8,843.5
226.12,223.08,602.07
224.38,226.43,727.01
222.63,229.78,851.96
227.29,348.03,598.73
225.54,351.38,723.68
223.79,354.74,848.62
228.45,472.98,595.4
226.7,476.33,720.34
224.95,479.69,845.28
351.11,221.96,603.85
349.36,225.31,728.79
347.61,228.67,853.73
352.27,346.91,600.51
350.52,350.26,725.45
348.77,353.62,850.4
353.43,471.86,597.17
351.68,475.22,722.12
349.93,478.57,847.06
101.07,349.04,98.503
103.35,351.08,223.46
105.63,353.12,348.43
100.5,474.02,96.474
102.78,476.06,221.44
105.06,478.1,346.4
99.927,599.01,94.446
102.21,601.04,219.41
104.49,603.08,344.37
226.05,349.57,96.21
228.33,351.61,221.17
230.62,353.65,346.13
225.48,474.55,94.181
227.76,476.59,219.14
230.05,478.63,344.1
224.91,599.54,92.153
227.19,601.58,217.11
229.48,603.61,342.08
351.03,350.1,93.917
353.31,352.14,218.88
355.6,354.18,343.84
350.46,475.08,91.889
352.74,477.12,216.85
355.03,479.16,341.81
349.89,600.07,89.86
352.17,602.11,214.82
354.46,604.14,339.78
98.78,351.07,223.82
95.544,353.24,348.76
92.308,355.41,473.7
101.98,476.01,221.73
98.745,478.18,346.67
95.509,480.35,471.62
105.18,600.95,219.65
101.95,603.12,344.59
98.71,605.29,469.53
223.7,347.93,227.1
220.46,350.1,352.05
217.23,352.27,476.99
226.9,472.87,225.02
223.66,475.04,349.96
220.43,477.21,474.9
230.1,597.81,222.93
226.87,599.98,347.87
223.63,602.15,472.82
348.62,344.79,230.39
345.38,346.95,355.33
342.15,349.12,480.27
351.82,469.73,228.3
348.58,471.9,353.24
345.35,474.06,478.19
355.02,594.67,226.22
351.79,596.84,351.16
348.55,599.01,476.1
100.87,348.85,349.32
104.18,351.15,474.26
107.5,353.45,599.19
101.78,473.82,346.99
105.09,476.13,471.93
108.41,478.43,596.86
102.69,598.8,344.67
106,601.1,469.6
109.32,603.41,594.53
225.82,347.87,346.02
229.14,350.18,470.96
232.45,352.48,595.89
226.73,472.85,343.7
230.05,475.15,468.63
233.36,477.46,593.56
227.64,597.83,341.37
230.96,600.13,466.3
234.27,602.43,591.24
350.77,346.9,342.73
354.09,349.21,467.66
357.4,351.51,592.59
351.68,471.88,340.4
355,474.18,465.33
358.31,476.49,590.27
352.6,596.86,338.07
355.91,599.16,463
359.23,601.46,587.94
98.281,348.95,476.44
97.616,352.27,601.4
96.95,355.6,726.35
94.905,473.86,473.09
94.24,477.18,598.05
93.575,480.51,723.01
91.53,598.76,469.75
90.864,602.09,594.71
90.199,605.42,719.66
223.23,352.34,477.02
222.57,355.67,601.97
221.9,358.99,726.93
219.85,477.25,473.67
219.19,480.58,598.63
218.52,483.9,723.59
216.48,602.16,470.33
215.81,605.49,595.28
215.15,608.81,720.24
348.18,355.74,477.6
347.51,359.07,602.55
346.85,362.39,727.51
344.8,480.65,474.25
344.14,483.97,599.21
343.47,487.3,724.16
341.43,605.56,470.91
340.76,608.88,595.86
340.1,612.21,720.82
101.17,351.6,599.55
100.93,349.54,724.54
100.7,347.48,849.52
98.331,476.55,601.62
98.1,474.49,726.6
97.87,472.43,851.58
95.497,601.5,603.68
95.266,599.44,728.66
95.035,597.38,853.65
226.13,354.43,599.83
225.9,352.37,724.82
225.67,350.31,849.8
223.3,479.38,601.9
223.07,477.32,726.88
222.84,475.26,851.86
220.47,604.33,603.96
220.23,602.27,728.94
220,600.21,853.93
351.1,357.26,600.12
350.87,355.2,725.1
350.64,353.13,850.08
348.27,482.21,602.18
348.04,480.15,727.16
347.81,478.08,852.14
345.43,607.16,604.24
345.2,605.1,729.23
344.97,603.04,854.21
99.506,473.72,98.861
98.795,473.58,223.86
98.084,473.43,348.85
100.12,598.72,99.007
99.406,598.57,224
98.695,598.43,349
100.73,723.71,99.154
100.02,723.57,224.15
99.305,723.43,349.15
224.51,473.11,99.571
223.79,472.97,224.57
223.08,472.82,349.57
225.12,598.11,99.718
224.4,597.96,224.71
223.69,597.82,349.71
225.73,723.11,99.864
225.02,722.96,224.86
224.3,722.82,349.86
349.5,472.5,100.28
348.79,472.36,225.28
348.08,472.21,350.28
350.11,597.5,100.43
349.4,597.35,225.43
348.69,597.21,350.42
350.72,722.5,100.57
350.01,722.35,225.57
349.3,722.21,350.57
98.062,476.01,224.14
97.183,478.24,349.12
96.304,480.46,474.09
98.001,601,221.91
97.122,603.22,346.89
96.242,605.44,471.87
97.939,725.98,219.68
97.06,728.2,344.66
96.181,730.42,469.64
223.06,476.09,225.02
222.18,478.32,349.99
221.3,480.54,474.97
223,601.07,222.79
222.12,603.3,347.77
221.24,605.52,472.74
222.94,726.06,220.56
222.06,728.28,345.54
221.18,730.5,470.52
348.06,476.17,225.89
347.18,478.4,350.87
346.3,480.62,475.85
348,601.15,223.67
347.12,603.38,348.64
346.24,605.6,473.62
347.93,726.14,221.44
347.06,728.36,346.42
346.18,730.58,471.39
98.808,474.51,349.55
95.404,472.91,474.49
91.999,471.32,599.44
95.142,599.45,351.04
91.737,597.85,475.99
88.332,596.26,600.93
91.475,724.39,352.54
88.07,722.79,477.48
84.666,721.2,602.43
223.71,478.13,353
220.3,476.54,477.94
216.9,474.94,602.89
220.04,603.07,354.49
216.63,601.48,479.44
213.23,599.88,604.38
216.37,728.01,355.99
212.97,726.41,480.93
209.56,724.82,605.88
348.6,481.76,356.44
345.2,480.16,481.39
341.79,478.57,606.34
344.94,606.7,357.94
341.53,605.1,482.88
338.13,603.51,607.83
341.27,731.63,359.43
337.87,730.04,484.38
334.46,728.44,609.32
101.68,475.96,474.75
102.82,473.66,599.73
103.96,471.36,724.7
100.11,600.93,477.07
101.25,598.63,602.04
102.39,596.33,727.02
98.534,725.9,479.38
99.675,723.6,604.36
100.82,721.3,729.33
226.67,477.56,473.64
227.81,475.26,598.61
228.95,472.96,723.58
225.09,602.53,475.95
226.24,600.23,600.92
227.38,597.93,725.9
223.52,727.5,478.27
224.66,725.2,603.24
225.8,722.9,728.21
351.66,479.16,472.52
352.8,476.86,597.49
353.94,474.56,722.47
350.08,604.12,474.83
351.22,601.82,599.81
352.36,599.53,724.78
348.51,729.09,477.15
349.65,726.79,602.12
350.79,724.49,727.1
101.67,475.13,599.61
104.97,476.27,724.56
108.28,477.41,849.52
103.76,600.1,598.42
107.06,601.25,723.37
110.37,602.39,848.33
105.84,725.08,597.23
109.15,726.22,722.18
112.46,727.36,847.13
226.61,473.01,596.32
229.92,474.15,721.27
233.22,475.29,846.23
228.7,597.98,595.13
232.01,599.12,720.08
235.31,600.27,845.03
230.79,722.96,593.94
234.09,724.1,718.89
237.4,725.24,843.84
351.55,470.89,593.03
354.86,472.03,717.98
358.17,473.17,842.94
353.64,595.86,591.84
356.95,597,716.79
360.25,598.14,841.74
355.73,720.83,590.64
359.04,721.98,715.6
362.34,723.12,840.55
99.591,600.24,101.28
102.11,596.97,226.21
104.63,593.69,351.14
98.229,725.19,104.58
100.75,721.91,229.51
103.27,718.63,354.45
96.866,850.14,107.89
99.386,846.86,232.82
101.91,843.58,357.75
224.56,601.67,98.793
227.08,598.39,223.72
229.6,595.11,348.66
223.2,726.62,102.1
225.72,723.34,227.03
228.24,720.06,351.96
221.83,851.56,105.41
224.35,848.29,230.34
226.87,845.01,355.27
349.53,603.1,96.309
352.05,599.82,221.24
354.56,596.54,346.17
348.16,728.04,99.616
350.68,724.77,224.55
353.2,721.49,349.48
346.8,852.99,102.92
349.32,849.71,227.85
351.84,846.43,352.79
99.771,599.37,226.39
101.57,598.85,351.38
103.37,598.34,476.37
96.682,724.32,226.95
98.484,723.81,351.94
100.29,723.29,476.93
93.593,849.28,227.51
95.395,848.76,352.5
97.197,848.25,477.49
224.71,602.47,224.6
226.52,601.95,349.59
228.32,601.44,474.58
221.63,727.42,225.17
223.43,726.91,350.15
225.23,726.4,475.14
218.54,852.38,225.73
220.34,851.87,350.72
222.14,851.35,475.7
349.66,605.57,222.82
351.46,605.06,347.81
353.26,604.54,472.79
346.57,730.53,223.38
348.37,730.01,348.37
350.17,729.5,473.36
343.48,855.48,223.94
345.28,854.97,348.93
347.08,854.45,473.92
101.18,599.69,350.74
99.357,602.39,475.7
97.536,605.08,600.66
101.42,724.66,348.05
99.602,727.35,473.01
97.781,730.05,597.97
101.67,849.63,345.37
99.846,852.32,470.32
98.025,855.01,595.28
226.16,599.49,352.57
224.34,602.18,477.53
222.52,604.87,602.49
226.41,724.45,349.88
224.59,727.15,474.84
222.77,729.84,599.8
226.65,849.42,347.19
224.83,852.12,472.15
223.01,854.81,597.11
351.15,599.28,354.4
349.33,601.97,479.36
347.5,604.67,604.32
351.39,724.25,351.71
349.57,726.94,476.67
347.75,729.63,601.63
351.64,849.22,349.02
349.81,851.91,473.98
347.99,854.6,598.94
100.81,600.02,473.02
97.212,598.44,597.96
93.619,596.86,722.9
99.074,725,474.55
95.481,723.42,599.49
91.888,721.84,724.43
97.343,849.98,476.09
93.75,848.4,601.03
90.156,846.82,725.97
225.74,601.7,476.63
222.15,600.12,601.57
218.56,598.54,726.51
224.01,726.69,478.17
220.42,725.1,603.11
216.83,723.52,728.05
222.28,851.67,479.7
218.69,850.08,604.64
215.1,848.5,729.58
350.68,603.39,480.24
347.09,601.81,605.18
343.5,600.22,730.12
348.95,728.37,481.78
345.36,726.79,606.72
341.77,725.2,731.66
347.22,853.35,483.31
343.63,851.77,608.25
340.04,850.19,733.2
100.87,600.65,598.57
101.75,598.46,723.55
102.64,596.27,848.53
103.67,725.6,600.75
104.55,723.41,725.73
105.43,721.22,850.7
106.46,850.56,602.92
107.34,848.36,727.9
108.22,846.17,852.88
225.84,597.87,597.65
226.72,595.68,722.63
227.6,593.49,847.61
228.63,722.83,599.82
229.51,720.63,724.8
230.39,718.44,849.78
231.43,847.78,601.99
232.31,845.59,726.97
233.19,843.4,851.95
350.8,595.09,596.72
351.69,592.9,721.7
352.57,590.71,846.68
353.6,720.05,598.89
354.48,717.86,723.87
355.36,715.66,848.85
356.39,845,601.07
357.27,842.81,726.05
358.15,840.62,851.02
225.31,100.41,98.44
228.48,103.41,223.36
231.64,106.41,348.28
228.99,225.32,95.352
232.16,228.32,220.27
235.32,231.31,345.19
232.67,350.23,92.265
235.83,353.22,217.18
239,356.22,342.1
350.22,96.655,95.366
353.38,99.653,220.28
356.55,102.65,345.2
353.9,221.56,92.278
357.06,224.56,217.2
360.22,227.56,342.12
357.57,346.47,89.191
360.74,349.47,214.11
363.9,352.47,339.03
475.12,92.9,92.292
478.29,95.898,217.21
481.45,98.897,342.13
478.8,217.81,89.204
481.97,220.81,214.12
485.13,223.8,339.04
482.48,342.72,86.117
485.64,345.71,211.04
488.81,348.71,335.95
226.6,99.281,225.98
228.2,97.313,350.96
229.8,95.345,475.93
225.64,224.26,227.97
227.24,222.3,352.94
228.84,220.33,477.91
224.68,349.25,229.95
226.27,347.28,354.92
227.87,345.31,479.89
351.59,100.27,224.4
353.19,98.304,349.37
354.79,96.336,474.34
350.63,225.25,226.38
352.22,223.29,351.35
353.82,221.32,476.33
349.66,350.24,228.36
351.26,348.27,353.34
352.86,346.3,478.31
476.58,101.26,222.82
478.17,99.295,347.79
479.77,97.327,472.76
475.61,226.25,224.8
477.21,224.28,349.77
478.81,222.31,474.74
474.65,351.23,226.78
476.25,349.26,351.75
477.84,347.29,476.72
223.38,101.97,351.58
226.82,101.85,476.54
230.27,101.74,601.49
220.81,226.94,351.77
224.26,226.83,476.72
227.7,226.72,601.68
218.25,351.92,351.95
221.69,351.8,476.91
225.14,351.69,601.86
348.3,104.54,348.14
351.75,104.42,473.1
355.19,104.31,598.05
345.74,229.51,348.33
349.18,229.4,473.28
352.63,229.28,598.24
343.17,354.48,348.51
346.62,354.37,473.47
350.06,354.26,598.42
473.23,107.11,344.7
476.67,106.99,469.66
480.12,106.88,594.61
470.66,232.08,344.89
474.11,231.97,469.84
477.56,231.85,594.8
468.1,357.05,345.07
471.55,356.94,470.03
474.99,356.83,594.98
225.68,98.789,474.6
228.92,98.915,599.56
232.15,99.042,724.52
227.31,223.78,474.43
230.54,223.9,599.39
233.78,224.03,724.35
228.93,348.76,474.27
232.17,348.89,599.22
235.4,349.01,724.18
350.63,97.167,471.37
353.86,97.293,596.33
357.1,97.419,721.29
352.25,222.15,471.21
355.49,222.28,596.16
358.73,222.41,721.12
353.88,347.14,471.04
357.11,347.27,595.99
360.35,347.39,720.95
475.58,95.544,468.14
478.81,95.671,593.1
482.05,95.797,718.06
477.2,220.53,467.98
480.44,220.66,592.93
483.67,220.78,717.89
478.83,345.52,467.81
482.06,345.64,592.77
485.3,345.77,717.72
223.67,99.388,599.11
224.12,100.71,724.11
224.57,102.03,849.1
222.47,224.37,597.8
222.91,225.69,722.79
223.36,227.01,847.79
221.26,349.36,596.48
221.71,350.68,721.48
222.16,352,846.47
348.66,100.59,598.65
349.11,101.9,723.65
349.56,103.22,848.64
347.46,225.57,597.34
347.91,226.89,722.33
348.36,228.21,847.33
346.26,350.56,596.02
346.7,351.88,721.02
347.15,353.2,846.01
473.65,101.78,598.2
474.1,103.1,723.19
474.55,104.42,848.18
472.45,226.77,596.88
472.9,228.09,721.87
473.35,229.41,846.87
471.25,351.76,595.56
471.7,353.07,720.56
472.14,354.39,845.55
225,223.55,100.77
225.93,225.64,225.75
226.86,227.73,350.73
228.67,348.48,98.656
229.6,350.57,223.64
230.53,352.66,348.61
232.35,473.41,96.538
233.28,475.5,221.52
234.21,477.59,346.5
349.94,219.86,99.905
350.87,221.95,224.88
351.8,224.04,349.86
353.62,344.79,97.787
354.55,346.88,222.77
355.48,348.97,347.75
357.29,469.72,95.669
358.22,471.81,220.65
359.15,473.9,345.63
474.88,216.17,99.036
475.81,218.26,224.01
476.74,220.35,348.99
478.56,341.1,96.918
479.49,343.19,221.9
480.42,345.28,346.88
482.24,466.04,94.8
483.17,468.13,219.78
484.1,470.21,344.76
226.68,226.7,224.62
224.89,227.24,349.61
223.11,227.77,474.59
225.77,351.7,224.07
223.99,352.23,349.06
222.2,352.77,474.04
224.87,476.69,223.52
223.08,477.23,348.5
221.3,477.76,473.49
351.66,227.62,226.41
349.88,228.15,351.39
348.09,228.69,476.38
350.76,352.61,225.85
348.97,353.15,350.84
347.19,353.69,475.83
349.85,477.61,225.3
348.07,478.15,350.29
346.28,478.68,475.27
476.65,228.54,228.19
474.86,229.07,353.18
473.08,229.61,478.16
475.74,353.53,227.64
473.96,354.07,352.62
472.17,354.6,477.61
474.84,478.53,227.09
473.05,479.06,352.07
471.27,479.6,477.06
223.25,225.84,348.81
222.3,229.13,473.76
221.34,232.43,598.72
222.19,350.79,345.5
221.23,354.08,470.46
220.28,357.38,595.41
221.12,475.73,342.2
220.17,479.03,467.15
219.21,482.33,592.11
348.24,226.93,349.73
347.29,230.22,474.68
346.33,233.52,599.64
347.18,351.88,346.43
346.22,355.17,471.38
345.27,358.47,596.33
346.11,476.82,343.12
345.16,480.12,468.08
344.2,483.42,593.03
473.23,228.02,350.65
472.28,231.31,475.61
471.32,234.61,600.56
472.17,352.97,347.35
471.21,356.26,472.3
470.26,359.56,597.26
471.1,477.91,344.05
470.15,481.21,469
469.19,484.51,593.95
225.94,226.33,473.36
224.79,224.79,598.35
223.64,223.24,723.33
226.38,351.33,474.91
225.23,349.78,599.9
224.09,348.24,724.88
226.83,476.32,476.46
225.68,474.77,601.45
224.53,473.23,726.43
350.93,225.88,474.51
349.78,224.33,599.5
348.64,222.79,724.48
351.38,350.87,476.06
350.23,349.32,601.05
349.08,347.78,726.03
351.82,475.86,477.61
350.67,474.32,602.6
349.52,472.77,727.58
475.93,225.42,475.66
474.78,223.88,600.64
473.63,222.33,725.63
476.37,350.41,477.21
475.22,348.87,602.19
474.07,347.32,727.18
476.82,475.4,478.76
475.67,473.86,603.74
474.52,472.31,728.73
224.59,224.91,601.67
223.05,222.27,726.63
221.52,219.63,851.59
227.58,349.85,604.34
226.05,347.21,729.31
224.51,344.56,854.27
230.57,474.79,607.02
229.04,472.14,731.98
227.5,469.5,856.94
349.54,221.89,603.14
348,219.24,728.1
346.47,216.6,853.07
352.53,346.82,605.82
351,344.18,730.78
349.46,341.54,855.74
355.53,471.76,608.49
353.99,469.12,733.46
352.45,466.48,858.42
474.49,218.86,604.62
472.96,216.22,729.58
471.42,213.57,854.54
477.48,343.8,607.29
475.95,341.16,732.25
474.41,338.51,857.22
480.48,468.74,609.97
478.94,466.09,734.93
477.41,463.45,859.89
224.17,348.08,99.82
223.55,349.44,224.81
222.93,350.8,349.8
226.95,473.04,98.477
226.33,474.4,223.47
225.71,475.76,348.46
229.74,598,97.135
229.12,599.36,222.12
228.5,600.72,347.12
349.14,345.3,100.48
348.52,346.66,225.47
347.9,348.02,350.46
351.92,470.27,99.133
351.3,471.62,224.12
350.68,472.98,349.11
354.71,595.23,97.79
354.09,596.59,222.78
353.47,597.94,347.77
474.11,342.53,101.13
473.49,343.89,226.12
472.87,345.24,351.11
476.89,467.49,99.788
476.27,468.85,224.78
475.65,470.21,349.77
479.68,592.45,98.445
479.06,593.81,223.44
478.44,595.17,348.43
223.07,348.91,226.44
219.88,347.66,351.39
216.7,346.4,476.35
225.91,473.87,227.76
222.72,472.62,352.71
219.54,471.36,477.67
228.75,598.84,229.08
225.57,597.58,354.04
222.38,596.33,478.99
347.99,346.04,229.59
344.81,344.78,354.55
341.62,343.53,479.5
350.83,471,230.91
347.65,469.75,355.87
344.46,468.49,480.82
353.68,595.96,232.24
350.49,594.71,357.19
347.31,593.45,482.14
472.92,343.16,232.75
469.73,341.91,357.7
466.55,340.66,482.65
475.76,468.13,234.07
472.57,466.87,359.02
469.39,465.62,483.97
478.6,593.09,235.39
475.42,591.83,360.34
472.23,590.58,485.29
224.19,349.9,351.35
227.26,350.45,476.31
230.33,351,601.27
222.14,474.88,350.85
225.2,475.43,475.81
228.27,475.98,600.77
220.08,599.86,350.35
223.14,600.41,475.31
226.21,600.96,600.27
349.14,351.95,348.27
352.21,352.49,473.23
355.27,353.04,598.19
347.08,476.93,347.77
350.15,477.48,472.73
353.21,478.03,597.69
345.02,601.91,347.28
348.09,602.46,472.23
351.16,603.01,597.19
474.09,353.99,345.2
477.15,354.54,470.16
480.22,355.09,595.11
472.03,478.98,344.7
475.09,479.52,469.66
478.16,480.07,594.62
469.97,603.96,344.2
473.04,604.51,469.16
476.1,605.06,594.12
226.36,351.62,473.49
229.17,351.84,598.46
231.99,352.05,723.42
226.89,476.62,473.26
229.71,476.83,598.23
232.52,477.05,723.2
227.43,601.62,473.04
230.24,601.83,598
233.06,602.05,722.97
351.33,351.08,470.68
354.14,351.3,595.65
356.96,351.51,720.61
351.86,476.08,470.45
354.68,476.29,595.42
357.49,476.51,720.38
352.4,601.08,470.22
355.21,601.29,595.19
358.03,601.51,720.15
476.3,350.54,467.87
479.11,350.76,592.83
481.92,350.97,717.8
476.83,475.54,467.64
479.65,475.75,592.6
482.46,475.97,717.57
477.37,600.54,467.41
480.18,600.75,592.38
483,600.97,717.34
226.66,348.13,599.84
228.21,345.2,724.79
229.76,342.26,849.74
227.96,473.09,602.76
229.5,470.15,727.71
231.05,467.22,852.66
229.25,598.05,605.68
230.8,595.11,730.63
232.34,592.17,855.58
351.65,346.87,598.27
353.19,343.94,723.22
354.74,341,848.17
352.94,471.83,601.19
354.49,468.9,726.14
356.03,465.96,851.09
354.23,596.79,604.11
355.78,593.85,729.06
357.33,590.92,854.01
476.63,345.62,596.69
478.17,342.68,721.64
479.72,339.74,846.59
477.92,470.57,599.61
479.47,467.64,724.56
481.02,464.7,849.51
479.21,595.53,602.53
480.76,592.6,727.48
482.31,589.66,852.43
223.65,473.1,101.65
225.62,473.5,226.63
227.58,473.9,351.62
226.35,598.07,101.21
228.31,598.47,226.19
230.28,598.87,351.18
229.04,723.04,100.77
231.01,723.44,225.75
232.97,723.84,350.73
348.61,470.4,99.693
350.57,470.8,224.68
352.54,471.2,349.66
351.3,595.37,99.25
353.27,595.77,224.23
355.23,596.17,349.22
354,720.34,98.808
355.96,720.74,223.79
357.93,721.14,348.78
473.56,467.7,97.735
475.53,468.1,222.72
477.49,468.5,347.7
476.25,592.67,97.293
478.22,593.07,222.28
480.19,593.47,347.26
478.95,717.64,96.85
480.92,718.04,221.83
482.88,718.44,346.82
224.86,475.01,223.99
225.29,478.44,348.95
225.71,481.88,473.9
221.52,599.92,220.57
221.95,603.35,345.52
222.37,606.79,470.48
218.18,724.83,217.14
218.61,728.26,342.1
219.03,731.7,467.05
349.81,478.34,223.47
350.24,481.77,348.42
350.67,485.21,473.37
346.48,603.25,220.04
346.9,606.68,345
347.33,610.12,469.95
343.14,728.16,216.62
343.56,731.59,341.57
343.99,735.03,466.52
474.77,481.66,222.94
475.19,485.1,347.89
475.62,488.53,472.85
471.43,606.57,219.52
471.86,610.01,344.47
472.28,613.44,469.42
468.09,731.48,216.09
468.52,734.92,341.04
468.94,738.35,466
223.12,474.81,349.51
221.45,474.4,474.51
219.78,474,599.5
219.47,599.75,349.87
217.8,599.35,474.86
216.12,598.94,599.85
215.82,724.7,350.23
214.15,724.29,475.22
212.47,723.88,600.21
348.06,478.46,351.2
346.38,478.05,476.19
344.71,477.65,601.18
344.41,603.4,351.56
342.73,602.99,476.55
341.06,602.59,601.54
340.75,728.34,351.91
339.08,727.94,476.9
337.41,727.53,601.9
472.99,482.11,352.89
471.32,481.7,477.88
469.65,481.29,602.87
469.34,607.05,353.24
467.67,606.64,478.23
465.99,606.24,603.22
465.69,731.99,353.6
464.02,731.58,478.59
462.34,731.18,603.58
225.5,476.69,475.17
222.96,476.97,600.15
220.41,477.26,725.12
225.17,601.68,474.88
222.63,601.97,599.85
220.08,602.25,724.83
224.84,726.68,474.59
222.3,726.97,599.56
219.75,727.25,724.54
350.48,477.02,477.72
347.93,477.3,602.69
345.39,477.59,727.66
350.15,602.02,477.42
347.6,602.3,602.4
345.06,602.59,727.37
349.82,727.02,477.13
347.27,727.3,602.11
344.73,727.59,727.08
475.45,477.35,480.26
472.91,477.64,605.23
470.36,477.92,730.2
475.12,602.35,479.97
472.58,602.63,604.94
470.03,602.92,729.91
474.79,727.35,479.67
472.25,727.63,604.65
469.7,727.92,729.62
223.05,475.59,601.31
219.36,478.6,726.22
215.68,481.62,851.13
221.41,600.54,598.24
217.73,603.55,723.15
214.04,606.57,848.06
219.77,725.49,595.18
216.09,728.51,720.09
212.4,731.52,845
347.98,477.31,604.95
344.3,480.33,729.86
340.61,483.34,854.77
346.35,602.26,601.88
342.66,605.28,726.79
338.98,608.3,851.71
344.71,727.21,598.82
341.02,730.23,723.73
337.34,733.25,848.64
472.92,479.03,608.59
469.23,482.05,733.5
465.55,485.07,858.41
471.28,603.98,605.52
467.59,607,730.44
463.91,610.02,855.35
469.64,728.93,602.46
465.96,731.95,727.37
462.27,734.97,852.28
226.26,601.03,99.044
226.31,599.22,224.03
226.36,597.42,349.02
227,726.01,100.86
227.05,724.21,225.85
227.1,722.4,350.83
227.74,850.99,102.67
227.79,849.19,227.66
227.84,847.38,352.65
351.26,600.29,98.981
351.31,598.49,223.97
351.36,596.68,348.96
352,725.28,100.79
352.05,723.47,225.78
352.1,721.66,350.77
352.74,850.26,102.61
352.79,848.45,227.59
352.84,846.65,352.58
476.26,599.56,98.919
476.31,597.75,223.91
476.36,595.95,348.9
477,724.54,100.73
477.05,722.73,225.72
477.1,720.93,350.71
477.74,849.52,102.54
477.79,847.72,227.53
477.84,845.91,352.52
224.53,601.51,226.19
228.25,600.04,351.12
231.97,598.57,476.06
225.92,726.5,227.62
229.63,725.03,352.55
233.35,723.56,477.49
227.3,851.48,229.04
231.02,850.01,353.98
234.74,848.54,478.91
349.47,600.16,222.46
353.19,598.69,347.39
356.9,597.22,472.32
350.85,725.15,223.88
354.57,723.68,348.82
358.29,722.21,473.75
352.24,850.14,225.31
355.96,848.67,350.24
359.68,847.2,475.18
474.41,598.82,218.72
478.12,597.35,343.65
481.84,595.88,468.59
475.79,723.81,220.15
479.51,722.34,345.08
483.23,720.87,470.01
477.18,848.79,221.57
480.9,847.32,346.51
484.62,845.85,471.44
224.13,598.91,350.94
225.04,597.52,475.92
225.96,596.13,600.91
226.8,723.88,352.31
227.72,722.49,477.3
228.64,721.09,602.28
229.47,848.85,353.68
230.39,847.45,478.67
231.31,846.06,603.66
349.1,596.25,349.99
350.02,594.86,474.97
350.93,593.46,599.96
351.77,721.22,351.36
352.69,719.82,476.35
353.61,718.43,601.34
354.44,846.18,352.74
355.36,844.79,477.72
356.28,843.4,602.71
474.07,593.59,349.04
474.99,592.19,474.03
475.9,590.8,599.01
476.74,718.55,350.41
477.66,717.16,475.4
478.58,715.77,600.39
479.42,843.52,351.79
480.33,842.13,476.78
481.25,840.73,601.76
223.36,601.03,473.42
223.51,599.91,598.41
223.65,598.79,723.41
224.42,726.02,474.54
224.57,724.9,599.53
224.71,723.78,724.52
225.48,851.01,475.66
225.63,849.89,600.65
225.77,848.77,725.64
348.36,599.97,473.27
348.5,598.85,598.26
348.65,597.73,723.25
349.42,724.96,474.39
349.56,723.84,599.38
349.71,722.72,724.37
350.48,849.95,475.5
350.62,848.83,600.5
350.77,847.71,725.49
473.36,598.92,473.12
473.5,597.8,598.11
473.65,596.68,723.1
474.42,723.9,474.23
474.56,722.79,599.23
474.71,721.67,724.22
475.48,848.89,475.35
475.62,847.77,600.34
475.77,846.66,725.34
224.47,600.68,600.24
221.01,597.68,725.16
217.55,594.68,850.07
221.05,725.6,603.15
217.59,722.6,728.06
214.13,719.6,852.98
217.62,850.52,606.05
214.17,847.52,730.97
210.71,844.52,855.89
349.38,604.02,603.78
345.92,601.02,728.69
342.46,598.02,853.61
345.95,728.94,606.69
342.5,725.94,731.6
339.04,722.94,856.52
342.53,853.85,609.59
339.07,850.85,734.51
335.62,847.85,859.42
474.28,607.36,607.32
470.83,604.36,732.23
467.37,601.35,857.15
470.86,732.27,610.22
467.4,729.27,735.14
463.95,726.27,860.05
467.44,857.19,613.13
463.98,854.19,738.05
460.52,851.19,862.96
350.52,101.36,101.02
347.36,97.96,225.94
344.21,94.564,350.85
350.89,226.31,104.43
347.73,222.91,229.34
344.58,219.52,354.26
351.26,351.26,107.83
348.1,347.86,232.75
344.95,344.47,357.66
475.48,100.9,104.17
472.32,97.501,229.08
469.17,94.105,353.99
475.85,225.85,107.57
472.69,222.45,232.49
469.54,219.06,357.4
476.22,350.8,110.98
473.06,347.41,235.89
469.91,344.01,360.81
600.44,100.44,107.31
597.28,97.043,232.23
594.13,93.647,357.14
600.81,225.39,110.72
597.66,222,235.63
594.5,218.6,360.55
601.18,350.34,114.12
598.03,346.95,239.04
594.87,343.55,363.95
348.93,100.58,225.96
347.46,98.06,350.93
345.99,95.543,475.89
351.04,225.53,228.5
349.58,223.02,353.47
348.11,220.5,478.44
353.16,350.49,231.04
351.69,347.97,356.01
350.22,345.45,480.98
473.9,98.429,227.39
472.43,95.912,352.36
470.96,93.395,477.32
476.02,223.39,229.93
474.55,220.87,354.9
473.08,218.35,479.86
478.14,348.34,232.47
476.67,345.82,357.44
475.2,343.31,482.41
598.87,96.281,228.82
597.4,93.763,353.78
595.93,91.246,478.75
600.99,221.24,231.36
599.52,218.72,356.33
598.05,216.2,481.29
603.11,346.19,233.9
601.64,343.68,358.87
600.17,341.16,483.84
350.63,101.7,349.99
349.39,101.19,474.98
348.15,100.69,599.98
354.06,226.65,350.54
352.82,226.15,475.53
351.58,225.64,600.53
357.49,351.61,351.09
356.25,351.1,476.08
355.01,350.59,601.07
475.58,98.261,351.22
474.34,97.753,476.21
473.09,97.245,601.2
479.01,223.21,351.77
477.77,222.71,476.76
476.53,222.2,601.75
482.44,348.16,352.32
481.2,347.66,477.31
479.96,347.15,602.3
600.52,94.821,352.45
599.28,94.313,477.44
598.04,93.805,602.43
603.96,219.77,353
602.71,219.26,477.99
601.47,218.76,602.98
607.39,344.72,353.55
606.15,344.22,478.54
604.91,343.71,603.53
348.26,100.14,475.74
349.01,96.974,600.7
349.76,93.811,725.65
350.14,225.08,478.89
350.88,221.92,603.85
351.63,218.76,728.8
352.01,350.03,482.04
352.76,346.87,607
353.51,343.7,731.95
473.24,98.283,474.94
473.99,95.119,599.9
474.74,91.956,724.86
475.12,223.23,478.09
475.87,220.07,603.05
476.62,216.9,728.01
476.99,348.18,481.24
477.74,345.01,606.2
478.49,341.85,731.16
598.23,96.428,474.15
598.98,93.264,599.11
599.73,90.101,724.06
600.1,221.37,477.3
600.85,218.21,602.25
601.6,215.05,727.21
601.98,346.32,480.45
602.73,343.16,605.4
603.48,339.99,730.36
350.08,100.34,600.48
351.24,103.58,725.43
352.4,106.81,850.38
350.95,225.3,597.23
352.11,228.53,722.18
353.27,231.77,847.14
351.83,350.25,593.99
352.99,353.49,718.94
354.15,356.73,843.89
475.06,99.435,599.34
476.23,102.67,724.29
477.39,105.91,849.24
475.94,224.39,596.1
477.1,227.63,721.05
478.26,230.87,846
476.82,349.35,592.85
477.98,352.59,717.8
479.14,355.82,842.76
600.05,98.531,598.2
601.22,101.77,723.15
602.38,105,848.1
600.93,223.49,594.96
602.09,226.72,719.91
603.25,229.96,844.86
601.8,348.45,591.72
602.97,351.68,716.67
604.13,354.92,841.62
351.3,225.16,98.998
348.76,223.09,223.96
346.22,221.01,348.91
354.9,350.09,101.14
352.36,348.01,226.1
349.82,345.94,351.06
358.5,475.02,103.29
355.96,472.94,228.25
353.42,470.87,353.21
476.22,221.52,101.48
473.68,219.45,226.43
471.14,217.37,351.39
479.82,346.45,103.62
477.28,344.38,228.58
474.74,342.3,353.54
483.42,471.38,105.77
480.88,469.31,230.73
478.34,467.23,355.68
601.14,217.88,103.95
598.6,215.81,228.91
596.06,213.73,353.87
604.74,342.81,106.1
602.2,340.74,231.06
599.66,338.66,356.01
608.34,467.74,108.25
605.8,465.67,233.2
603.26,463.59,358.16
350.54,224,224.69
351.9,221.91,349.66
353.27,219.83,474.64
351.09,348.98,226.76
352.45,346.89,351.73
353.82,344.81,476.71
351.64,473.96,228.83
353,471.88,353.81
354.37,469.79,478.78
475.53,223.47,223.31
476.89,221.39,348.29
478.26,219.3,473.26
476.08,348.45,225.39
477.44,346.37,350.36
478.81,344.28,475.33
476.63,473.43,227.46
477.99,471.35,352.43
479.36,469.26,477.41
600.52,222.94,221.94
601.89,220.86,346.91
603.25,218.77,471.89
601.07,347.92,224.01
602.44,345.84,348.99
603.8,343.75,473.96
601.62,472.9,226.08
602.99,470.82,351.06
604.35,468.74,476.03
351.86,224.11,348.67
352.53,222.57,473.65
353.2,221.03,598.64
348.37,349.05,350.23
349.05,347.51,475.22
349.72,345.97,600.21
344.89,473.99,351.79
345.56,472.45,476.78
346.23,470.91,601.77
476.81,227.6,348.04
477.48,226.06,473.03
478.15,224.52,598.02
473.33,352.54,349.6
474,351,474.59
474.67,349.46,599.58
469.84,477.48,351.16
470.51,475.94,476.15
471.18,474.4,601.14
601.76,231.09,347.41
602.43,229.55,472.4
603.1,228.01,597.39
598.28,356.03,348.97
598.95,354.49,473.96
599.62,352.95,598.95
594.79,480.97,350.53
595.46,479.43,475.52
596.13,477.89,600.51
349.42,224.52,475.17
349.93,223.76,600.16
350.44,222.99,725.16
349.53,349.52,475.93
350.04,348.75,600.93
350.55,347.99,725.93
349.63,474.52,476.7
350.14,473.75,601.7
350.65,472.98,726.69
474.43,224.42,474.66
474.94,223.66,599.65
475.45,222.89,724.65
474.53,349.42,475.42
475.04,348.65,600.42
475.55,347.89,725.42
474.63,474.42,476.19
475.14,473.65,601.19
475.66,472.88,726.19
599.43,224.32,474.15
599.94,223.55,599.14
600.45,222.79,724.14
599.53,349.32,474.92
600.04,348.55,599.91
600.55,347.78,724.91
599.64,474.31,475.68
600.15,473.55,600.68
600.66,472.78,725.68
349.77,226.17,600.16
349.18,223.58,725.13
348.6,220.99,850.11
347.57,351.13,602.75
346.99,348.53,727.72
346.4,345.94,852.69
345.38,476.08,605.33
344.8,473.48,730.3
344.21,470.89,855.27
474.75,228.35,600.79
474.16,225.76,725.76
473.58,223.17,850.73
472.56,353.31,603.37
471.97,350.71,728.35
471.39,348.12,853.32
470.37,478.26,605.96
469.78,475.66,730.93
469.2,473.07,855.9
599.73,230.53,601.42
599.15,227.94,726.39
598.56,225.35,851.36
597.54,355.49,604
596.96,352.89,728.97
596.37,350.3,853.94
595.35,480.44,606.58
594.76,477.84,731.56
594.18,475.25,856.53
350.87,349.57,98.937
347.15,345.86,223.83
343.43,342.15,348.72
352.98,474.5,102.72
349.26,470.79,227.61
345.54,467.07,352.5
355.08,599.42,106.5
351.37,595.71,231.39
347.65,592,356.28
475.8,347.36,102.59
472.08,343.65,227.48
468.36,339.93,352.37
477.9,472.28,106.37
474.19,468.57,231.26
470.47,464.86,356.15
480.01,597.21,110.15
476.3,593.49,235.04
472.58,589.78,359.93
600.73,345.14,106.24
597.01,341.43,231.13
593.29,337.72,356.02
602.83,470.07,110.02
599.12,466.35,234.91
595.4,462.64,359.8
604.94,594.99,113.8
601.22,591.28,238.69
597.51,587.57,363.58
348.77,351.47,224.69
347.06,350.09,349.67
345.36,348.7,474.66
351.4,476.43,226.11
349.7,475.05,351.09
347.99,473.66,476.07
354.04,601.4,227.53
352.33,600.01,352.51
350.63,598.63,477.49
473.73,348.82,226.37
472.03,347.44,351.35
470.32,346.05,476.33
476.36,473.79,227.78
474.66,472.4,352.77
472.96,471.02,477.75
479,598.75,229.2
477.29,597.36,354.18
475.59,595.98,479.17
598.69,346.18,228.04
596.99,344.79,353.02
595.28,343.41,478
601.33,471.14,229.46
599.62,469.75,354.44
597.92,468.37,479.42
603.96,596.1,230.88
602.26,594.72,355.86
600.55,593.33,480.84
350.33,350.07,349.52
352.13,348.26,474.5
353.92,346.44,599.47
352.05,475.05,351.31
353.85,473.23,476.29
355.64,471.42,601.27
353.77,600.02,353.11
355.57,598.21,478.08
357.36,596.39,603.06
475.31,348.38,347.7
477.11,346.56,472.68
478.9,344.75,597.66
477.03,473.35,349.5
478.83,471.54,474.47
480.62,469.72,599.45
478.75,598.33,351.29
480.55,596.51,476.26
482.34,594.7,601.24
600.29,346.68,345.89
602.09,344.87,470.86
603.88,343.05,595.84
602.01,471.66,347.68
603.81,469.84,472.65
605.6,468.03,597.63
603.73,596.63,349.47
605.53,594.82,474.45
607.32,593,599.42
351.17,351.16,476.47
349.16,348.41,601.43
347.16,345.67,726.38
353.69,476.1,479.26
351.68,473.36,604.21
349.68,470.62,729.17
356.21,601.04,482.04
354.21,598.3,607
352.2,595.56,731.95
476.13,348.58,478.42
474.12,345.84,603.38
472.12,343.1,728.33
478.65,473.53,481.21
476.65,470.79,606.16
474.64,468.04,731.12
481.17,598.47,483.99
479.17,595.73,608.95
477.16,592.99,733.9
601.09,346.01,480.37
599.09,343.27,605.32
597.08,340.53,730.28
603.61,470.96,483.15
601.61,468.22,608.11
599.6,465.47,733.06
606.13,595.9,485.94
604.13,593.16,610.9
602.12,590.42,735.85
349.86,349.33,601.7
349.67,347.12,726.68
349.49,344.91,851.66
352.57,474.28,603.91
352.38,472.07,728.9
352.19,469.86,853.88
355.28,599.23,606.13
355.09,597.02,731.11
354.9,594.81,856.09
474.83,346.61,601.84
474.64,344.41,726.83
474.45,342.2,851.81
477.54,471.56,604.06
477.35,469.35,729.04
477.16,467.15,854.02
480.25,596.51,606.27
480.06,594.3,731.25
479.87,592.09,856.23
599.8,343.9,601.99
599.61,341.69,726.97
599.42,339.48,851.95
602.5,468.85,604.2
602.32,466.64,729.18
602.13,464.43,854.16
605.21,593.8,606.41
605.03,591.59,731.39
604.84,589.38,856.37
350.2,476.99,101.32
351.07,479.34,226.29
351.94,481.68,351.27
351.06,601.97,98.965
351.92,604.31,223.94
352.79,606.66,348.92
351.91,726.94,96.613
352.78,729.29,221.59
353.64,731.63,346.56
475.19,476.13,100.47
476.06,478.47,225.45
476.93,480.82,350.42
476.05,601.1,98.118
476.92,603.45,223.09
477.78,605.79,348.07
476.9,726.08,95.766
477.77,728.42,220.74
478.64,730.77,345.72
600.19,475.27,99.624
601.05,477.61,224.6
601.92,479.95,349.58
601.04,600.24,97.272
601.91,602.58,222.25
602.78,604.93,347.22
601.9,725.21,94.919
602.76,727.56,219.89
603.63,729.9,344.87
351.84,474.02,223.4
354.55,471.47,348.35
357.25,468.92,473.29
348.73,598.95,226.01
351.44,596.41,350.96
354.14,593.86,475.9
345.62,723.89,228.63
348.33,721.34,353.57
351.03,718.79,478.52
476.77,477.19,220.77
479.48,474.64,345.71
482.18,472.09,470.65
473.66,602.12,223.38
476.37,599.58,348.32
479.07,597.03,473.27
470.55,727.06,225.99
473.26,724.51,350.93
475.96,721.96,475.88
601.71,480.36,218.13
604.41,477.81,343.07
607.12,475.26,468.02
598.59,605.29,220.74
601.3,602.75,345.69
604.01,600.2,470.63
595.48,730.23,223.35
598.19,727.68,348.3
600.89,725.14,473.24
349.13,476.15,350.27
349.97,475.11,475.26
350.82,474.07,600.25
346.24,601.11,351.34
347.08,600.07,476.33
347.93,599.02,601.32
343.34,726.07,352.4
344.19,725.03,477.39
345.04,723.98,602.38
474.09,479.05,349.45
474.94,478.01,474.44
475.78,476.97,599.43
471.2,604.01,350.52
472.04,602.97,475.51
472.89,601.93,600.5
468.31,728.97,351.58
469.15,727.93,476.57
470,726.88,601.56
599.05,481.95,348.63
599.9,480.91,473.62
600.75,479.87,598.61
596.16,606.91,349.69
597.01,605.87,474.68
597.85,604.83,599.67
593.27,731.87,350.76
594.12,730.83,475.75
594.96,729.79,600.74
350.88,473.91,475.85
354.45,472.2,600.79
358.02,470.5,725.73
351.96,598.9,477.52
355.53,597.19,602.46
359.1,595.48,727.4
353.03,723.88,479.2
356.6,722.17,604.14
360.17,720.47,729.07
475.82,472.88,472.27
479.39,471.17,597.21
482.96,469.47,722.15
476.9,597.87,473.94
480.47,596.16,598.88
484.04,594.45,723.82
477.98,722.85,475.61
481.55,721.14,600.55
485.12,719.44,725.49
600.76,471.85,468.69
604.33,470.15,593.63
607.9,468.44,718.57
601.84,596.84,470.36
605.41,595.13,595.3
608.98,593.42,720.24
602.92,721.82,472.03
606.49,720.11,596.97
610.06,718.41,721.91
348.93,473.26,599.75
350.78,472.78,724.73
352.63,472.3,849.71
346.88,598.24,600.26
348.73,597.76,725.24
350.58,597.28,850.23
344.84,723.22,600.77
346.68,722.74,725.76
348.53,722.26,850.74
473.9,475.31,597.91
475.75,474.83,722.89
477.6,474.35,847.88
471.85,600.29,598.42
473.7,599.81,723.4
475.55,599.34,848.39
469.81,725.27,598.93
471.65,724.8,723.92
473.5,724.32,848.9
598.87,477.36,596.07
600.72,476.88,721.05
602.57,476.41,846.04
596.82,602.35,596.58
598.67,601.87,721.56
600.52,601.39,846.55
594.78,727.33,597.09
596.62,726.85,722.08
598.47,726.37,847.06
348.91,601.22,100.61
347.88,602.83,225.6
346.86,604.45,350.59
352.28,726.16,99.023
351.25,727.77,224.01
350.22,729.39,349
355.64,851.1,97.433
354.61,852.72,222.42
353.58,854.33,347.41
473.86,597.87,101.68
472.83,599.48,226.67
471.81,601.1,351.66
477.23,722.81,100.09
476.2,724.43,225.08
475.17,726.04,350.07
480.59,847.75,98.502
479.56,849.37,223.49
478.54,850.99,348.48
598.81,594.52,102.75
597.79,596.14,227.74
596.76,597.75,352.73
602.18,719.46,101.16
601.15,721.08,226.15
600.12,722.7,351.14
605.54,844.41,99.571
604.51,846.02,224.56
603.49,847.64,349.55
350.66,600.24,225.59
350.04,598.34,350.57
349.42,596.45,475.56
352.85,725.21,227.49
352.24,723.31,352.48
351.62,721.41,477.47
355.05,850.18,229.4
354.43,848.28,354.39
353.81,846.38,479.37
475.64,598.04,226.17
475.02,596.14,351.16
474.4,594.24,476.14
477.83,723,228.08
477.21,721.11,353.07
476.59,719.21,478.05
480.03,847.97,229.99
479.41,846.07,354.97
478.79,844.18,479.96
600.62,595.83,226.76
600,593.94,351.74
599.38,592.04,476.73
602.81,720.8,228.67
602.19,718.9,353.65
601.57,717.01,478.64
605.01,845.77,230.57
604.39,843.87,355.56
603.77,841.97,480.55
351.35,598.49,349.42
354.34,598.29,474.39
357.34,598.08,599.35
352.47,723.49,349.6
355.47,723.28,474.57
358.46,723.08,599.53
353.59,848.48,349.78
356.59,848.28,474.75
359.58,848.07,599.71
476.31,597.37,346.43
479.3,597.17,471.39
482.29,596.96,596.36
477.43,722.37,346.61
480.42,722.16,471.57
483.42,721.96,596.54
478.55,847.36,346.79
481.55,847.16,471.75
484.54,846.95,596.72
601.27,596.26,343.44
604.26,596.05,468.4
607.25,595.85,593.36
602.39,721.25,343.61
605.38,721.05,468.58
608.37,720.84,593.54
603.51,846.25,343.79
606.5,846.04,468.76
609.5,845.84,593.72
350.17,599.8,474.03
350.92,602.67,598.99
351.67,605.54,723.96
350.45,724.77,471.16
351.2,727.64,596.12
351.95,730.51,721.09
350.72,849.74,468.29
351.47,852.61,593.25
352.22,855.48,718.22
475.18,599.51,473.28
475.93,602.38,598.25
476.68,605.25,723.22
475.45,724.48,470.41
476.2,727.35,595.38
476.95,730.22,720.35
475.72,849.45,467.54
476.47,852.32,592.51
477.22,855.19,717.48
600.18,599.23,472.54
600.93,602.1,597.51
601.68,604.96,722.47
600.45,724.2,469.67
601.2,727.06,594.64
601.95,729.93,719.6
600.73,849.17,466.8
601.48,852.03,591.77
602.23,854.9,716.73
350.64,600.83,598.2
352.16,601.83,723.19
353.68,602.82,848.18
349.61,725.83,597.22
351.13,726.82,722.21
352.65,727.82,847.19
348.58,850.82,596.24
350.1,851.82,721.22
351.62,852.82,846.21
475.63,601.85,596.67
477.15,602.85,721.66
478.67,603.84,846.65
474.6,726.85,595.69
476.12,727.84,720.68
477.64,728.84,845.66
473.57,851.84,594.71
475.09,852.84,719.69
476.61,853.84,844.68
600.62,602.87,595.14
602.14,603.87,720.13
603.66,604.86,845.12
599.59,727.87,594.16
601.11,728.86,719.15
602.63,729.86,844.13
598.56,852.86,593.18
600.07,853.86,718.16
601.59,854.86,843.15
475.19,101.88,99.268
475.63,103.67,224.25
476.08,105.45,349.24
472.3,226.84,97.496
472.75,228.62,222.48
473.2,230.41,347.47
469.42,351.79,95.723
469.87,353.57,220.71
470.31,355.36,345.69
600.15,104.77,98.78
600.6,106.55,223.76
601.05,108.33,348.75
597.27,229.72,97.007
597.72,231.5,221.99
598.16,233.29,346.98
594.38,354.67,95.234
594.83,356.45,220.22
595.28,358.24,345.2
725.12,107.65,98.291
725.56,109.43,223.28
726.01,111.21,348.26
722.23,232.6,96.519
722.68,234.38,221.5
723.13,236.17,346.49
719.35,357.55,94.746
719.8,359.33,219.73
720.25,361.12,344.72
474.55,98.694,224.56
477.01,99.234,349.53
479.47,99.774,474.5
475.64,223.68,224
478.1,224.22,348.97
480.57,224.77,473.94
476.74,348.68,223.44
479.2,349.22,348.41
481.66,349.76,473.38
599.52,97.589,222.1
601.98,98.129,347.08
604.45,98.669,472.05
600.62,222.58,221.54
603.08,223.12,346.51
605.54,223.66,471.48
601.71,347.57,220.98
604.17,348.11,345.95
606.63,348.65,470.92
724.5,96.484,219.65
726.96,97.024,344.62
729.42,97.565,469.59
725.59,221.48,219.08
728.05,222.02,344.06
730.51,222.56,469.03
726.68,346.47,218.52
729.15,347.01,343.49
731.61,347.55,468.46
474.28,100.77,350.38
470.9,100.49,475.34
467.53,100.21,600.29
472.13,225.75,350.6
468.75,225.47,475.56
465.37,225.19,600.51
469.97,350.73,350.82
466.6,350.45,475.77
463.22,350.17,600.73
599.21,102.91,353.76
595.84,102.63,478.72
592.46,102.35,603.67
597.06,227.9,353.98
593.69,227.62,478.94
590.31,227.34,603.89
594.91,352.88,354.2
591.53,352.6,479.15
588.16,352.32,604.11
724.15,105.06,357.14
720.78,104.78,482.1
717.4,104.5,607.05
722,230.04,357.36
718.62,229.76,482.31
715.25,229.48,607.27
719.85,355.02,357.58
716.47,354.74,482.53
713.09,354.46,607.49
473.39,100.93,474.33
471.78,98.259,599.29
470.17,95.591,724.24
471.11,225.88,476.97
469.5,223.21,601.93
467.89,220.54,726.88
468.83,350.83,479.61
467.22,348.16,604.56
465.61,345.49,729.52
598.36,103.17,475.99
596.75,100.5,600.94
595.14,97.832,725.9
596.08,228.12,478.63
594.47,225.45,603.58
592.86,222.78,728.54
593.8,353.07,481.26
592.19,350.4,606.22
590.58,347.73,731.18
723.33,105.41,477.64
721.72,102.74,602.6
720.12,100.07,727.56
721.05,230.36,480.28
719.44,227.69,605.24
717.84,225.02,730.19
718.77,355.31,482.92
717.16,352.64,607.88
715.56,349.97,732.83
476.95,99.112,599.47
477.29,95.445,724.41
477.63,91.778,849.36
478.78,224.04,603.13
479.12,220.38,728.08
479.46,216.71,853.02
480.6,348.98,606.8
480.94,345.31,731.74
481.29,341.64,856.68
601.93,97.296,599.07
602.28,93.629,724.02
602.62,89.962,848.96
603.76,222.23,602.74
604.1,218.56,727.68
604.44,214.89,852.62
605.59,347.16,606.4
605.93,343.49,731.34
606.27,339.83,856.29
726.92,95.48,598.68
727.26,91.813,723.62
727.6,88.146,848.56
728.75,220.41,602.34
729.09,216.75,727.28
729.43,213.08,852.23
730.57,345.34,606
730.91,341.68,730.95
731.26,338.01,855.89
475.48,224.7,101.52
477.59,223.8,226.5
479.71,222.91,351.48
478.14,349.67,102.37
480.26,348.77,227.35
482.38,347.88,352.33
480.81,474.64,103.22
482.93,473.74,228.2
485.04,472.85,353.17
600.43,222.05,99.387
602.55,221.16,224.37
604.66,220.26,349.34
603.09,347.02,100.24
605.21,346.13,225.21
607.33,345.23,350.19
605.76,471.99,101.08
607.88,471.1,226.06
610,470.2,351.04
725.38,219.4,97.253
727.5,218.51,222.23
729.62,217.62,347.21
728.05,344.37,98.101
730.16,343.48,223.08
732.28,342.59,348.06
730.71,469.34,98.95
732.83,468.45,223.93
734.95,467.56,348.91
475.79,226.37,223.72
473.71,228.38,348.68
471.63,230.39,473.65
479.45,351.3,221.76
477.37,353.31,346.73
475.29,355.33,471.69
483.12,476.23,219.8
481.04,478.24,344.77
478.96,480.26,469.74
600.72,222.74,225.85
598.64,224.75,350.82
596.56,226.76,475.79
604.38,347.67,223.9
602.3,349.68,348.86
600.22,351.69,473.83
608.05,472.6,221.94
605.97,474.61,346.91
603.89,476.62,471.87
725.65,219.11,227.99
723.57,221.12,352.96
721.49,223.13,477.93
729.31,344.04,226.03
727.23,346.05,351
725.15,348.06,475.97
732.98,468.97,224.08
730.9,470.98,349.04
728.82,472.99,474.01
476.27,225.4,350.57
477.55,223.13,475.54
478.83,220.86,600.52
474.96,350.37,352.85
476.24,348.1,477.82
477.52,345.83,602.8
473.65,475.34,355.13
474.93,473.08,480.1
476.21,470.81,605.08
601.26,226.74,349.31
602.54,224.47,474.29
603.82,222.2,599.26
599.95,351.71,351.59
601.23,349.44,476.57
602.51,347.17,601.54
598.63,476.68,353.87
599.91,474.41,478.85
601.19,472.14,603.82
726.25,228.07,348.06
727.53,225.81,473.03
728.81,223.54,598
724.93,353.05,350.34
726.21,350.78,475.31
727.49,348.51,600.28
723.62,478.02,352.61
724.9,475.75,477.59
726.18,473.48,602.56
476.86,225.47,473.39
478.61,228.07,598.35
480.37,230.66,723.31
479.93,350.4,470.75
481.69,353,595.71
483.44,355.59,720.68
483,475.33,468.12
484.76,477.93,593.08
486.51,480.52,718.04
601.81,222.37,471.69
603.56,224.96,596.66
605.32,227.55,721.62
604.88,347.3,469.06
606.64,349.89,594.02
608.39,352.48,718.98
607.95,472.23,466.42
609.71,474.82,591.38
611.47,477.41,716.34
726.76,219.26,470
728.51,221.85,594.96
730.27,224.45,719.92
729.83,344.19,467.36
731.59,346.78,592.32
733.34,349.38,717.29
732.9,469.12,464.73
734.66,471.71,589.69
736.42,474.31,714.65
476.31,223.61,601.82
472.61,226.32,726.74
468.9,229.02,851.65
475.59,348.58,599.09
471.89,351.28,724.01
468.19,353.99,848.92
474.88,473.55,596.36
471.17,476.25,721.28
467.47,478.96,846.19
601.25,224.4,605.51
597.55,227.11,730.42
593.85,229.81,855.34
600.54,349.37,602.77
596.84,352.07,727.69
593.13,354.78,852.6
599.82,474.34,600.04
596.12,477.04,724.96
592.42,479.75,849.87
726.2,225.19,609.19
722.5,227.9,734.1
718.79,230.6,859.02
725.48,350.16,606.46
721.78,352.86,731.37
718.08,355.57,856.29
724.77,475.13,603.73
721.07,477.83,728.64
717.36,480.54,853.56
475.69,351.39,98.3
477.82,351.42,223.28
479.95,351.45,348.27
479.42,476.34,98.206
481.55,476.37,223.19
483.68,476.39,348.17
483.16,601.28,98.112
485.29,601.31,223.1
487.42,601.34,348.08
600.62,347.66,96.175
602.75,347.68,221.16
604.88,347.71,346.14
604.35,472.6,96.082
606.48,472.63,221.07
608.61,472.66,346.05
608.09,597.55,95.988
610.22,597.57,220.97
612.35,597.6,345.95
725.54,343.92,94.051
727.68,343.95,219.03
729.81,343.97,344.02
729.28,468.87,93.957
731.41,468.89,218.94
733.54,468.92,343.92
733.01,593.81,93.863
735.15,593.84,218.85
737.28,593.86,343.83
475.19,351.01,225.81
471.6,347.78,350.72
468,344.54,475.62
475.64,475.97,229.06
472.04,472.73,353.97
468.45,469.5,478.87
476.08,600.93,232.31
472.49,597.69,357.22
468.89,594.46,482.12
600.14,350.47,229.39
596.54,347.24,354.3
592.95,344,479.2
600.58,475.43,232.64
596.99,472.2,357.55
593.39,468.96,482.45
601.03,600.39,235.89
597.43,597.15,360.8
593.84,593.92,485.7
725.09,349.93,232.97
721.49,346.7,357.88
717.9,343.47,482.78
725.53,474.89,236.22
721.94,471.66,361.13
718.34,468.42,486.03
725.98,599.85,239.47
722.38,596.62,364.38
718.79,593.38,489.28
474.54,351.43,349.75
472.2,349.85,474.72
469.86,348.26,599.69
474.73,476.42,351.34
472.39,474.83,476.31
470.05,473.25,601.28
474.92,601.41,352.93
472.58,599.82,477.9
470.24,598.24,602.87
599.53,351.21,352.09
597.19,349.62,477.06
594.85,348.04,602.03
599.72,476.2,353.68
597.38,474.61,478.65
595.04,473.03,603.62
599.91,601.19,355.27
597.57,599.6,480.24
595.23,598.02,605.21
724.51,350.99,354.43
722.17,349.4,479.4
719.83,347.82,604.37
724.7,475.98,356.02
722.36,474.39,480.99
720.02,472.81,605.96
724.89,600.96,357.61
722.55,599.38,482.58
720.21,597.8,607.55
476.45,348.36,476.1
476.39,348.56,601.1
476.33,348.76,726.1
474.31,473.34,475.9
474.25,473.54,600.9
474.18,473.74,725.9
472.16,598.32,475.7
472.1,598.52,600.7
472.04,598.73,725.7
601.43,350.5,476.15
601.37,350.71,601.15
601.31,350.91,726.15
599.29,475.49,475.95
599.23,475.69,600.96
599.16,475.89,725.96
597.14,600.47,475.76
597.08,600.67,600.76
597.02,600.87,725.76
726.41,352.65,476.21
726.35,352.85,601.21
726.29,353.05,726.21
724.27,477.63,476.01
724.2,477.84,601.01
724.14,478.04,726.01
722.12,602.62,475.81
722.06,602.82,600.81
722,603.02,725.81
474.12,348.93,598.24
473.85,350.02,723.23
473.59,351.11,848.23
471.48,473.9,597.14
471.22,474.98,722.14
470.95,476.07,847.14
468.84,598.86,596.05
468.58,599.95,721.05
468.31,601.04,846.04
599.09,351.57,598.48
598.82,352.66,723.48
598.56,353.75,848.47
596.45,476.54,597.38
596.19,477.62,722.38
595.92,478.71,847.38
593.81,601.5,596.29
593.55,602.59,721.29
593.28,603.68,846.28
724.06,354.21,598.72
723.79,355.3,723.72
723.53,356.39,848.71
721.42,479.18,597.62
721.16,480.27,722.62
720.89,481.35,847.62
718.79,604.14,596.53
718.52,605.23,721.53
718.25,606.32,846.53
475.35,476.97,98.825
476.01,476.21,223.82
476.67,475.45,348.81
477.4,601.95,99.577
478.05,601.19,224.57
478.71,600.43,349.57
479.44,726.93,100.33
480.1,726.17,225.32
480.76,725.41,350.32
600.34,474.93,98.158
600.99,474.17,223.15
601.65,473.41,348.15
602.38,599.91,98.91
603.04,599.15,223.9
603.7,598.39,348.9
604.42,724.89,99.661
605.08,724.13,224.66
605.74,723.37,349.65
725.32,472.89,97.491
725.98,472.13,222.49
726.64,471.37,347.48
727.36,597.88,98.243
728.02,597.11,223.24
728.68,596.35,348.23
729.4,722.86,98.994
730.06,722.1,223.99
730.72,721.34,348.98
476.29,475.39,223.34
477.63,474.99,348.33
478.98,474.6,473.32
472.96,600.34,223.77
474.3,599.95,348.76
475.65,599.55,473.75
469.63,725.3,224.2
470.97,724.9,349.19
472.32,724.51,474.18
601.24,478.72,222
602.58,478.33,346.99
603.92,477.93,471.98
597.91,603.68,222.43
599.25,603.28,347.42
600.6,602.89,472.41
594.58,728.63,222.86
595.92,728.24,347.85
597.27,727.84,472.84
726.18,482.06,220.67
727.53,481.66,345.66
728.87,481.27,470.65
722.85,607.01,221.1
724.2,606.62,346.09
725.54,606.22,471.08
719.52,731.97,221.53
720.87,731.57,346.52
722.21,731.18,471.51
476,475.54,350.28
473.38,474.89,475.25
470.76,474.24,600.22
474.28,600.53,350.9
471.66,599.88,475.87
469.05,599.22,600.84
472.56,725.52,351.51
469.95,724.86,476.48
467.33,724.21,601.45
600.96,477.24,352.91
598.34,476.59,477.88
595.72,475.94,602.85
599.24,602.23,353.52
596.62,601.58,478.49
594.01,600.92,603.46
597.53,727.22,354.14
594.91,726.56,479.11
592.29,725.91,604.08
725.92,478.95,355.54
723.3,478.29,480.5
720.68,477.64,605.47
724.2,603.93,356.15
721.58,603.28,481.12
718.97,602.62,606.09
722.49,728.92,356.77
719.87,728.26,481.73
717.25,727.61,606.7
473.11,476.66,474.23
473.01,477.92,599.22
472.91,479.17,724.22
470.24,601.62,472.97
470.14,602.87,597.97
470.03,604.13,722.96
467.36,726.58,471.72
467.26,727.83,596.72
467.16,729.08,721.71
598.08,479.54,474.3
597.98,480.79,599.3
597.87,482.04,724.29
595.2,604.5,473.05
595.1,605.75,598.05
595,607,723.04
592.33,729.45,471.8
592.22,730.71,596.79
592.12,731.96,721.79
723.04,482.42,474.38
722.94,483.67,599.38
722.84,484.92,724.37
720.16,607.37,473.13
720.06,608.63,598.12
719.96,609.88,723.12
717.29,732.33,471.87
717.19,733.58,596.87
717.08,734.84,721.87
473.09,476.82,601.65
476.42,473.42,726.55
479.76,470.03,851.46
475.11,601.76,604.99
478.44,598.36,729.9
481.78,594.97,854.8
477.13,726.7,608.33
480.47,723.3,733.24
483.8,719.91,858.14
598.03,474.89,598.26
601.36,471.49,723.16
604.69,468.1,848.07
600.05,599.83,601.6
603.38,596.43,726.51
606.72,593.04,851.41
602.07,724.77,604.94
605.4,721.37,729.85
608.74,717.98,854.76
722.97,472.96,594.87
726.3,469.56,719.77
729.63,466.17,844.68
724.99,597.9,598.21
728.32,594.5,723.12
731.65,591.11,848.02
727.01,722.84,601.55
730.34,719.44,726.46
733.67,716.05,851.37
475.95,599.4,100.73
477.13,596.89,225.71
478.31,594.39,350.68
479.17,724.33,103.21
480.34,721.83,228.18
481.52,719.32,353.15
482.38,849.27,105.68
483.56,846.76,230.65
484.74,844.26,355.62
600.9,596.21,99.491
602.08,593.71,224.46
603.26,591.2,349.44
604.12,721.14,101.96
605.29,718.64,226.94
606.47,716.14,351.91
607.33,846.08,104.43
608.51,843.57,229.41
609.69,841.07,354.38
725.85,593.02,98.247
727.03,590.52,223.22
728.21,588.01,348.19
729.07,717.96,100.72
730.25,715.45,225.69
731.42,712.95,350.66
732.28,842.89,103.19
733.46,840.39,228.16
734.64,837.88,353.14
476.08,599.24,224.77
475.63,597.01,349.75
475.18,594.79,474.73
476.75,724.21,227
476.3,721.99,351.98
475.85,719.76,476.96
477.42,849.19,229.22
476.97,846.97,354.2
476.52,844.74,479.18
601.08,598.56,225.21
600.63,596.33,350.19
600.18,594.11,475.17
601.75,723.53,227.43
601.3,721.31,352.41
600.85,719.08,477.39
602.42,848.51,229.66
601.97,846.29,354.64
601.52,844.06,479.62
726.07,597.88,225.64
725.62,595.65,350.62
725.17,593.43,475.6
726.75,722.85,227.87
726.3,720.63,352.85
725.85,718.4,477.83
727.42,847.83,230.09
726.97,845.61,355.07
726.52,843.38,480.05
474.32,601.34,348.63
476.41,598.49,473.58
478.5,595.63,598.53
476.63,726.29,351.45
478.72,723.43,476.4
480.81,720.58,601.35
478.94,851.24,354.26
481.03,848.38,479.21
483.12,845.53,604.16
599.29,599.08,346.49
601.37,596.23,471.44
603.46,593.37,596.39
601.59,724.03,349.3
603.68,721.17,474.25
605.77,718.32,599.2
603.9,848.98,352.12
605.99,846.12,477.07
608.08,843.27,602.02
724.25,596.82,344.35
726.34,593.97,469.3
728.43,591.11,594.25
726.56,721.77,347.16
728.65,718.92,472.11
730.73,716.06,597.06
728.87,846.72,349.98
730.95,843.86,474.92
733.04,841.01,599.87
474.55,599.53,474.66
476.72,597.48,599.62
478.88,595.42,724.58
475.86,724.51,476.69
478.02,722.45,601.65
480.18,720.4,726.62
477.17,849.49,478.73
479.33,847.43,603.69
481.49,845.38,728.65
599.53,598.26,472.48
601.69,596.21,597.44
603.85,594.15,722.4
600.83,723.24,474.51
603,721.18,599.47
605.16,719.13,724.43
602.14,848.21,476.54
604.3,846.16,601.51
606.46,844.11,726.47
724.5,596.99,470.29
726.66,594.94,595.25
728.83,592.88,720.22
725.81,721.97,472.33
727.97,719.91,597.29
730.13,717.86,722.25
727.11,846.94,474.36
729.28,844.89,599.32
731.44,842.83,724.28
476.95,599.58,598.72
480.68,599.81,723.66
484.4,600.04,848.61
478.12,724.57,598.46
481.85,724.8,723.4
485.57,725.04,848.34
479.29,849.56,598.2
483.02,849.8,723.14
486.74,850.03,848.08
601.89,598.4,595
605.62,598.63,719.94
609.34,598.87,844.88
603.06,723.39,594.73
606.79,723.63,719.67
610.51,723.86,844.62
604.23,848.39,594.47
607.95,848.62,719.41
611.68,848.85,844.35
726.83,597.22,591.27
730.56,597.46,716.21
734.28,597.69,841.15
728,722.22,591.01
731.72,722.45,715.95
735.45,722.68,840.89
729.17,847.21,590.74
732.89,847.44,715.69
736.62,847.68,840.63
599.49,101.91,100.37
599.25,98.958,225.33
599.02,96.006,350.3
598.58,226.87,103.31
598.35,223.92,228.28
598.11,220.96,353.25
597.68,351.83,106.26
597.44,348.87,231.23
597.21,345.92,356.19
724.49,102.8,100.62
724.25,99.852,225.59
724.01,96.9,350.55
723.58,227.76,103.57
723.34,224.81,228.54
723.11,221.86,353.5
722.68,352.72,106.52
722.44,349.77,231.48
722.2,346.81,356.45
849.48,103.7,100.88
849.25,100.75,225.85
849.01,97.794,350.81
848.58,228.66,103.83
848.34,225.7,228.79
848.1,222.75,353.76
847.67,353.61,106.78
847.44,350.66,231.74
847.2,347.71,356.71
599.97,100.04,224.43
602.65,102.36,349.39
605.33,104.68,474.34
602.29,224.99,222.06
604.97,227.32,347.02
607.66,229.64,471.97
604.62,349.95,219.69
607.3,352.27,344.64
609.98,354.59,469.6
724.92,97.665,221.79
727.6,99.986,346.75
730.28,102.31,471.7
727.24,222.62,219.42
729.93,224.94,344.38
732.61,227.26,469.33
729.57,347.57,217.05
732.25,349.89,342
734.94,352.22,466.96
849.87,95.29,219.15
852.55,97.612,344.11
855.23,99.933,469.06
852.2,220.24,216.78
854.88,222.57,341.74
857.56,224.89,466.69
854.52,345.2,214.41
857.2,347.52,339.37
859.89,349.84,464.32
598.22,101.01,348.16
599.79,99.386,473.13
601.35,97.765,598.11
595.34,225.96,349.82
596.9,224.34,474.79
598.46,222.72,599.76
592.45,350.92,351.48
594.01,349.29,476.45
595.57,347.67,601.42
723.18,103.91,346.63
724.74,102.29,471.61
726.3,100.67,596.58
720.29,228.87,348.29
721.85,227.25,473.27
723.41,225.63,598.24
717.4,353.82,349.95
718.96,352.2,474.92
720.52,350.58,599.9
848.14,106.82,345.11
849.7,105.2,470.08
851.26,103.58,595.06
845.25,231.77,346.77
846.81,230.15,471.74
848.37,228.53,596.72
842.36,356.73,348.43
843.92,355.11,473.4
845.48,353.49,598.37
598.1,101.31,473.63
597.61,99.338,598.62
597.12,97.363,723.61
599.98,226.28,475.62
599.49,224.31,600.6
599,222.33,725.59
601.85,351.25,477.6
601.36,349.28,602.59
600.87,347.3,727.58
723.08,99.431,474.09
722.59,97.456,599.08
722.1,95.48,724.07
724.96,224.4,476.08
724.47,222.42,601.07
723.98,220.45,726.05
726.84,349.37,478.06
726.35,347.39,603.05
725.86,345.42,728.04
848.06,97.548,474.55
847.57,95.573,599.54
847.08,93.598,724.53
849.94,222.52,476.54
849.45,220.54,601.53
848.96,218.57,726.51
851.82,347.49,478.52
851.33,345.51,603.51
850.84,343.54,728.5
599.26,99.211,601.4
598.35,98.494,726.4
597.43,97.777,851.4
597.27,224.19,602.1
596.36,223.47,727.1
595.44,222.76,852.1
595.29,349.17,602.8
594.37,348.45,727.8
593.46,347.74,852.79
724.24,101.19,602.33
723.33,100.47,727.33
722.41,99.755,852.32
722.25,226.17,603.03
721.34,225.45,728.02
720.43,224.74,853.02
720.27,351.15,603.73
719.35,350.43,728.72
718.44,349.72,853.72
849.22,103.17,603.25
848.31,102.45,728.25
847.39,101.73,853.25
847.24,228.15,603.95
846.32,227.43,728.95
845.41,226.71,853.95
845.25,353.13,604.65
844.33,352.41,729.65
843.42,351.69,854.65
598.75,224.97,98.906
596.88,224.29,223.89
595.01,223.6,348.87
598.39,349.97,99.583
596.52,349.28,224.57
594.65,348.59,349.55
598.03,474.96,100.26
596.16,474.28,225.24
594.3,473.59,350.23
723.73,225.31,100.78
721.86,224.63,225.76
719.99,223.94,350.75
723.37,350.31,101.46
721.51,349.62,226.44
719.64,348.94,351.43
723.02,475.31,102.13
721.15,474.62,227.12
719.28,473.93,352.1
848.72,225.66,102.65
846.85,224.97,227.64
844.98,224.28,352.62
848.36,350.65,103.33
846.49,349.97,228.32
844.62,349.28,353.3
848,475.65,104.01
846.13,474.96,228.99
844.26,474.28,353.98
601.02,224.19,223.45
601.23,222.29,348.44
601.44,220.39,473.43
604.49,349.13,225.34
604.7,347.23,350.33
604.91,345.33,475.31
607.96,474.06,227.23
608.17,472.17,352.22
608.38,470.27,477.2
725.97,220.72,223.19
726.18,218.82,348.17
726.39,216.92,473.16
729.44,345.65,225.08
729.65,343.76,350.06
729.86,341.86,475.05
732.91,470.59,226.96
733.12,468.7,351.95
733.33,466.8,476.94
850.92,217.25,222.92
851.13,215.35,347.91
851.34,213.45,472.89
854.39,342.18,224.81
854.6,340.29,349.8
854.81,338.39,474.78
857.86,467.12,226.7
858.07,465.22,351.68
858.28,463.33,476.67
599.24,223.11,350.46
601.21,226.02,475.41
603.19,228.92,600.36
599.57,348.08,347.55
601.55,350.98,472.5
603.52,353.89,597.45
599.9,473.04,344.64
601.88,475.95,469.59
603.85,478.85,594.55
724.22,222.73,348.49
726.2,225.64,473.44
728.17,228.54,598.39
724.55,347.7,345.59
726.53,350.6,470.54
728.5,353.51,595.49
724.88,472.66,342.68
726.86,475.57,467.63
728.84,478.47,592.58
849.2,222.35,346.53
851.18,225.26,471.48
853.15,228.16,596.43
849.53,347.32,343.62
851.51,350.22,468.57
853.49,353.13,593.52
849.87,472.28,340.71
851.84,475.19,465.67
853.82,478.09,590.62
600.74,225.87,474.45
600.76,225.15,599.45
600.77,224.43,724.44
598.32,350.84,475.17
598.33,350.12,600.16
598.35,349.4,725.16
595.9,475.81,475.89
595.91,475.09,600.88
595.92,474.37,725.88
725.72,228.29,474.45
725.73,227.57,599.45
725.74,226.85,724.45
723.29,353.26,475.17
723.31,352.54,600.17
723.32,351.82,725.17
720.87,478.24,475.89
720.88,477.52,600.89
720.9,476.8,725.88
850.69,230.72,474.45
850.7,230,599.45
850.72,229.28,724.45
848.27,355.69,475.17
848.28,354.97,600.17
848.29,354.25,725.17
845.84,480.66,475.89
845.85,479.94,600.89
845.87,479.22,725.89
598.75,226.46,598.68
598.22,225.81,723.67
597.7,225.15,848.67
599.96,351.46,599.34
599.44,350.8,724.34
598.91,350.14,849.34
601.18,476.45,600
600.65,475.8,725
600.13,475.14,850
723.74,225.24,599.2
723.22,224.58,724.2
722.69,223.93,849.19
724.96,350.24,599.86
724.43,349.58,724.86
723.91,348.92,849.86
726.17,475.23,600.52
725.65,474.57,725.52
725.13,473.92,850.52
848.74,224.02,599.72
848.21,223.36,724.72
847.69,222.71,849.72
849.95,349.02,600.38
849.43,348.36,725.38
848.91,347.7,850.38
851.17,474.01,601.04
850.65,473.35,726.04
850.12,472.7,851.04
599.4,349.98,98.654
602.71,351.48,223.6
606.01,352.98,348.54
599.73,474.97,97.147
603.03,476.47,222.09
606.34,477.97,347.04
600.05,599.97,95.639
603.36,601.46,220.58
606.66,602.96,345.53
724.36,349.62,95.356
727.66,351.11,220.3
730.97,352.61,345.25
724.69,474.61,93.848
727.99,476.11,218.79
731.29,477.6,343.74
725.01,599.6,92.341
728.31,601.1,217.29
731.62,602.59,342.23
849.32,349.25,92.057
852.62,350.75,217
855.92,352.24,341.95
849.64,474.24,90.55
852.95,475.74,215.5
856.25,477.24,340.44
849.97,599.23,89.043
853.27,600.73,213.99
856.58,602.23,338.93
598.52,349.85,223.71
599.71,350.42,348.7
600.9,350.99,473.69
602.18,474.79,223.1
603.36,475.36,348.1
604.55,475.93,473.09
605.83,599.73,222.5
607.02,600.3,347.5
608.2,600.87,472.49
723.47,346.19,222.54
724.65,346.76,347.53
725.84,347.33,472.52
727.12,471.14,221.94
728.31,471.71,346.93
729.49,472.27,471.92
730.77,596.08,221.34
731.96,596.65,346.33
733.15,597.22,471.32
848.41,342.54,221.37
849.59,343.11,346.37
850.78,343.68,471.36
852.06,467.48,220.77
853.25,468.05,345.76
854.43,468.62,470.76
855.71,592.42,220.17
856.9,592.99,345.16
858.09,593.56,470.15
600.12,349.22,351.28
597.76,352.45,476.21
595.4,355.69,601.14
599.4,474.18,348.03
597.04,477.41,472.96
594.68,480.64,597.89
598.69,599.14,344.79
596.33,602.37,469.72
593.97,605.6,594.65
725.09,349.99,353.61
722.73,353.23,478.54
720.37,356.46,603.48
724.38,474.95,350.37
722.02,478.18,475.3
719.66,481.42,600.23
723.67,599.91,347.12
721.31,603.14,472.05
718.95,606.38,596.99
850.07,350.77,355.95
847.71,354,480.88
845.35,357.23,605.81
849.36,475.73,352.7
847,478.96,477.63
844.64,482.19,602.57
848.64,600.68,349.46
846.28,603.92,474.39
843.92,607.15,599.32
599.15,351.5,476.87
596.71,354.64,601.81
594.26,357.78,726.75
596.21,476.42,473.67
593.77,479.56,598.6
591.32,482.71,723.54
593.27,601.34,470.46
590.82,604.49,595.4
588.38,607.63,720.34
724.09,354.5,479.24
721.65,357.65,604.18
719.2,360.79,729.12
721.15,479.43,476.04
718.7,482.57,600.98
716.26,485.71,725.92
718.21,604.35,472.83
715.76,607.49,597.77
713.32,610.64,722.71
849.03,357.51,481.61
846.59,360.65,606.55
844.14,363.8,731.49
846.09,482.43,478.41
843.64,485.58,603.35
841.2,488.72,728.29
843.14,607.36,475.21
840.7,610.5,600.15
838.26,613.64,725.08
598.34,350.87,600.82
597.03,348.77,725.8
595.73,346.66,850.78
594.67,475.81,602.89
593.37,473.7,727.87
592.06,471.59,852.84
591.01,600.74,604.96
589.7,598.63,729.93
588.4,596.52,854.91
723.28,354.52,602.19
721.98,352.41,727.16
720.67,350.3,852.14
719.61,479.45,604.25
718.31,477.34,729.23
717.01,475.23,854.21
715.95,604.38,606.32
714.64,602.27,731.3
713.34,600.17,856.27
848.22,358.16,603.55
846.92,356.05,728.53
845.61,353.94,853.5
844.56,483.09,605.62
843.25,480.99,730.59
841.95,478.88,855.57
840.89,608.03,607.68
839.59,605.92,732.66
838.28,603.81,857.64
601.96,476.58,99.454
604.6,476.12,224.42
607.24,475.65,349.39
599.73,601.56,99.971
602.36,601.09,224.94
605,600.62,349.9
597.49,726.53,100.49
600.13,726.07,225.46
602.77,725.6,350.42
726.91,478.84,96.824
729.55,478.37,221.79
732.19,477.9,346.76
724.68,603.81,97.342
727.32,603.34,222.31
729.95,602.88,347.27
722.44,728.79,97.859
725.08,728.32,222.83
727.72,727.85,347.79
851.86,481.09,94.195
854.5,480.62,219.16
857.14,480.15,344.13
849.63,606.06,94.712
852.27,605.6,219.68
854.9,605.13,344.65
847.39,731.04,95.229
850.03,730.57,220.2
852.67,730.1,345.16
601.84,473.06,226.76
599.84,474.87,351.73
597.84,476.68,476.7
600.13,598.04,224.92
598.13,599.85,349.89
596.13,601.66,474.86
598.43,723.01,223.09
596.43,724.82,348.06
594.43,726.63,473.03
726.81,474.8,228.74
724.81,476.61,353.71
722.81,478.42,478.68
725.1,599.77,226.9
723.1,601.58,351.87
721.1,603.39,476.84
723.4,724.75,225.06
721.4,726.56,350.03
719.4,728.37,475
851.78,476.53,230.72
849.78,478.34,355.69
847.78,480.15,480.65
850.07,601.51,228.88
848.07,603.32,353.85
846.07,605.13,478.82
848.37,726.48,227.04
846.37,728.29,352.01
844.37,730.1,476.98
600.22,473.88,350.59
597.46,472.29,475.55
594.71,470.69,600.5
598.03,598.85,352.13
595.28,597.26,477.09
592.52,595.66,602.05
595.85,723.82,353.68
593.09,722.23,478.63
590.34,720.63,603.59
725.17,476.03,353.37
722.41,474.44,478.33
719.66,472.84,603.29
722.98,601,354.92
720.23,599.4,479.87
717.47,597.81,604.83
720.8,725.97,356.46
718.04,724.37,481.42
715.29,722.78,606.38
850.12,478.18,356.16
847.37,476.58,481.11
844.61,474.99,606.07
847.94,603.15,357.7
845.18,601.55,482.66
842.43,599.96,607.62
845.75,728.12,359.24
843,726.52,484.2
840.24,724.93,609.16
598.04,475.4,474.67
598.72,472.65,599.63
599.39,469.89,724.6
601.11,600.33,477.4
601.79,597.58,602.37
602.47,594.82,727.34
604.19,725.26,480.14
604.87,722.51,605.11
605.55,719.76,730.08
723,472.34,473.92
723.68,469.58,598.89
724.35,466.83,723.86
726.07,597.27,476.66
726.75,594.51,601.63
727.43,591.76,726.59
729.15,722.2,479.4
729.83,719.45,604.37
730.5,716.69,729.33
847.96,469.27,473.18
848.63,466.52,598.15
849.31,463.76,723.11
851.03,594.2,475.92
851.71,591.45,600.88
852.39,588.69,725.85
854.11,719.14,478.66
854.79,716.38,603.62
855.46,713.63,728.59
598.32,473.31,600.76
601.78,474.52,725.7
605.23,475.74,850.65
600.64,598.28,599.48
604.09,599.49,724.42
607.54,600.7,849.37
602.95,723.24,598.2
606.4,724.46,723.15
609.86,725.67,848.09
723.25,470.96,597.33
726.7,472.17,722.28
730.16,473.38,847.22
725.57,595.92,596.05
729.02,597.14,721
732.47,598.35,845.95
727.88,720.89,594.77
731.33,722.1,719.72
734.79,723.32,844.67
848.18,468.6,593.9
851.63,469.82,718.85
855.09,471.03,843.8
850.5,593.57,592.63
853.95,594.78,717.57
857.4,596,842.52
852.81,718.54,591.35
856.26,719.75,716.29
859.72,720.97,841.24
599.53,599.97,98.51
599.49,599.09,223.51
599.44,598.21,348.52
600.2,724.96,99.39
600.15,724.09,224.39
600.11,723.21,349.4
600.86,849.96,100.27
600.82,849.08,225.27
600.77,848.2,350.28
724.52,599.3,98.547
724.48,598.42,223.55
724.44,597.54,348.55
725.19,724.29,99.427
725.14,723.42,224.43
725.1,722.54,349.43
725.85,849.29,100.31
725.81,848.41,225.31
725.77,847.54,350.31
849.52,598.63,98.584
849.47,597.75,223.59
849.43,596.88,348.59
850.18,723.63,99.464
850.14,722.75,224.47
850.09,721.87,349.47
850.85,848.62,100.34
850.8,847.75,225.35
850.76,846.87,350.35
600.21,599.16,224.9
598.7,598.88,349.89
597.19,598.6,474.88
603.24,724.12,225.22
601.73,723.84,350.21
600.23,723.56,475.2
606.27,849.08,225.53
604.76,848.8,350.53
603.26,848.52,475.52
725.16,596.13,226.4
723.66,595.85,351.39
722.15,595.57,476.38
728.19,721.09,226.72
726.69,720.81,351.71
725.18,720.53,476.7
731.23,846.05,227.04
729.72,845.77,352.03
728.21,845.49,477.02
850.12,593.09,227.9
848.61,592.82,352.89
847.11,592.54,477.88
853.15,718.06,228.22
851.64,717.78,353.21
850.14,717.5,478.2
856.18,843.02,228.54
854.68,842.74,353.53
853.17,842.46,478.52
601.48,600.61,348.84
603.04,601.73,473.82
604.59,602.85,598.81
599.36,725.58,347.74
600.91,726.7,472.73
602.47,727.82,597.72
597.24,850.56,346.65
598.79,851.68,471.63
600.35,852.8,596.62
726.46,602.71,347.26
728.01,603.84,472.25
729.57,604.96,597.23
724.33,727.69,346.17
725.89,728.81,471.15
727.44,729.93,596.14
722.21,852.67,345.07
723.77,853.79,470.06
725.32,854.91,595.04
851.43,604.82,345.68
852.99,605.94,470.67
854.54,607.06,595.66
849.31,729.8,344.59
850.86,730.92,469.58
852.42,732.04,594.56
847.19,854.77,343.49
848.74,855.89,468.48
850.3,857.01,593.47
601.41,601.5,473.85
603.2,602.95,598.83
604.99,604.4,723.81
604.66,726.45,472.36
606.45,727.9,597.34
608.25,729.35,722.32
607.92,851.4,470.87
609.71,852.85,595.85
611.5,854.3,720.83
726.36,598.23,472.1
728.15,599.68,597.08
729.94,601.13,722.06
729.61,723.18,470.61
731.4,724.63,595.59
733.19,726.08,720.57
732.86,848.13,469.11
734.65,849.58,594.09
736.44,851.03,719.07
851.3,594.96,470.35
853.09,596.41,595.33
854.88,597.86,720.31
854.55,719.91,468.85
856.34,721.36,593.83
858.13,722.81,718.81
857.81,844.86,467.36
859.6,846.31,592.34
861.39,847.76,717.32
598.48,598.55,599.84
600.07,598.01,724.83
601.67,597.48,849.82
601.97,723.5,600.33
603.57,722.96,725.32
605.16,722.43,850.3
605.47,848.45,600.81
607.06,847.91,725.8
608.65,847.38,850.79
723.42,595.07,598.23
725.01,594.53,723.22
726.61,593.99,848.21
726.91,720.02,598.72
728.51,719.48,723.71
730.1,718.94,848.7
730.41,844.97,599.21
732,844.43,724.2
733.59,843.89,849.19
848.36,591.58,596.63
849.95,591.04,721.62
851.55,590.51,846.61
851.85,716.53,597.11
853.45,715.99,722.1
855.04,715.46,847.09
855.35,841.48,597.6
856.94,840.95,722.59
858.53,840.41,847.58
