27,125,0
200.88,195.21,191.92
0,0,0
100.91,100.86,100.85
99.783,101.64,225.85
98.652,102.42,350.84
103.81,225.83,100.1
102.68,226.61,225.09
101.54,227.39,350.09
106.7,350.8,99.34
105.57,351.58,224.34
104.44,352.36,349.33
225.88,97.979,102.01
224.75,98.759,227
223.62,99.54,352
228.77,222.95,101.25
227.64,223.73,226.24
226.51,224.51,351.24
231.66,347.92,100.49
230.53,348.7,225.49
229.4,349.48,350.48
350.84,95.096,103.16
349.71,95.877,228.15
348.58,96.658,353.15
353.73,220.07,102.4
352.6,220.85,227.4
351.47,221.63,352.39
356.63,345.04,101.64
355.49,345.82,226.64
354.36,346.6,351.64
98.668,101.22,223.85
95.069,103.84,348.77
91.47,106.46,473.7
101.49,226.17,221.31
97.895,228.79,346.23
94.296,231.41,471.15
104.32,351.11,218.76
100.72,353.73,343.69
97.122,356.35,468.61
223.59,98.473,227.51
219.99,101.09,352.43
216.39,103.71,477.36
226.41,223.42,224.97
222.81,226.04,349.89
219.21,228.66,474.81
229.24,348.36,222.42
225.64,350.98,347.35
222.04,353.6,472.27
348.51,95.722,231.17
344.91,98.343,356.09
341.31,100.96,481.01
351.33,220.67,228.62
347.73,223.29,353.55
344.13,225.91,478.47
354.16,345.61,226.08
350.56,348.23,351.01
346.96,350.85,475.93
99.911,100.95,348.16
99.228,103.36,473.13
98.545,105.77,598.11
102.68,225.89,345.77
102,228.31,470.74
101.32,230.72,595.72
105.45,350.84,343.37
104.77,353.25,468.35
104.08,355.66,593.33
224.88,98.186,348.9
224.2,100.6,473.87
223.51,103.01,598.85
227.65,223.13,346.51
226.97,225.54,471.48
226.28,227.96,596.46
230.42,348.08,344.12
229.74,350.49,469.09
229.05,352.9,594.07
349.85,95.426,349.64
349.16,97.838,474.62
348.48,100.25,599.59
352.62,220.37,347.25
351.93,222.78,472.22
351.25,225.2,597.2
355.39,345.32,344.86
354.7,347.73,469.83
354.02,350.14,594.81
99.434,101.64,476.36
101.34,101.05,601.35
103.25,100.47,726.34
101.59,226.62,476.92
103.5,226.03,601.9
105.4,225.45,726.89
103.75,351.6,477.47
105.65,351.02,602.46
107.56,350.43,727.45
224.4,99.494,474.45
226.31,98.906,599.43
228.21,98.319,724.42
226.56,224.48,475
228.46,223.89,599.99
230.37,223.3,724.98
228.71,349.46,475.56
230.62,348.87,600.55
232.53,348.28,725.53
349.37,97.347,472.53
351.27,96.759,597.52
353.18,96.171,722.51
351.52,222.33,473.09
353.43,221.74,598.07
355.34,221.15,723.06
353.68,347.31,473.64
355.59,346.72,598.63
357.49,346.13,723.62
100.11,100.54,599.5
99.214,102.16,724.48
98.32,103.78,849.47
97.417,225.5,597.86
96.522,227.12,722.84
95.628,228.74,847.82
94.725,350.45,596.21
93.83,352.08,721.2
92.936,353.7,846.18
225.08,103.24,600.36
224.18,104.86,725.34
223.29,106.49,850.32
222.38,228.2,598.71
221.49,229.82,723.7
220.59,231.45,848.68
219.69,353.16,597.07
218.8,354.78,722.05
217.9,356.4,847.04
350.04,105.94,601.22
349.15,107.57,726.2
348.25,109.19,851.18
347.35,230.9,599.57
346.46,232.52,724.56
345.56,234.15,849.54
344.66,355.86,597.93
343.76,357.48,722.91
342.87,359.11,847.9
100.91,225.01,98.027
104.3,224.75,222.98
107.68,224.49,347.94
102.49,350,98.242
105.87,349.74,223.2
109.26,349.48,348.15
104.06,474.99,98.458
107.45,474.73,223.41
110.83,474.47,348.37
225.86,223.44,94.645
229.24,223.18,219.6
232.63,222.92,344.55
227.43,348.43,94.86
230.82,348.17,219.82
234.2,347.91,344.77
229.01,473.42,95.076
232.39,473.16,220.03
235.78,472.9,344.99
350.8,221.87,91.263
354.19,221.61,216.22
357.57,221.35,341.17
352.38,346.86,91.478
355.76,346.6,216.43
359.15,346.34,341.39
353.95,471.85,91.693
357.34,471.59,216.65
360.72,471.33,341.6
99.614,223.43,223.15
101.3,224.44,348.13
102.99,225.45,473.12
101.61,348.41,222.11
103.3,349.42,347.09
104.98,350.43,472.07
103.6,473.38,221.06
105.29,474.4,346.05
106.98,475.41,471.03
224.58,221.42,221.48
226.27,222.43,346.46
227.96,223.44,471.44
226.58,346.4,220.43
228.27,347.41,345.42
229.95,348.42,470.4
228.57,471.37,219.39
230.26,472.39,344.38
231.95,473.4,469.36
349.56,219.41,219.81
351.24,220.42,344.79
352.93,221.44,469.77
351.55,344.39,218.76
353.24,345.4,343.75
354.92,346.41,468.73
353.55,469.37,217.72
355.23,470.38,342.71
356.92,471.39,467.69
98.055,226.43,349.33
100.15,226.36,474.31
102.25,226.3,599.3
100.1,351.41,349.36
102.19,351.35,474.35
104.29,351.28,599.33
102.14,476.39,349.4
104.24,476.33,474.38
106.33,476.26,599.36
223.02,224.38,347.23
225.12,224.32,472.22
227.21,224.25,597.2
225.06,349.37,347.27
227.16,349.3,472.25
229.26,349.24,597.23
227.11,474.35,347.3
229.2,474.28,472.28
231.3,474.22,597.26
347.99,222.34,345.14
350.08,222.28,470.12
352.18,222.21,595.1
350.03,347.32,345.17
352.13,347.26,470.15
354.22,347.19,595.13
352.07,472.3,345.2
354.17,472.24,470.18
356.26,472.18,595.17
101.96,223.06,475.46
99.243,220.67,600.41
96.528,218.28,725.36
101.14,348.04,477.84
98.427,345.65,602.79
95.712,343.26,727.73
100.32,473.02,480.22
97.61,470.63,605.17
94.896,468.24,730.11
226.92,223.83,478.19
224.21,221.44,603.13
221.49,219.05,728.08
226.11,348.81,480.56
223.39,346.42,605.51
220.68,344.03,730.46
225.29,473.79,482.94
222.58,471.4,607.89
219.86,469,732.84
351.89,224.6,480.91
349.17,222.21,605.86
346.46,219.82,730.81
351.07,349.58,483.29
348.36,347.18,608.24
345.64,344.79,733.19
350.26,474.55,485.67
347.54,472.16,610.62
344.83,469.77,735.57
101.63,224.38,599.19
103.15,226.96,724.15
104.67,229.55,849.11
99.377,349.33,596.63
100.89,351.92,721.59
102.41,354.5,846.56
97.12,474.29,594.07
98.638,476.87,719.04
100.16,479.46,844
226.6,226.6,597.63
228.12,229.19,722.59
229.64,231.77,847.55
224.34,351.56,595.07
225.86,354.14,720.03
227.38,356.73,844.99
222.09,476.51,592.51
223.61,479.1,717.47
225.12,481.68,842.43
351.57,228.82,596.06
353.09,231.41,721.03
354.6,234,845.99
349.31,353.78,593.51
350.83,356.37,718.47
352.35,358.95,843.43
347.05,478.74,590.95
348.57,481.32,715.91
350.09,483.91,840.87
99.487,350.61,100.29
97.487,353.46,225.24
95.488,356.31,350.19
99.797,475.58,97.449
97.797,478.43,222.4
95.798,481.28,347.35
100.11,600.55,94.607
98.108,603.4,219.56
96.108,606.25,344.5
224.47,350.35,102.3
222.47,353.2,227.25
220.47,356.05,352.19
224.78,475.32,99.454
222.78,478.17,224.4
220.78,481.02,349.35
225.09,600.29,96.612
223.09,603.14,221.56
221.09,605.99,346.51
349.45,350.09,104.3
347.45,352.94,229.25
345.45,355.79,354.2
349.76,475.06,101.46
347.76,477.91,226.41
345.76,480.75,351.36
350.07,600.03,98.618
348.07,602.88,223.57
346.07,605.72,348.52
98.928,350.32,224.25
97.46,346.9,349.19
95.992,343.48,474.13
96.211,475.25,227.64
94.743,471.83,352.58
93.275,468.41,477.52
93.494,600.18,231.03
92.026,596.76,355.97
90.558,593.33,480.92
223.89,353,225.79
222.42,349.57,350.74
220.95,346.15,475.68
221.17,477.92,229.19
219.7,474.5,354.13
218.24,471.08,479.07
218.46,602.85,232.58
216.99,599.43,357.52
215.52,596.01,482.46
348.85,355.67,227.34
347.38,352.25,352.29
345.91,348.83,477.23
346.13,480.6,230.73
344.67,477.18,355.68
343.2,473.75,480.62
343.42,605.53,234.12
341.95,602.1,359.07
340.48,598.68,484.01
100.33,350.71,350.29
101.49,347.74,475.25
102.64,344.76,600.21
100.37,475.68,353.27
101.53,472.7,478.23
102.68,469.73,603.19
100.41,600.64,356.25
101.57,597.67,481.2
102.72,594.69,606.16
225.33,350.7,349.14
226.48,347.72,474.1
227.63,344.75,599.05
225.37,475.66,352.11
226.52,472.69,477.07
227.68,469.71,602.03
225.41,600.63,355.09
226.56,597.65,480.05
227.72,594.68,605.01
350.32,350.68,347.98
351.48,347.71,472.94
352.63,344.73,597.9
350.36,475.65,350.96
351.52,472.67,475.92
352.67,469.7,600.87
350.4,600.61,353.93
351.56,597.64,478.89
352.71,594.66,603.85
100.34,349.3,473.48
101.78,349.95,598.47
103.22,350.59,723.46
101.31,474.3,472.83
102.75,474.95,597.82
104.19,475.59,722.81
102.29,599.3,472.18
103.73,599.95,597.17
105.17,600.59,722.16
225.32,348.32,472.05
226.76,348.96,597.04
228.2,349.61,722.03
226.3,473.32,471.4
227.74,473.96,596.39
229.18,474.61,721.38
227.28,598.32,470.75
228.72,598.96,595.74
230.16,599.6,720.73
350.31,347.34,470.62
351.75,347.98,595.61
353.19,348.62,720.6
351.29,472.34,469.97
352.73,472.98,594.96
354.17,473.62,719.95
352.26,597.34,469.32
353.7,597.98,594.31
355.14,598.62,719.3
99.07,350.12,601.19
98.873,348.22,726.18
98.676,346.32,851.16
98.053,475.1,603.09
97.856,473.2,728.08
97.659,471.3,853.06
97.035,600.08,604.99
96.838,598.18,729.98
96.641,596.28,854.96
224.07,351.14,601.4
223.87,349.24,726.38
223.67,347.34,851.37
223.05,476.12,603.3
222.85,474.22,728.28
222.65,472.32,853.27
222.03,601.1,605.2
221.83,599.2,730.18
221.64,597.3,855.17
349.06,352.15,601.6
348.86,350.25,726.59
348.67,348.35,851.58
348.04,477.13,603.5
347.85,475.23,728.49
347.65,473.33,853.48
347.03,602.12,605.4
346.83,600.22,730.39
346.63,598.31,855.38
100.75,473.48,98.468
100.41,476.8,223.42
100.08,480.11,348.38
97.254,598.39,95.142
96.917,601.71,220.1
96.58,605.02,345.05
93.759,723.3,91.816
93.422,726.62,216.77
93.085,729.93,341.73
225.7,476.99,98.714
225.36,480.3,223.67
225.02,483.62,348.63
222.2,601.9,95.388
221.87,605.21,220.34
221.53,608.53,345.3
218.71,726.81,92.062
218.37,730.12,217.02
218.03,733.44,341.97
350.65,480.5,98.961
350.31,483.81,223.92
349.97,487.12,348.87
347.15,605.41,95.635
346.81,608.72,220.59
346.48,612.03,345.55
343.66,730.32,92.309
343.32,733.63,217.26
342.98,736.94,342.22
98.582,475.47,223.74
102.16,477.26,348.67
105.73,479.04,473.61
96.412,600.44,222.02
99.985,602.23,346.95
103.56,604.02,471.89
94.242,725.41,220.3
97.815,727.2,345.23
101.39,728.99,470.17
223.51,477.59,220.14
227.08,479.38,345.07
230.66,481.17,470.01
221.34,602.57,218.42
224.91,604.35,343.35
228.49,606.14,468.29
219.17,727.54,216.7
222.74,729.33,341.63
226.32,731.11,466.57
348.44,479.72,216.54
352.01,481.51,341.47
355.59,483.29,466.41
346.27,604.69,214.82
349.84,606.48,339.75
353.42,608.26,464.69
344.1,729.66,213.1
347.67,731.45,338.03
351.25,733.24,462.97
101.28,474.27,348.09
103.05,477.39,473.04
104.82,480.51,597.99
99.842,599.22,344.99
101.61,602.34,469.94
103.39,605.46,594.89
98.404,724.18,341.89
100.18,727.29,466.84
101.95,730.41,591.79
226.26,475.66,346.28
228.03,478.78,471.23
229.8,481.9,596.18
224.82,600.62,343.18
226.59,603.73,468.13
228.36,606.85,593.08
223.38,725.57,340.08
225.15,728.69,465.03
226.93,731.81,589.98
351.24,477.06,344.47
353.01,480.17,469.42
354.78,483.29,594.37
349.8,602.01,341.37
351.57,605.13,466.32
353.34,608.25,591.27
348.36,726.96,338.27
350.13,730.08,463.22
351.9,733.2,588.17
100.02,473.22,475.2
101.53,471.86,600.19
103.04,470.51,725.17
100.32,598.21,476.56
101.83,596.85,601.54
103.34,595.5,726.53
100.63,723.2,477.91
102.14,721.84,602.9
103.64,720.49,727.88
225.01,472.93,473.69
226.52,471.57,598.68
228.02,470.22,723.66
225.31,597.92,475.05
226.82,596.56,600.03
228.33,595.21,725.01
225.62,722.91,476.4
227.12,721.55,601.39
228.63,720.2,726.37
350,472.63,472.18
351.5,471.28,597.16
353.01,469.93,722.15
350.3,597.62,473.54
351.81,596.27,598.52
353.32,594.92,723.5
350.6,722.61,474.89
352.11,721.26,599.87
353.62,719.91,724.86
101.55,474.6,600.58
103.32,475.88,725.56
105.08,477.16,850.54
98.801,599.57,599.34
100.57,600.84,724.32
102.33,602.12,849.3
96.048,724.53,598.1
97.812,725.81,723.08
99.575,727.08,848.06
226.51,477.34,598.78
228.28,478.62,723.76
230.04,479.89,848.74
223.76,602.3,597.54
225.52,603.58,722.52
227.29,604.86,847.5
221.01,727.27,596.3
222.77,728.54,721.29
224.53,729.82,846.27
351.47,480.07,596.99
353.23,481.35,721.97
355,482.63,846.95
348.72,605.04,595.75
350.48,606.32,720.73
352.25,607.59,845.71
345.96,730,594.51
347.73,731.28,719.49
349.49,732.56,844.47
100.37,600.25,101.73
102.39,600.13,226.71
104.42,600.02,351.7
99.463,725.25,101.86
101.49,725.13,226.85
103.52,725.01,351.83
98.561,850.24,102
100.59,850.12,226.98
102.62,850.01,351.97
225.35,601.15,99.699
227.37,601.04,224.68
229.4,600.92,349.67
224.45,726.15,99.834
226.47,726.03,224.82
228.5,725.91,349.8
223.54,851.14,99.969
225.57,851.03,224.95
227.6,850.91,349.94
350.33,602.06,97.669
352.36,601.94,222.65
354.38,601.82,347.64
349.43,727.05,97.804
351.45,726.93,222.79
353.48,726.82,347.77
348.53,852.05,97.939
350.55,851.93,222.92
352.58,851.81,347.91
100.34,598.34,223.6
97.521,601.66,348.52
94.698,604.98,473.44
99.792,723.3,220.26
96.969,726.62,345.19
94.146,729.93,470.11
99.24,848.25,216.93
96.417,851.57,341.86
93.594,854.89,466.78
225.31,598.98,226.41
222.49,602.3,351.33
219.67,605.61,476.25
224.76,723.93,223.07
221.94,727.25,348
219.11,730.57,472.92
224.21,848.88,219.74
221.38,852.2,344.67
218.56,855.52,469.59
350.28,599.61,229.22
347.46,602.93,354.14
344.63,606.25,479.06
349.73,724.57,225.88
346.9,727.88,350.81
344.08,731.2,475.73
349.17,849.52,222.55
346.35,852.84,347.48
343.53,856.15,472.4
98.495,599.41,351.92
99.29,602.94,476.87
100.09,606.47,601.82
96.777,724.35,348.4
97.572,727.87,473.35
98.367,731.4,598.3
95.059,849.28,344.88
95.854,852.81,469.83
96.649,856.34,594.78
223.48,601.1,351.08
224.28,604.63,476.03
225.07,608.16,600.97
221.76,726.04,347.56
222.56,729.57,472.51
223.35,733.1,597.46
220.04,850.98,344.04
220.84,854.51,468.99
221.63,858.04,593.94
348.47,602.79,350.23
349.26,606.32,475.18
350.06,609.85,600.13
346.75,727.73,346.72
347.54,731.26,471.66
348.34,734.79,596.61
345.03,852.67,343.2
345.82,856.2,468.14
346.62,859.73,593.09
99.966,601.42,473.55
100.65,598.5,598.52
101.34,595.58,723.48
99.314,726.38,476.47
100,723.46,601.44
100.69,720.54,726.4
98.661,851.35,479.4
99.35,848.43,604.36
100.04,845.51,729.32
224.96,602.09,472.88
225.65,599.17,597.84
226.34,596.25,722.81
224.31,727.05,475.8
225,724.13,600.76
225.69,721.21,725.73
223.66,852.01,478.72
224.35,849.09,603.69
225.04,846.17,728.65
349.96,602.75,472.2
350.65,599.83,597.17
351.34,596.91,722.13
349.31,727.71,475.12
350,724.79,600.09
350.69,721.87,725.05
348.66,852.68,478.05
349.35,849.76,603.01
350.03,846.84,727.97
100.07,601.86,599.71
102.44,601,724.68
104.82,600.14,849.65
98.926,726.85,600.59
101.3,726,725.56
103.68,725.14,850.53
97.786,851.85,601.47
100.16,850.99,726.44
102.54,850.13,851.41
225.04,603.02,597.34
227.41,602.17,722.31
229.79,601.31,847.28
223.9,728.02,598.22
226.27,727.16,723.19
228.65,726.3,848.16
222.76,853.01,599.1
225.13,852.15,724.07
227.51,851.29,849.04
350.01,604.19,594.97
352.39,603.33,719.94
354.76,602.47,844.91
348.87,729.18,595.85
351.25,728.32,720.82
353.62,727.46,845.79
347.73,854.17,596.73
350.11,853.32,721.7
352.48,852.46,846.67
223.48,101.08,98.932
221.12,103.57,223.88
218.76,106.07,348.83
226.64,226.01,96.497
224.28,228.51,221.45
221.92,231,346.4
229.8,350.95,94.061
227.44,353.44,219.01
225.08,355.94,343.96
348.42,97.968,101.36
346.06,100.46,226.31
343.7,102.96,351.26
351.58,222.9,98.922
349.22,225.4,223.87
346.86,227.89,348.82
354.74,347.84,96.486
352.38,350.33,221.44
350.02,352.83,346.39
473.36,94.856,103.78
471,97.351,228.73
468.64,99.846,353.68
476.52,219.79,101.35
474.16,222.29,226.3
471.8,224.78,351.25
479.68,344.73,98.911
477.32,347.22,223.86
474.96,349.72,348.81
223.61,100.81,225.75
221.41,103.07,350.71
219.22,105.34,475.67
221.73,225.77,223.45
219.54,228.04,348.41
217.34,230.31,473.37
219.85,350.73,221.14
217.66,353,346.1
215.46,355.27,471.06
348.57,102.72,227.91
346.38,104.98,352.87
344.18,107.25,477.83
346.7,227.68,225.61
344.5,229.95,350.57
342.31,232.22,475.53
344.82,352.64,223.31
342.62,354.91,348.26
340.43,357.18,473.22
473.54,104.63,230.07
471.34,106.9,355.03
469.15,109.16,479.99
471.66,229.59,227.77
469.47,231.86,352.73
467.27,234.13,477.69
469.78,354.56,225.47
467.59,356.82,350.43
465.39,359.09,475.38
223.33,99.191,349.7
223.73,102.24,474.66
224.12,105.28,599.62
223.9,224.15,346.65
224.3,227.2,471.61
224.69,230.24,596.57
224.48,349.11,343.61
224.87,352.16,468.57
225.26,355.2,593.53
348.33,98.606,349.32
348.72,101.65,474.28
349.12,104.7,599.24
348.9,223.57,346.27
349.3,226.61,471.23
349.69,229.66,596.19
349.48,348.53,343.23
349.87,351.57,468.19
350.26,354.62,593.15
473.33,98.021,348.94
473.72,101.07,473.9
474.11,104.11,598.86
473.9,222.98,345.89
474.29,226.03,470.85
474.69,229.07,595.81
474.47,347.94,342.85
474.87,350.99,467.81
475.26,354.03,592.77
223.53,98.694,475.87
221.23,101.83,600.81
218.93,104.97,725.75
220.65,223.62,472.68
218.35,226.76,597.62
216.05,229.89,722.56
217.76,348.54,469.49
215.46,351.68,594.43
213.16,354.82,719.37
348.48,101.64,478.09
346.18,104.77,603.03
343.88,107.91,727.97
345.59,226.56,474.9
343.29,229.7,599.84
340.99,232.84,724.78
342.71,351.48,471.71
340.41,354.62,596.65
338.11,357.76,721.59
473.43,104.58,480.31
471.13,107.72,605.25
468.83,110.85,730.19
470.54,229.5,477.12
468.24,232.64,602.06
465.94,235.78,727
467.65,354.43,473.94
465.35,357.56,598.88
463.05,360.7,723.81
225.45,99.755,600.51
226.86,103.4,725.45
228.26,107.04,850.38
225.52,224.7,596.86
226.93,228.35,721.79
228.34,231.99,846.73
225.59,349.65,593.2
227,353.29,718.14
228.41,356.94,843.08
350.44,99.646,599.11
351.85,103.29,724.04
353.25,106.93,848.98
350.51,224.59,595.46
351.92,228.24,720.39
353.32,231.88,845.33
350.58,349.54,591.8
351.99,353.18,716.74
353.39,356.83,841.67
475.43,99.536,597.71
476.84,103.18,722.64
478.24,106.82,847.58
475.5,224.48,594.05
476.91,228.13,718.99
478.31,231.77,843.92
475.57,349.43,590.4
476.98,353.07,715.34
478.38,356.72,840.27
226.05,226.62,99.922
226.98,225.9,224.92
227.91,225.17,349.91
229.43,351.58,100.63
230.36,350.85,225.62
231.28,350.12,350.62
232.8,476.54,101.34
233.73,475.81,226.33
234.66,475.08,351.32
351.01,223.26,98.973
351.94,222.53,223.97
352.86,221.8,348.96
354.38,348.21,99.681
355.31,347.49,224.67
356.24,346.76,349.67
357.76,473.17,100.39
358.68,472.44,225.38
359.61,471.71,350.37
475.96,219.89,98.024
476.89,219.16,223.02
477.82,218.43,348.01
479.34,344.85,98.732
480.26,344.12,223.72
481.19,343.39,348.72
482.71,469.8,99.439
483.64,469.07,224.43
484.56,468.35,349.43
223.3,223.12,224.95
221.33,220.66,349.91
219.35,218.19,474.86
220.59,348.07,227.37
218.62,345.6,352.33
216.64,343.14,477.28
217.88,473.01,229.79
215.91,470.55,354.74
213.93,468.09,479.7
348.26,225.79,226.99
346.28,223.33,351.94
344.3,220.86,476.9
345.55,350.74,229.4
343.57,348.28,354.36
341.59,345.81,479.32
342.84,475.69,231.82
340.86,473.22,356.78
338.88,470.76,481.74
473.21,228.46,229.02
471.23,226,353.98
469.26,223.54,478.93
470.5,353.41,231.44
468.52,350.95,356.4
466.55,348.48,481.35
467.79,478.36,233.86
465.81,475.89,358.81
463.84,473.43,483.77
224.02,225.93,349.98
225.32,224.65,474.97
226.62,223.37,599.96
222.84,350.91,351.28
224.14,349.63,476.27
225.44,348.35,601.25
221.66,475.9,352.57
222.96,474.62,477.56
224.27,473.34,602.55
349,227.12,348.69
350.31,225.84,473.68
351.61,224.56,598.67
347.83,352.1,349.99
349.13,350.82,474.98
350.43,349.54,599.97
346.65,477.09,351.29
347.95,475.81,476.28
349.25,474.53,601.27
473.99,228.31,347.41
475.3,227.03,472.4
476.6,225.75,597.39
472.82,353.3,348.7
474.12,352.02,473.69
475.42,350.74,598.68
471.64,478.28,350
472.94,477,474.99
474.24,475.72,599.98
225.35,224.4,473.56
225.22,224.91,598.56
225.09,225.42,723.56
227.06,349.38,473.05
226.93,349.9,598.05
226.8,350.41,723.05
228.78,474.37,472.53
228.65,474.88,597.53
228.52,475.39,722.53
350.34,222.69,473.7
350.21,223.2,598.7
350.07,223.71,723.7
352.05,347.67,473.19
351.92,348.18,598.18
351.79,348.69,723.18
353.77,472.66,472.67
353.64,473.17,597.67
353.5,473.68,722.67
475.33,220.97,473.84
475.19,221.48,598.83
475.06,221.99,723.83
477.04,345.96,473.32
476.91,346.47,598.32
476.78,346.98,723.32
478.75,470.94,472.81
478.62,471.45,597.8
478.49,471.96,722.8
223.94,223.04,601.85
227.01,223.97,726.81
230.09,224.91,851.78
222.65,348.03,600.95
225.72,348.96,725.91
228.8,349.9,850.87
221.36,473.02,600.04
224.43,473.95,725.01
227.51,474.89,849.97
348.89,224.3,598.77
351.97,225.24,723.73
355.04,226.17,848.7
347.6,349.3,597.86
350.68,350.23,722.83
353.75,351.16,847.79
346.31,474.29,596.96
349.39,475.22,721.92
352.46,476.15,846.89
473.85,225.57,595.69
476.92,226.51,720.65
480,227.44,845.61
472.56,350.56,594.78
475.63,351.5,719.75
478.71,352.43,844.71
471.27,475.55,593.88
474.34,476.49,718.84
477.42,477.42,843.81
224.68,348.34,100.36
221.53,347.03,225.31
218.37,345.71,350.27
225.23,473.33,101.69
222.08,472.02,226.64
218.92,470.7,351.59
225.78,598.32,103.01
222.63,597.01,227.97
219.47,595.7,352.92
349.64,347.75,103.51
346.49,346.44,228.46
343.33,345.12,353.42
350.19,472.74,104.84
347.04,471.43,229.79
343.88,470.12,354.74
350.74,597.73,106.16
347.58,596.42,231.12
344.43,595.11,356.07
474.6,347.16,106.66
471.45,345.85,231.61
468.29,344.54,356.57
475.15,472.15,107.99
471.99,470.84,232.94
468.84,469.53,357.9
475.7,597.15,109.32
472.54,595.83,234.27
469.39,594.52,359.22
226.97,351.09,226.21
227.61,352.86,351.2
228.25,354.64,476.2
227.37,476.08,224.44
228,477.85,349.43
228.64,479.62,474.43
227.76,601.07,222.67
228.4,602.84,347.66
229.04,604.61,472.66
351.97,350.69,225.58
352.61,352.46,350.57
353.24,354.23,475.57
352.36,475.67,223.81
353,477.45,348.8
353.64,479.22,473.79
352.76,600.66,222.04
353.4,602.43,347.03
354.04,604.21,472.02
476.96,350.28,224.95
477.6,352.06,349.94
478.24,353.83,474.93
477.36,475.27,223.18
478,477.04,348.17
478.64,478.81,473.16
477.76,600.26,221.4
478.39,602.03,346.4
479.03,603.8,471.39
223.82,351.14,349.32
227.34,352.51,474.27
230.86,353.89,599.21
226.84,476.1,347.87
230.36,477.47,472.81
233.88,478.84,597.75
229.87,601.05,346.41
233.38,602.42,471.36
236.9,603.79,596.3
348.74,348.08,345.84
352.25,349.45,470.78
355.77,350.83,595.73
351.76,473.04,344.39
355.28,474.41,469.33
358.79,475.78,594.27
354.78,597.99,342.93
358.3,599.36,467.88
361.82,600.73,592.82
473.65,345.02,342.36
477.17,346.39,467.3
480.68,347.77,592.24
476.67,469.98,340.9
480.19,471.35,465.85
483.71,472.72,590.79
479.7,594.93,339.45
483.21,596.3,464.39
486.73,597.67,589.34
223.5,349.78,473.43
221.4,349.29,598.41
219.3,348.8,723.4
226,474.75,473.97
223.9,474.26,598.95
221.79,473.77,723.93
228.49,599.72,474.51
226.39,599.23,599.49
224.29,598.75,724.47
348.46,347.28,475.53
346.36,346.79,600.51
344.26,346.3,725.49
350.95,472.25,476.06
348.85,471.76,601.04
346.75,471.27,726.02
353.45,597.23,476.6
351.35,596.74,601.58
349.24,596.25,726.56
473.42,344.78,477.62
471.32,344.29,602.6
469.21,343.8,727.58
475.91,469.75,478.15
473.81,469.26,603.14
471.71,468.78,728.12
478.4,594.73,478.69
476.3,594.24,603.67
474.2,593.75,728.65
223.68,351.45,599.2
224.59,353.06,724.18
225.5,354.67,849.17
221.23,476.42,597.6
222.14,478.03,722.59
223.05,479.64,847.58
218.79,601.38,596.01
219.7,602.99,721
220.61,604.6,845.98
348.65,353.88,598.26
349.56,355.49,723.25
350.47,357.1,848.23
346.21,478.85,596.66
347.12,480.46,721.65
348.03,482.07,846.64
343.76,603.81,595.07
344.67,605.42,720.06
345.58,607.03,845.04
473.63,356.31,597.32
474.54,357.92,722.31
475.45,359.53,847.29
471.18,481.28,595.72
472.09,482.89,720.71
473,484.5,845.7
468.74,606.25,594.13
469.65,607.85,719.12
470.56,609.46,844.11
224.49,474.64,98.979
226.61,477.57,223.93
228.74,480.51,348.88
222.33,599.59,96.076
224.46,602.53,221.03
226.58,605.46,345.97
220.17,724.54,93.173
222.3,727.48,218.12
224.43,730.42,343.07
349.45,476.74,96.802
351.58,479.68,221.75
353.7,482.62,346.7
347.3,601.69,93.899
349.42,604.63,218.85
351.55,607.57,343.8
345.14,726.64,90.995
347.27,729.58,215.94
349.39,732.52,340.89
474.42,478.84,94.624
476.54,481.78,219.57
478.67,484.72,344.52
472.26,603.79,91.721
474.39,606.73,216.67
476.51,609.67,341.62
470.1,728.75,88.818
472.23,731.68,213.77
474.36,734.62,338.72
226.15,473.88,224.45
224.98,474.2,349.45
223.8,474.52,474.44
223.73,598.86,224.11
222.56,599.18,349.1
221.38,599.5,474.09
221.32,723.83,223.76
220.14,724.15,348.75
218.96,724.47,473.75
351.12,476.31,225.62
349.95,476.63,350.62
348.77,476.95,475.61
348.71,601.29,225.28
347.53,601.6,350.27
346.35,601.92,475.27
346.29,726.26,224.93
345.11,726.58,349.92
343.94,726.9,474.92
476.1,478.74,226.79
474.92,479.06,351.79
473.75,479.38,476.78
473.68,603.71,226.45
472.5,604.03,351.44
471.33,604.35,476.44
471.26,728.69,226.1
470.08,729.01,351.09
468.91,729.33,476.09
226.28,476.55,351.77
223.51,473.89,476.72
220.75,471.23,601.66
228.98,601.49,354.49
226.22,598.83,479.43
223.45,596.17,604.38
231.69,726.43,357.2
228.92,723.77,482.14
226.15,721.11,607.09
351.22,473.79,354.48
348.45,471.13,479.43
345.68,468.48,604.37
353.92,598.73,357.19
351.15,596.07,482.14
348.39,593.41,607.09
356.62,723.67,359.91
353.86,721.01,484.85
351.09,718.35,609.8
476.15,471.03,357.19
473.38,468.37,482.14
470.62,465.72,607.08
478.85,595.97,359.9
476.09,593.31,484.85
473.32,590.65,609.8
481.56,720.91,362.62
478.79,718.25,487.56
476.02,715.59,612.51
224.49,476.09,475.4
221.7,473.4,600.33
218.92,470.7,725.27
221.43,601.03,478.02
218.65,598.33,602.96
215.86,595.64,727.9
218.37,725.96,480.65
215.59,723.27,605.59
212.8,720.58,730.53
349.42,479.09,478.24
346.64,476.4,603.18
343.86,473.7,728.12
346.36,604.03,480.87
343.58,601.33,605.81
340.8,598.64,730.74
343.31,728.96,483.49
340.52,726.27,608.43
337.74,723.57,733.37
474.36,482.09,481.08
471.57,479.4,606.02
468.79,476.7,730.96
471.3,607.03,483.71
468.51,604.33,608.65
465.73,601.64,733.59
468.24,731.96,486.34
465.46,729.27,611.28
462.67,726.57,736.22
223.98,473.19,599.25
225.32,474.82,724.24
226.66,476.46,849.22
225.84,598.17,597.6
227.18,599.8,722.58
228.52,601.43,847.56
227.7,723.15,595.95
229.04,724.78,720.93
230.38,726.41,845.91
348.96,471.32,597.93
350.3,472.95,722.91
351.64,474.58,847.89
350.82,596.29,596.28
352.16,597.93,721.26
353.5,599.56,846.24
352.67,721.27,594.62
354.02,722.91,719.6
355.36,724.54,844.59
473.93,469.44,596.61
475.28,471.07,721.59
476.62,472.71,846.57
475.79,594.42,594.95
477.13,596.05,719.94
478.48,597.69,844.92
477.65,719.4,593.3
478.99,721.03,718.28
480.33,722.66,843.26
226.3,601.47,101.46
227.15,599.38,226.44
227.99,597.29,351.41
229.71,726.41,103.53
230.56,724.32,228.5
231.4,722.23,353.48
233.12,851.34,105.6
233.97,849.25,230.57
234.82,847.16,355.55
351.25,598.07,100.56
352.1,595.98,225.53
352.94,593.9,350.51
354.66,723.01,102.63
355.51,720.92,227.6
356.35,718.83,352.58
358.07,847.94,104.7
358.92,845.86,229.67
359.77,843.77,354.65
476.2,594.68,99.659
477.05,592.59,224.63
477.89,590.5,349.61
479.61,719.61,101.73
480.46,717.52,226.7
481.3,715.43,351.68
483.02,844.55,103.8
483.87,842.46,228.77
484.72,840.37,353.75
226.41,599.9,223.64
227.93,598.59,348.62
229.45,597.28,473.6
228.54,724.88,224.92
230.06,723.57,349.9
231.59,722.26,474.89
230.68,849.85,226.2
232.2,848.54,351.19
233.72,847.24,476.17
351.37,597.78,222.09
352.9,596.47,347.07
354.42,595.17,472.06
353.51,722.76,223.37
355.03,721.45,348.36
356.56,720.14,473.34
355.65,847.73,224.66
357.17,846.43,349.64
358.69,845.12,474.62
476.34,595.66,220.54
477.87,594.36,345.52
479.39,593.05,470.51
478.48,720.64,221.82
480,719.33,346.81
481.53,718.02,471.79
480.61,845.62,223.11
482.14,844.31,348.09
483.66,843,473.08
225.97,601.04,349.26
229.5,603.8,474.19
233.03,606.56,599.11
222.9,725.98,346.6
226.43,728.74,471.52
229.96,731.5,596.44
219.83,850.92,343.93
223.36,853.68,468.85
226.89,856.43,593.77
350.88,604.03,345.67
354.41,606.79,470.59
357.94,609.55,595.52
347.81,728.97,343.01
351.34,731.73,467.93
354.87,734.49,592.85
344.74,853.91,340.34
348.27,856.67,465.26
351.8,859.43,590.18
475.8,607.03,342.08
479.33,609.79,467
482.86,612.54,591.92
472.73,731.97,339.41
476.26,734.72,464.34
479.79,737.48,589.26
469.66,856.9,336.75
473.19,859.66,461.67
476.72,862.42,586.59
223.24,598.57,474.36
220.34,596.02,599.3
217.43,593.48,724.24
226.01,723.51,476.97
223.1,720.96,601.91
220.2,718.42,726.85
228.78,848.45,479.58
225.87,845.91,604.52
222.97,843.36,729.46
348.18,595.74,477.21
345.28,593.2,602.15
342.37,590.65,727.09
350.95,720.69,479.82
348.05,718.14,604.76
345.14,715.59,729.69
353.72,845.63,482.43
350.81,843.08,607.37
347.91,840.53,732.3
473.12,592.92,480.05
470.22,590.37,604.99
467.31,587.83,729.93
475.89,717.86,482.66
472.99,715.31,607.6
470.08,712.77,732.54
478.66,842.8,485.27
475.75,840.25,610.21
472.85,837.71,735.15
224.71,599.37,600.05
224.53,601.3,725.04
224.35,603.24,850.03
222.5,724.33,598.11
222.32,726.27,723.1
222.13,728.21,848.09
220.28,849.3,596.17
220.1,851.24,721.16
219.92,853.18,846.15
349.69,601.59,600.2
349.51,603.53,725.19
349.33,605.46,850.18
347.48,726.55,598.26
347.3,728.49,723.25
347.11,730.43,848.24
345.26,851.52,596.32
345.08,853.46,721.31
344.9,855.4,846.3
474.68,603.81,600.35
474.49,605.75,725.34
474.31,607.69,850.33
472.46,728.78,598.41
472.28,730.72,723.4
472.1,732.65,848.39
470.24,853.74,596.47
470.06,855.68,721.46
469.88,857.62,846.45
349.94,99.564,100.9
347.84,100.41,225.87
345.73,101.27,350.85
348.7,224.55,100.02
346.6,225.41,225
344.5,226.26,349.98
347.47,349.55,99.15
345.37,350.4,224.13
343.26,351.25,349.11
474.92,100.81,102.99
472.81,101.66,227.97
470.71,102.52,352.95
473.68,225.81,102.12
471.58,226.66,227.09
469.48,227.51,352.07
472.45,350.8,101.24
470.34,351.65,226.22
468.24,352.5,351.2
599.89,102.06,105.08
597.79,102.91,230.06
595.69,103.77,355.04
598.66,227.06,104.21
596.56,227.91,229.19
594.46,228.76,354.17
597.42,352.05,103.34
595.32,352.9,228.32
593.22,353.75,353.29
351.41,100.37,223.78
351.76,100.43,348.78
352.12,100.5,473.77
351.04,225.37,223.72
351.39,225.43,348.72
351.75,225.5,473.71
350.67,350.37,223.66
351.02,350.43,348.66
351.38,350.5,473.65
476.4,100.74,223.42
476.76,100.8,348.41
477.12,100.87,473.41
476.03,225.74,223.36
476.39,225.8,348.35
476.75,225.87,473.35
475.66,350.74,223.3
476.02,350.8,348.29
476.38,350.87,473.29
601.4,101.11,223.05
601.76,101.17,348.05
602.11,101.24,473.05
601.03,226.11,222.99
601.39,226.17,347.99
601.74,226.24,472.99
600.66,351.11,222.93
601.02,351.17,347.93
601.37,351.24,472.93
348.85,100.99,350.23
347.93,101.76,475.23
347.01,102.53,600.22
352.41,225.94,349.49
351.49,226.71,474.48
350.56,227.48,599.48
355.96,350.89,348.75
355.04,351.66,473.74
354.12,352.43,598.74
473.8,97.448,351.18
472.87,98.218,476.17
471.95,98.989,601.17
477.35,222.4,350.44
476.43,223.17,475.43
475.51,223.94,600.42
480.91,347.34,349.69
479.99,348.11,474.69
479.06,348.88,599.68
598.74,93.901,352.12
597.82,94.672,477.12
596.9,95.442,602.11
602.3,218.85,351.38
601.37,219.62,476.37
600.45,220.39,601.37
605.85,343.8,350.64
604.93,344.57,475.63
604.01,345.34,600.63
350.86,101.94,474.97
353.34,102.39,599.94
355.81,102.85,724.91
352.62,226.93,474.48
355.1,227.38,599.45
357.57,227.84,724.43
354.38,351.92,474
356.86,352.37,598.97
359.34,352.83,723.94
475.83,100.17,472.51
478.3,100.63,597.48
480.78,101.08,722.45
477.59,225.16,472.02
480.06,225.62,596.99
482.54,226.07,721.96
479.35,350.15,471.53
481.83,350.6,596.5
484.3,351.06,721.47
600.79,98.402,470.04
603.27,98.858,595.01
605.75,99.314,719.99
602.55,223.39,469.55
605.03,223.85,594.53
607.51,224.3,719.5
604.32,348.38,469.07
606.79,348.84,594.04
609.27,349.29,719.01
349.1,99.43,599.28
348.55,101.47,724.27
348,103.52,849.25
352.79,224.36,597.26
352.24,226.4,722.24
351.69,228.44,847.22
356.48,349.28,595.23
355.93,351.32,720.21
355.38,353.37,845.2
474.04,95.746,599.89
473.49,97.789,724.88
472.94,99.832,849.86
477.74,220.67,597.87
477.19,222.71,722.85
476.64,224.76,847.84
481.43,345.6,595.84
480.88,347.64,720.83
480.33,349.68,845.81
598.99,92.063,600.5
598.44,94.105,725.49
597.89,96.148,850.47
602.68,216.99,598.48
602.13,219.03,723.46
601.58,221.07,848.45
606.38,341.91,596.45
605.83,343.96,721.44
605.28,346,846.42
350.37,224.24,101.39
348.22,222.78,226.36
346.06,221.32,351.33
348.09,349.21,102.81
345.93,347.75,227.78
343.78,346.28,352.75
345.8,474.18,104.24
343.64,472.72,229.21
341.49,471.25,354.18
475.33,226.5,103.57
473.18,225.04,228.54
471.02,223.58,353.51
473.05,351.47,104.99
470.89,350.01,229.96
468.74,348.55,354.93
470.76,476.44,106.42
468.6,474.98,231.39
466.45,473.52,356.36
600.29,228.77,105.75
598.14,227.3,230.72
595.99,225.84,355.69
598.01,353.74,107.17
595.85,352.27,232.14
593.7,350.81,357.11
595.72,478.7,108.6
593.57,477.24,233.57
591.41,475.78,358.54
348.13,223.15,225.37
347.07,223.51,350.37
346.01,223.87,475.36
344.44,348.09,224.98
343.38,348.45,349.98
342.32,348.81,474.97
340.74,473.04,224.59
339.69,473.4,349.59
338.63,473.76,474.58
473.07,226.85,226.41
472.01,227.21,351.41
470.95,227.56,476.41
469.37,351.79,226.02
468.31,352.15,351.02
467.26,352.51,476.02
465.68,476.74,225.63
464.62,477.1,350.63
463.56,477.45,475.63
598,230.54,227.46
596.94,230.9,352.46
595.88,231.26,477.46
594.31,355.49,227.07
593.25,355.85,352.07
592.19,356.21,477.07
590.62,480.43,226.68
589.56,480.79,351.68
588.5,481.15,476.68
348.24,225,351.62
345.34,226.33,476.58
342.44,227.66,601.54
344.88,349.95,350.21
341.98,351.28,475.17
339.08,352.61,600.13
341.52,474.89,348.8
338.62,476.22,473.76
335.72,477.55,598.72
473.16,228.39,354.48
470.26,229.72,479.44
467.36,231.06,604.4
469.8,353.34,353.07
466.9,354.67,478.03
464,356,602.99
466.44,478.28,351.66
463.54,479.61,476.62
460.64,480.94,601.58
598.08,231.79,357.33
595.18,233.12,482.29
592.28,234.45,607.25
594.72,356.73,355.92
591.82,358.06,480.88
588.92,359.39,605.84
591.36,481.67,354.52
588.46,483,479.47
585.57,484.33,604.43
350.17,224.59,475.46
350.51,227.19,600.42
350.85,229.8,725.39
350.88,349.56,472.84
351.22,352.16,597.81
351.56,354.77,722.78
351.6,474.53,470.23
351.94,477.14,595.2
352.28,479.74,720.17
475.17,223.87,475.13
475.51,226.48,600.1
475.85,229.08,725.06
475.88,348.84,472.51
476.22,351.45,597.48
476.56,354.05,722.45
476.59,473.81,469.9
476.93,476.42,594.87
477.27,479.02,719.84
600.17,223.15,474.8
600.51,225.76,599.77
600.85,228.36,724.73
600.88,348.12,472.19
601.22,350.73,597.15
601.56,353.34,722.12
601.59,473.09,469.57
601.93,475.7,594.54
602.27,478.31,719.51
351.18,226.27,598.46
352.75,226.36,723.45
354.31,226.45,848.44
348.84,351.25,598.4
350.4,351.34,723.39
351.96,351.43,848.38
346.49,476.22,598.33
348.05,476.31,723.33
349.62,476.4,848.32
476.16,228.62,596.89
477.72,228.71,721.88
479.28,228.8,846.87
473.81,353.6,596.83
475.37,353.69,721.82
476.94,353.78,846.81
471.46,478.57,596.77
473.02,478.66,721.76
474.59,478.75,846.75
601.13,230.97,595.32
602.69,231.06,720.31
604.26,231.15,845.3
598.78,355.95,595.26
600.34,356.04,720.25
601.91,356.13,845.24
596.43,480.92,595.2
597.99,481.01,720.19
599.56,481.1,845.18
351.06,349.3,100.19
349.66,350.49,225.17
348.25,351.68,350.16
352.75,474.28,99.019
351.35,475.47,224.01
349.95,476.66,348.99
354.44,599.27,97.85
353.04,600.46,222.84
351.64,601.65,347.82
476.04,347.62,101.61
474.64,348.81,226.59
473.23,350,351.58
477.73,472.6,100.44
476.33,473.79,225.42
474.93,474.98,350.41
479.42,597.59,99.268
478.02,598.78,224.25
476.62,599.97,349.24
601.02,345.94,103.03
599.62,347.13,228.01
598.21,348.32,353
602.71,470.93,101.86
601.31,472.12,226.84
599.91,473.3,351.83
604.4,595.91,100.69
603,597.1,225.67
601.6,598.29,350.66
350.84,349.33,224.19
354.24,346.57,349.11
357.64,343.81,474.04
347.21,474.24,227.05
350.61,471.48,351.97
354.01,468.72,476.9
343.59,599.15,229.91
346.99,596.4,354.83
350.39,593.64,479.76
475.74,353.02,220.87
479.14,350.27,345.79
482.54,347.51,470.72
472.12,477.94,223.73
475.51,475.18,348.65
478.91,472.42,473.58
468.49,602.85,226.59
471.89,600.09,351.51
475.29,597.34,476.44
600.64,356.72,217.55
604.04,353.96,342.47
607.44,351.2,467.4
597.02,481.64,220.41
600.42,478.88,345.33
603.81,476.12,470.26
593.39,606.55,223.27
596.79,603.79,348.19
600.19,601.03,473.12
350.3,348.07,351.63
348.64,347.85,476.61
346.98,347.62,601.6
351.51,473.07,351.87
349.85,472.84,476.86
348.2,472.61,601.84
352.72,598.07,352.11
351.07,597.84,477.1
349.41,597.61,602.08
475.28,346.86,353.29
473.62,346.63,478.27
471.97,346.4,603.26
476.49,471.86,353.53
474.84,471.63,478.51
473.18,471.4,603.5
477.71,596.86,353.77
476.05,596.63,478.76
474.39,596.4,603.74
600.26,345.65,354.94
598.61,345.42,479.93
596.95,345.19,604.92
601.48,470.65,355.19
599.82,470.42,480.17
598.16,470.19,605.16
602.69,595.64,355.43
601.03,595.42,480.41
599.37,595.19,605.4
351.61,349.51,476.6
354.71,351.06,601.55
357.82,352.61,726.5
352.88,474.49,475.02
355.99,476.04,599.97
359.09,477.59,724.92
354.15,599.47,473.44
357.26,601.02,598.39
360.36,602.57,723.34
476.57,348.2,473.52
479.67,349.75,598.47
482.77,351.3,723.42
477.84,473.18,471.94
480.94,474.73,596.89
484.04,476.28,721.84
479.11,598.16,470.36
482.21,599.71,595.31
485.31,601.26,720.26
601.53,346.89,470.43
604.63,348.44,595.38
607.73,349.99,720.33
602.8,471.87,468.85
605.9,473.42,593.8
609,474.97,718.75
604.07,596.85,467.27
607.17,598.4,592.22
610.27,599.95,717.17
350.6,351.73,599.37
352.86,349.37,724.33
355.12,347.01,849.28
353.04,476.69,601.68
355.3,474.33,726.64
357.56,471.97,851.6
355.48,601.64,604
357.74,599.28,728.96
359.99,596.92,853.91
475.56,349.34,597.07
477.82,346.98,722.02
480.07,344.61,846.98
478,474.29,599.38
480.25,471.93,724.34
482.51,469.57,849.3
480.44,599.25,601.7
482.69,596.89,726.65
484.95,594.53,851.61
600.52,346.94,594.76
602.77,344.58,719.72
605.03,342.22,844.68
602.95,471.9,597.08
605.21,469.54,722.04
607.47,467.18,847
605.39,596.85,599.39
607.65,594.49,724.35
609.91,592.13,849.31
350.04,476.9,100.66
352.32,473.89,225.6
354.61,470.89,350.55
347.63,601.84,103.71
349.91,598.83,228.65
352.19,595.83,353.6
345.22,726.77,106.75
347.5,723.77,231.7
349.78,720.76,356.64
475,479.36,98.438
477.28,476.36,223.38
479.56,473.35,348.33
472.58,604.3,101.48
474.86,601.3,226.43
477.14,598.29,351.37
470.17,729.24,104.53
472.45,726.24,229.47
474.73,723.23,354.42
599.95,481.83,96.216
602.23,478.83,221.16
604.51,475.82,346.1
597.53,606.77,99.262
599.82,603.76,224.21
602.1,600.76,349.15
595.12,731.71,102.31
597.4,728.7,227.25
599.68,725.7,352.2
349.8,475.5,224.71
346.61,472.01,349.62
343.42,468.53,474.52
351.32,600.44,228.23
348.13,596.95,353.14
344.94,593.47,478.05
352.83,725.38,231.75
349.64,721.89,356.66
346.45,718.41,481.57
474.76,473.9,227.86
471.57,470.41,352.77
468.38,466.93,477.68
476.27,598.84,231.38
473.08,595.35,356.29
469.89,591.87,481.2
477.79,723.78,234.91
474.6,720.29,359.81
471.41,716.81,484.72
599.71,472.3,231.01
596.52,468.81,355.92
593.33,465.33,480.83
601.23,597.24,234.53
598.04,593.75,359.44
594.84,590.27,484.35
602.74,722.18,238.06
599.55,718.69,362.97
596.36,715.21,487.87
351.04,473.52,350.79
353.16,477.02,475.73
355.27,480.51,600.66
350.87,598.47,347.3
352.99,601.97,472.23
355.1,605.46,597.17
350.7,723.42,343.8
352.82,726.92,468.74
354.93,730.41,593.67
476.02,473.63,348.67
478.14,477.13,473.61
480.25,480.63,598.54
475.85,598.58,345.18
477.97,602.08,470.11
480.08,605.58,595.05
475.68,723.53,341.69
477.8,727.03,466.62
479.91,730.53,591.55
601,473.74,346.56
603.12,477.24,471.49
605.23,480.74,596.42
600.83,598.69,343.06
602.95,602.19,467.99
605.07,605.69,592.93
600.66,723.64,339.57
602.78,727.14,464.5
604.9,730.64,589.43
351.57,475.99,476.4
348.97,474,601.36
346.38,472.01,726.32
353.82,600.96,478.44
351.22,598.97,603.39
348.62,596.98,728.35
356.07,725.92,480.47
353.47,723.93,605.43
350.87,721.94,730.38
476.53,473.7,478.97
473.93,471.71,603.93
471.33,469.72,728.88
478.77,598.67,481
476.18,596.68,605.96
473.58,594.69,730.92
481.02,723.63,483.04
478.42,721.64,607.99
475.82,719.65,732.95
601.48,471.42,481.54
598.88,469.43,606.5
596.28,467.44,731.45
603.73,596.38,483.57
601.13,594.39,608.53
598.53,592.4,733.49
605.97,721.34,485.61
603.38,719.35,610.56
600.78,717.36,735.52
348.37,476.75,601.15
349.88,473.49,726.1
351.4,470.23,851.05
344.8,601.65,604.46
346.32,598.39,729.4
347.83,595.13,854.35
341.24,726.56,607.76
342.75,723.3,732.71
344.27,720.04,857.66
473.31,480.35,599.73
474.82,477.09,724.68
476.34,473.83,849.63
469.74,605.26,603.03
471.26,602,727.98
472.77,598.74,852.93
466.18,730.16,606.33
467.69,726.9,731.28
469.2,723.64,856.23
598.25,483.95,598.31
599.76,480.7,723.26
601.27,477.44,848.21
594.68,608.86,601.61
596.2,605.6,726.56
597.71,602.34,851.51
591.12,733.77,604.91
592.63,730.51,729.86
594.14,727.25,854.81
350.45,600.5,100.25
351.54,599.44,225.24
352.63,598.38,350.23
352.58,725.48,101.3
353.68,724.42,226.29
354.77,723.36,351.27
354.72,850.46,102.34
355.81,849.4,227.33
356.91,848.34,352.32
475.42,598.37,99.144
476.52,597.31,224.13
477.61,596.25,349.12
477.56,723.35,100.19
478.65,722.29,225.18
479.75,721.23,350.16
479.7,848.33,101.23
480.79,847.27,226.22
481.88,846.21,351.21
600.4,596.24,98.035
601.49,595.18,223.02
602.59,594.12,348.01
602.54,721.22,99.078
603.63,720.16,224.07
604.72,719.1,349.05
604.68,846.2,100.12
605.77,845.14,225.11
606.86,844.08,350.1
350.95,598.66,225.31
349.11,596.78,350.29
347.26,594.91,475.26
352.56,723.63,227.21
350.71,721.76,352.19
348.87,719.89,477.16
354.17,848.61,229.11
352.32,846.74,354.08
350.48,844.87,479.06
475.92,597.02,227.13
474.08,595.14,352.11
472.24,593.27,477.08
477.53,721.99,229.03
475.69,720.12,354.01
473.85,718.25,478.98
479.14,846.97,230.93
477.3,845.1,355.9
475.46,843.23,480.88
600.9,595.37,228.95
599.06,593.5,353.93
597.21,591.63,478.9
602.51,720.35,230.85
600.67,718.48,355.82
598.82,716.61,480.8
604.12,845.33,232.75
602.27,843.46,357.72
600.43,841.59,482.7
351.89,600.02,350.19
355.38,601.55,475.14
358.87,603.07,600.08
354.56,724.98,348.59
358.05,726.51,473.54
361.54,728.03,598.48
357.23,849.94,347
360.72,851.46,471.94
364.21,852.99,596.89
476.82,597.31,346.74
480.31,598.84,471.68
483.8,600.36,596.63
479.49,722.27,345.14
482.98,723.79,470.09
486.47,725.32,595.03
482.16,847.23,343.54
485.65,848.75,468.49
489.14,850.28,593.44
601.74,594.6,343.28
605.23,596.13,468.23
608.72,597.65,593.18
604.41,719.56,341.69
607.9,721.08,466.63
611.39,722.61,591.58
607.08,844.52,340.09
610.57,846.04,465.04
614.06,847.57,589.98
350.79,601.27,474.84
354.44,602.67,599.78
358.08,604.07,724.72
349.1,726.25,473.49
352.74,727.64,598.43
356.38,729.04,723.37
347.4,851.22,472.14
351.04,852.62,597.08
354.68,854.02,722.02
475.73,602.93,471.18
479.37,604.33,596.11
483.01,605.73,721.05
474.03,727.91,469.83
477.67,729.3,594.76
481.31,730.7,719.7
472.33,852.88,468.48
475.97,854.28,593.41
479.62,855.68,718.35
600.66,604.59,467.51
604.3,605.99,592.45
607.94,607.39,717.39
598.96,729.57,466.16
602.6,730.96,591.1
606.25,732.36,716.04
597.26,854.54,464.81
600.91,855.94,589.75
604.55,857.34,714.69
348.74,600.88,600.29
347.31,603.79,725.24
345.88,606.7,850.2
350.01,725.83,597.38
348.58,728.75,722.34
347.16,731.66,847.3
351.29,850.79,594.48
349.86,853.7,719.44
348.43,856.62,844.4
473.73,599.63,601.74
472.3,602.55,726.7
470.87,605.46,851.66
475,724.59,598.84
473.57,727.5,723.8
472.14,730.42,848.76
476.28,849.55,595.94
474.85,852.46,720.89
473.42,855.37,845.85
598.71,598.39,603.2
597.29,601.3,728.16
595.86,604.22,853.11
599.99,723.35,600.3
598.56,726.26,725.25
597.13,729.17,850.21
601.26,848.3,597.39
599.84,851.22,722.35
598.41,854.13,847.31
476.9,101.05,99.268
477.55,101.06,224.26
478.19,101.07,349.26
478.71,226.04,99.248
479.36,226.05,224.24
480,226.06,349.24
480.53,351.03,99.228
481.17,351.04,224.22
481.81,351.05,349.22
601.89,99.232,98.623
602.53,99.243,223.62
603.18,99.254,348.61
603.7,224.22,98.603
604.35,224.23,223.6
604.99,224.24,348.6
605.51,349.21,98.583
606.16,349.22,223.58
606.8,349.23,348.58
726.88,97.416,97.977
727.52,97.427,222.97
728.16,97.438,347.97
728.69,222.4,97.958
729.33,222.42,222.95
729.98,222.43,347.95
730.5,347.39,97.938
731.14,347.4,222.93
731.79,347.42,347.93
474.39,98.167,223.38
477.64,94.922,348.29
480.88,91.677,473.21
477.3,223.09,226.55
480.55,219.85,351.46
483.8,216.6,476.38
480.21,348.01,229.72
483.46,344.77,354.63
486.71,341.53,479.55
599.31,95.334,220.05
602.56,92.089,344.97
605.81,88.844,469.88
602.23,220.26,223.22
605.47,217.01,348.14
608.72,213.77,473.05
605.14,345.18,226.39
608.39,341.94,351.31
611.63,338.69,476.22
724.24,92.501,216.73
727.49,89.256,341.64
730.73,86.011,466.56
727.15,217.42,219.9
730.4,214.18,344.81
733.65,210.94,469.73
730.07,342.35,223.07
733.31,339.1,347.98
736.56,335.86,472.9
473.43,98.894,351.73
471.51,95.945,476.68
469.6,92.996,601.63
471.2,223.84,354.65
469.28,220.89,479.6
467.37,217.94,604.55
468.97,348.78,357.57
467.05,345.83,482.52
465.14,342.89,607.47
598.39,101.08,353.69
596.48,98.13,478.64
594.56,95.181,603.59
596.16,226.02,356.61
594.25,223.07,481.56
592.33,220.13,606.51
593.93,350.97,359.53
592.02,348.02,484.48
590.1,345.07,609.43
723.36,103.26,355.66
721.44,100.31,480.61
719.53,97.365,605.56
721.13,228.21,358.58
719.21,225.26,483.53
717.3,222.31,608.48
718.9,353.15,361.49
716.99,350.2,486.45
715.07,347.25,611.4
476.62,99.456,474.85
475.31,96.878,599.82
474,94.3,724.79
477.82,224.43,477.44
476.51,221.85,602.41
475.2,219.27,727.38
479.02,349.4,480.04
477.71,346.82,605.01
476.4,344.24,729.97
601.6,98.229,476.13
600.29,95.651,601.1
598.98,93.074,726.07
602.8,223.2,478.73
601.49,220.62,603.7
600.19,218.04,728.66
604,348.17,481.32
602.7,345.59,606.29
601.39,343.01,731.26
726.59,97.003,477.42
725.28,94.425,602.38
723.97,91.847,727.35
727.79,221.97,480.01
726.48,219.4,604.98
725.17,216.82,729.95
728.99,346.94,482.6
727.68,344.37,607.57
726.37,341.79,732.54
476.75,100.59,599.44
476.27,98.35,724.41
475.79,96.113,849.39
475.26,225.56,601.67
474.78,223.32,726.64
474.3,221.08,851.62
473.77,350.53,603.9
473.29,348.29,728.87
472.81,346.05,853.85
601.74,102.07,599.95
601.26,99.829,724.92
600.78,97.592,849.9
600.25,227.04,602.18
599.77,224.8,727.15
599.29,222.56,852.13
598.76,352.01,604.41
598.28,349.77,729.38
597.8,347.53,854.36
726.73,103.55,600.46
726.24,101.31,725.43
725.76,99.071,850.41
725.24,228.52,602.69
724.76,226.28,727.66
724.28,224.04,852.64
723.75,353.49,604.92
723.27,351.25,729.9
722.79,349.01,854.87
476.41,224.54,100.88
473.6,227.61,225.81
470.79,230.68,350.74
473.91,349.47,97.75
471.1,352.55,222.68
468.29,355.62,347.61
471.41,474.41,94.62
468.6,477.49,219.55
465.79,480.56,344.48
601.35,227.1,103.63
598.54,230.18,228.56
595.73,233.25,353.49
598.85,352.04,100.5
596.04,355.11,225.43
593.23,358.19,350.36
596.35,476.98,97.368
593.54,480.05,222.3
590.73,483.13,347.23
726.29,229.67,106.38
723.48,232.74,231.31
720.67,235.82,356.24
723.79,354.61,103.25
720.98,357.68,228.18
718.17,360.76,353.11
721.29,479.55,100.12
718.48,482.62,225.05
715.67,485.69,349.98
476.61,225.83,226.94
475.82,223.67,351.93
475.03,221.5,476.91
475.07,350.8,229.11
474.28,348.64,354.09
473.49,346.47,479.07
473.53,475.77,231.27
472.74,473.61,356.25
471.95,471.44,481.24
601.59,227.36,227.76
600.8,225.19,352.74
600.01,223.03,477.72
600.06,352.33,229.92
599.26,350.16,354.9
598.47,348,479.89
598.52,477.3,232.09
597.73,475.13,357.07
596.93,472.97,482.05
726.58,228.88,228.57
725.79,226.72,353.56
725,224.55,478.54
725.04,353.86,230.74
724.25,351.69,355.72
723.46,349.52,480.7
723.5,478.83,232.9
722.71,476.66,357.88
721.92,474.49,482.87
474.25,226.11,350.11
477.82,228.35,475.04
481.4,230.59,599.97
476.83,351.07,347.79
480.41,353.31,472.72
483.98,355.55,597.65
479.42,476.02,345.48
483,478.26,470.41
486.57,480.5,595.34
599.17,223.46,346.58
602.75,225.7,471.51
606.32,227.95,596.44
601.76,348.42,344.26
605.33,350.66,469.19
608.91,352.9,594.12
604.34,473.37,341.95
607.92,475.61,466.88
611.49,477.85,591.81
724.09,220.82,343.05
727.67,223.06,467.98
731.24,225.3,592.91
726.68,345.77,340.74
730.25,348.01,465.67
733.83,350.25,590.6
729.26,470.72,338.42
732.84,472.96,463.35
736.41,475.21,588.28
475.46,226.42,473.8
475.95,222.91,598.75
476.44,219.4,723.7
477.09,351.36,477.3
477.59,347.85,602.25
478.08,344.34,727.2
478.73,476.3,480.8
479.22,472.79,605.75
479.71,469.28,730.7
600.45,224.8,473.26
600.94,221.29,598.21
601.43,217.78,723.16
602.08,349.75,476.76
602.57,346.23,601.71
603.06,342.72,726.66
603.71,474.69,480.26
604.21,471.18,605.21
604.7,467.67,730.16
725.43,223.19,472.72
725.93,219.68,597.67
726.42,216.17,722.62
727.07,348.13,476.22
727.56,344.62,601.17
728.05,341.11,726.12
728.7,473.07,479.72
729.19,469.56,604.67
729.69,466.05,729.62
475.48,225.81,600.93
477.53,225.18,725.91
479.57,224.56,850.89
473.56,350.79,601.58
475.61,350.17,726.57
477.66,349.54,851.55
471.64,475.77,602.24
473.69,475.15,727.22
475.74,474.52,852.2
600.45,227.74,598.89
602.49,227.12,723.88
604.54,226.49,848.86
598.53,352.72,599.55
600.58,352.1,724.53
602.62,351.47,849.51
596.61,477.7,600.2
598.66,477.08,725.19
600.7,476.46,850.17
725.41,229.67,596.86
727.46,229.05,721.84
729.51,228.42,846.82
723.5,354.65,597.51
725.54,354.03,722.5
727.59,353.41,847.48
721.58,479.64,598.17
723.62,479.01,723.15
725.67,478.39,848.13
473.44,348.23,99.774
471.2,350.3,224.74
468.96,352.38,349.71
474.53,473.2,97.715
472.29,475.28,222.68
470.05,477.35,347.65
475.62,598.18,95.657
473.38,600.25,220.62
471.14,602.33,345.59
598.42,347.18,102.03
596.17,349.25,226.99
593.93,351.33,351.96
599.51,472.15,99.97
597.26,474.23,224.94
595.02,476.3,349.9
600.59,597.13,97.912
598.35,599.2,222.88
596.11,601.28,347.84
723.39,346.13,104.28
721.15,348.2,229.25
718.9,350.28,354.22
724.48,471.1,102.23
722.24,473.18,227.19
719.99,475.25,352.16
725.57,596.08,100.17
723.32,598.15,225.13
721.08,600.23,350.1
473.01,348.58,225.91
475.38,350.79,350.87
477.75,353,475.83
473.42,473.55,223.69
475.79,475.77,348.65
478.16,477.98,473.61
473.82,598.53,221.47
476.19,600.74,346.43
478.56,602.95,471.39
597.99,348.13,223.55
600.36,350.34,348.51
602.73,352.55,473.47
598.4,473.1,221.33
600.76,475.32,346.29
603.13,477.53,471.25
598.8,598.08,219.11
601.17,600.29,344.07
603.54,602.5,469.03
722.97,347.68,221.19
725.33,349.89,346.15
727.7,352.1,471.11
723.37,472.65,218.98
725.74,474.87,343.93
728.11,477.08,468.89
723.78,597.63,216.76
726.15,599.84,341.71
728.52,602.06,466.67
476.96,348.43,351.05
474.2,349.66,476.01
471.44,350.88,600.98
479.31,473.41,349.87
476.55,474.63,474.84
473.79,475.86,599.81
481.66,598.38,348.7
478.9,599.61,473.67
476.14,600.83,598.64
601.91,346.12,353.83
599.15,347.34,478.79
596.39,348.56,603.76
604.26,471.09,352.65
601.5,472.31,477.62
598.74,473.54,602.59
606.61,596.07,351.48
603.85,597.29,476.45
601.08,598.51,601.41
726.86,343.8,356.6
724.1,345.02,481.57
721.34,346.24,606.54
729.21,468.77,355.43
726.45,470,480.4
723.69,471.22,605.37
731.56,593.75,354.26
728.79,594.97,479.23
726.03,596.19,604.19
475.14,349.63,474.42
476.66,350.55,599.4
478.18,351.47,724.39
477.78,474.6,473.46
479.3,475.52,598.45
480.82,476.44,723.44
480.41,599.57,472.51
481.93,600.49,597.49
483.45,601.41,722.48
600.1,346.98,472.92
601.62,347.9,597.9
603.14,348.82,722.89
602.74,471.94,471.96
604.26,472.86,596.95
605.78,473.78,721.93
605.37,596.91,471.01
606.89,597.83,595.99
608.41,598.75,720.98
725.06,344.32,471.41
726.58,345.24,596.4
728.1,346.16,721.39
727.7,469.29,470.46
729.22,470.21,595.45
730.74,471.13,720.43
730.33,594.26,469.51
731.85,595.18,594.49
733.37,596.1,719.48
476.39,351.62,601.46
479.97,350.3,726.4
483.55,348.98,851.35
478.03,476.6,602.73
481.62,475.28,727.68
485.2,473.97,852.62
479.68,601.59,604
483.27,600.27,728.95
486.85,598.95,853.89
601.33,350.01,597.86
604.91,348.69,722.8
608.49,347.37,847.75
602.97,475,599.13
606.56,473.68,724.08
610.14,472.36,849.02
604.62,599.98,600.4
608.2,598.66,725.35
611.79,597.34,850.29
726.26,348.4,594.26
729.85,347.09,719.2
733.43,345.77,844.15
727.91,473.39,595.53
731.5,472.07,720.48
735.08,470.75,845.42
729.56,598.37,596.8
733.14,597.06,721.75
736.73,595.74,846.69
475.37,473.84,101.12
476.45,474.17,226.12
477.53,474.5,351.11
478.04,598.81,100.77
479.12,599.14,225.77
480.2,599.47,350.77
480.7,723.78,100.43
481.78,724.11,225.42
482.86,724.43,350.42
600.34,471.18,100.05
601.42,471.5,225.05
602.5,471.83,350.04
603,596.15,99.702
604.08,596.47,224.7
605.16,596.8,349.69
605.67,721.12,99.353
606.75,721.44,224.35
607.83,721.77,349.35
725.31,468.51,98.978
726.39,468.84,223.97
727.47,469.16,348.97
727.97,593.48,98.63
729.05,593.81,223.63
730.13,594.13,348.62
730.63,718.45,98.281
731.71,718.78,223.28
732.79,719.1,348.27
476.58,475.82,226.13
478.05,472.55,351.08
479.52,469.28,476.03
477.05,600.78,229.4
478.52,597.51,354.35
479.99,594.23,479.3
477.52,725.73,232.67
478.99,722.46,357.62
480.46,719.19,482.57
601.57,475.39,224.65
603.04,472.12,349.6
604.51,468.84,474.55
602.04,600.35,227.92
603.51,597.07,352.87
604.98,593.8,477.82
602.51,725.3,231.19
603.98,722.03,356.14
605.46,718.75,481.09
726.56,474.96,223.18
728.03,471.68,348.13
729.5,468.41,473.07
727.03,599.91,226.44
728.5,596.64,351.39
729.98,593.36,476.34
727.51,724.87,229.71
728.98,721.59,354.66
730.45,718.32,479.61
475.3,474.36,350.96
475.08,470.62,475.91
474.86,466.88,600.85
472.2,599.27,354.7
471.99,595.53,479.64
471.77,591.79,604.58
469.11,724.18,358.43
468.89,720.44,483.37
468.68,716.7,608.31
600.26,477.45,351.27
600.04,473.71,476.21
599.83,469.97,601.16
597.17,602.36,355
596.95,598.62,479.94
596.73,594.88,604.89
594.07,727.27,358.73
593.86,723.53,483.68
593.64,719.79,608.62
725.22,480.54,351.58
725.01,476.79,476.52
724.79,473.05,601.46
722.13,605.45,355.31
721.91,601.71,480.25
721.7,597.96,605.19
719.04,730.36,359.04
718.82,726.62,483.98
718.6,722.87,608.93
476.54,474.63,473.73
479.82,477.32,598.65
483.09,480.01,723.58
473.75,599.57,471.11
477.03,602.26,596.03
480.31,604.95,720.96
470.96,724.51,468.49
474.24,727.2,593.41
477.52,729.89,718.34
601.47,477.35,470.39
604.75,480.04,595.32
608.02,482.73,720.25
598.68,602.29,467.77
601.96,604.98,592.7
605.24,607.67,717.63
595.89,727.23,465.15
599.17,729.92,590.08
602.45,732.61,715.01
726.4,480.07,467.06
729.67,482.76,591.98
732.95,485.45,716.91
723.61,605.01,464.44
726.89,607.7,589.36
730.16,610.39,714.29
720.82,729.95,461.82
724.1,732.64,586.74
727.38,735.33,711.67
475.22,475.44,598.98
477.62,475.04,723.96
480.03,474.64,848.94
471.67,600.39,599.45
474.07,599.98,724.43
476.47,599.58,849.41
468.11,725.33,599.92
470.51,724.93,724.9
472.92,724.53,849.88
600.15,479,596.59
602.55,478.6,721.57
604.95,478.2,846.55
596.59,603.95,597.06
598.99,603.55,722.04
601.4,603.14,847.02
593.04,728.89,597.53
595.44,728.49,722.51
597.84,728.09,847.49
725.07,482.56,594.2
727.47,482.16,719.18
729.88,481.76,844.16
721.52,607.51,594.67
723.92,607.11,719.65
726.32,606.71,844.63
717.96,732.46,595.14
720.36,732.05,720.12
722.77,731.65,845.1
476.23,598.84,101.36
473.09,595.65,226.28
469.95,592.45,351.2
474.77,723.8,104.52
471.63,720.6,229.44
468.49,717.4,354.36
473.31,848.75,107.68
470.17,845.55,232.6
467.03,842.35,357.52
601.19,600.22,104.54
598.05,597.03,229.46
594.9,593.83,354.38
599.73,725.18,107.69
596.58,721.98,232.62
593.44,718.78,357.54
598.26,850.13,110.85
595.12,846.93,235.78
591.98,843.73,360.7
726.14,601.6,107.71
723,598.41,232.63
719.86,595.21,357.55
724.68,726.56,110.87
721.54,723.36,235.79
718.4,720.16,360.71
723.22,851.51,114.03
720.08,848.31,238.95
716.93,845.11,363.87
476.74,601.74,224.71
480.44,601.78,349.65
484.14,601.82,474.6
474.34,726.72,224.73
478.04,726.76,349.68
481.74,726.8,474.63
471.93,851.69,224.76
475.63,851.73,349.71
479.34,851.77,474.65
601.66,604.15,221.01
605.36,604.19,345.95
609.06,604.23,470.9
599.26,729.12,221.04
602.96,729.16,345.98
606.66,729.2,470.93
596.85,854.09,221.06
600.55,854.13,346.01
604.26,854.17,470.95
726.58,606.55,217.31
730.28,606.59,342.26
733.99,606.63,467.2
724.18,731.52,217.34
727.88,731.56,342.28
731.58,731.6,467.23
721.77,856.5,217.36
725.48,856.54,342.31
729.18,856.58,467.25
474.37,601.13,350.37
473.52,603.11,475.36
472.66,605.09,600.34
473.46,726.11,348.39
472.61,728.09,473.38
471.75,730.07,598.36
472.55,851.09,346.41
471.7,853.07,471.4
470.84,855.04,596.38
599.36,602.05,351.21
598.51,604.03,476.2
597.66,606.01,601.18
598.45,727.03,349.23
597.6,729.01,474.22
596.75,730.99,599.2
597.54,852.01,347.25
596.69,853.99,472.24
595.84,855.96,597.22
724.36,602.97,352.05
723.51,604.95,477.04
722.65,606.93,602.02
723.45,727.95,350.07
722.59,729.93,475.06
721.74,731.91,600.04
722.54,852.93,348.09
721.68,854.91,473.08
720.83,856.88,598.06
474.67,600.5,474.82
471.66,603.61,599.74
468.65,606.72,724.67
478.21,725.41,471.78
475.2,728.52,596.71
472.2,731.64,721.63
481.76,850.32,468.75
478.75,853.43,593.68
475.74,856.55,718.6
599.58,597.03,477.91
596.57,600.14,602.84
593.57,603.25,727.76
603.12,721.94,474.88
600.12,725.05,599.8
597.11,728.16,724.73
606.67,846.85,471.84
603.66,849.96,596.77
600.66,853.08,721.69
724.49,593.55,481.01
721.49,596.67,605.93
718.48,599.78,730.85
728.04,718.47,477.97
725.03,721.58,602.9
722.02,724.69,727.82
731.58,843.38,474.94
728.58,846.49,599.86
725.57,849.6,724.79
476.15,598.13,599.62
479.15,598.2,724.59
482.14,598.26,849.56
473.6,723.1,599.61
476.59,723.17,724.58
479.59,723.24,849.55
471.05,848.08,599.6
474.04,848.14,724.57
477.03,848.21,849.54
601.09,600.67,596.63
604.09,600.74,721.59
607.08,600.81,846.56
598.54,725.65,596.62
601.53,725.71,721.59
604.53,725.78,846.55
595.99,850.62,596.61
598.98,850.69,721.58
601.97,850.76,846.54
726.03,603.22,593.63
729.03,603.29,718.6
732.02,603.35,843.57
723.48,728.19,593.62
726.47,728.26,718.59
729.47,728.33,843.56
720.93,853.17,593.61
723.92,853.23,718.58
726.91,853.3,843.55
601.78,101.24,98.186
604.05,103.28,223.15
606.33,105.31,348.11
602.45,226.22,96.135
604.73,228.26,221.1
607.01,230.29,346.06
603.13,351.2,94.083
605.41,353.24,219.05
607.69,355.27,344.01
726.75,100.52,95.919
729.03,102.56,220.88
731.31,104.59,345.85
727.43,225.5,93.867
729.71,227.54,218.83
731.99,229.57,343.79
728.11,350.48,91.816
730.39,352.52,216.78
732.66,354.56,341.74
851.73,99.8,93.651
854.01,101.84,218.61
856.29,103.87,343.58
852.41,224.78,91.6
854.69,226.82,216.56
856.96,228.85,341.53
853.08,349.76,89.548
855.36,351.8,214.51
857.64,353.84,339.48
601,98.262,225.98
603.12,98.994,350.96
605.23,99.726,475.94
598.83,223.24,225.29
600.94,223.98,350.27
603.06,224.71,475.25
596.65,348.23,224.6
598.77,348.96,349.58
600.88,349.69,474.56
725.97,100.42,223.86
728.08,101.15,348.84
730.2,101.89,473.82
723.79,225.41,223.17
725.9,226.14,348.15
728.02,226.87,473.13
721.61,350.39,222.48
723.73,351.12,347.46
725.84,351.85,472.44
850.93,102.58,221.73
853.04,103.32,346.71
855.16,104.05,471.69
848.75,227.57,221.04
850.87,228.3,346.02
852.98,229.03,471
846.58,352.55,220.35
848.69,353.28,345.33
850.81,354.01,470.31
599.53,99.129,348.04
599.2,97.655,473.03
598.87,96.181,598.02
601.82,224.1,349.53
601.49,222.62,474.52
601.17,221.15,599.51
604.11,349.07,351.01
603.78,347.59,476
603.46,346.12,600.99
724.51,96.832,348.34
724.18,95.358,473.33
723.86,93.884,598.32
726.8,221.8,349.83
726.47,220.33,474.82
726.15,218.85,599.81
729.09,346.77,351.31
728.77,345.3,476.3
728.44,343.82,601.3
849.49,94.535,348.64
849.16,93.061,473.63
848.84,91.587,598.62
851.78,219.5,350.13
851.46,218.03,475.12
851.13,216.56,600.11
854.07,344.47,351.62
853.75,343,476.61
853.42,341.53,601.6
598.03,98.489,475.28
598.99,95.517,600.24
599.95,92.546,725.2
598.93,223.45,478.25
599.89,220.48,603.21
600.85,217.51,728.17
599.82,348.42,481.21
600.78,345.44,606.17
601.74,342.47,731.13
723.02,97.618,474.3
723.99,94.646,599.26
724.95,91.675,724.22
723.92,222.58,477.27
724.88,219.61,602.22
725.84,216.64,727.18
724.82,347.55,480.23
725.78,344.57,605.19
726.74,341.6,730.15
848.02,96.746,473.32
848.98,93.775,598.28
849.94,90.803,723.24
848.92,221.71,476.28
849.88,218.74,601.24
850.84,215.77,726.2
849.81,346.67,479.25
850.78,343.7,604.21
851.74,340.73,729.17
601.53,99.272,600.92
601.43,96.473,725.89
601.33,93.675,850.86
605.21,224.18,603.72
605.11,221.39,728.69
605.01,218.59,853.66
608.88,349.1,606.52
608.78,346.3,731.49
608.68,343.5,856.46
726.47,95.595,600.94
726.37,92.797,725.9
726.27,89.998,850.87
730.15,220.51,603.74
730.05,217.71,728.7
729.95,214.91,853.67
733.83,345.42,606.54
733.73,342.62,731.5
733.63,339.82,856.47
851.42,91.918,600.95
851.32,89.12,725.92
851.22,86.321,850.89
855.09,216.83,603.75
854.99,214.03,728.72
854.9,211.23,853.69
858.77,341.74,606.55
858.67,338.94,731.52
858.57,336.15,856.48
600.48,223.07,100.54
602.12,224.31,225.52
603.76,225.54,350.51
598.59,348.05,99.336
600.24,349.29,224.32
601.88,350.52,349.3
596.71,473.03,98.13
598.35,474.27,223.11
599.99,475.5,348.09
725.45,224.94,98.882
727.09,226.18,223.86
728.74,227.41,348.85
723.57,349.92,97.675
725.21,351.16,222.66
726.85,352.39,347.64
721.68,474.9,96.469
723.33,476.14,221.45
724.97,477.37,346.43
850.43,226.81,97.221
852.07,228.05,222.2
853.71,229.28,347.18
848.54,351.79,96.014
850.18,353.03,221
851.83,354.26,345.98
846.66,476.77,94.808
848.3,478,219.79
849.94,479.24,344.77
600.08,226.82,226.34
602.66,229.07,351.29
605.25,231.32,476.25
600.9,351.79,224.07
603.48,354.04,349.03
606.07,356.3,473.98
601.72,476.77,221.81
604.31,479.02,346.76
606.89,481.27,471.71
725.05,225.95,223.77
727.63,228.2,348.73
730.22,230.45,473.68
725.87,350.92,221.51
728.46,353.17,346.46
731.04,355.42,471.41
726.69,475.9,219.24
729.28,478.15,344.19
731.86,480.4,469.15
850.02,225.08,221.21
852.6,227.33,346.16
855.19,229.58,471.11
850.84,350.05,218.94
853.43,352.3,343.89
856.01,354.55,468.85
851.66,475.02,216.67
854.25,477.28,341.63
856.84,479.53,466.58
599.29,224.56,349.04
601.16,228.25,473.97
603.04,231.93,598.9
599.57,349.51,345.36
601.45,353.19,470.29
603.32,356.88,595.22
599.86,474.45,341.67
601.73,478.14,466.6
603.61,481.82,591.53
724.27,224.22,347.17
726.15,227.91,472.1
728.03,231.59,597.04
724.56,349.17,343.49
726.43,352.85,468.42
728.31,356.54,593.35
724.84,474.11,339.8
726.72,477.8,464.73
728.6,481.48,589.66
849.26,223.88,345.3
851.14,227.57,470.24
853.01,231.25,595.17
849.54,348.83,341.62
851.42,352.51,466.55
853.3,356.2,591.48
849.83,473.77,337.93
851.71,477.46,462.86
853.58,481.14,587.79
598.88,226.59,475.08
597.69,222.96,600.02
596.5,219.33,724.96
600.56,351.53,478.73
599.37,347.9,603.67
598.19,344.27,728.61
602.24,476.47,482.37
601.06,472.84,607.32
599.87,469.21,732.26
723.86,224.88,476.22
722.67,221.25,601.16
721.49,217.62,726.11
725.54,349.82,479.87
724.36,346.18,604.81
723.17,342.55,729.75
727.23,474.75,483.52
726.04,471.12,608.46
724.85,467.49,733.4
848.84,223.16,477.37
847.66,219.53,602.31
846.47,215.9,727.25
850.53,348.1,481.01
849.34,344.47,605.95
848.15,340.84,730.9
852.21,473.04,484.66
851.02,469.41,609.6
849.83,465.78,734.54
600.7,225.41,601.04
598.15,226.58,726
595.6,227.74,850.96
597.64,350.37,599.8
595.1,351.53,724.76
592.55,352.7,849.73
594.59,475.32,598.56
592.04,476.49,723.53
589.49,477.66,848.49
725.63,228.49,603.56
723.09,229.65,728.52
720.54,230.82,853.48
722.58,353.44,602.32
720.03,354.61,727.28
717.49,355.78,852.25
719.52,478.4,601.08
716.98,479.57,726.05
714.43,480.73,851.01
850.57,231.56,606.08
848.03,232.73,731.04
845.48,233.9,856.01
847.52,356.52,604.84
844.97,357.69,729.8
842.43,358.86,854.77
844.46,481.48,603.6
841.92,482.65,728.57
839.37,483.81,853.53
598.55,350.22,101.13
600.32,353.54,226.07
602.08,356.87,351.01
599.46,475.17,97.789
601.23,478.49,222.73
603,481.82,347.67
600.38,600.12,94.449
602.15,603.45,219.39
603.92,606.77,344.33
723.53,349.25,99.382
725.3,352.58,224.32
727.07,355.9,349.27
724.45,474.21,96.043
726.22,477.53,220.98
727.98,480.85,345.93
725.36,599.16,92.703
727.13,602.48,217.65
728.9,605.81,342.59
848.51,348.29,97.636
850.28,351.61,222.58
852.05,354.94,347.52
849.43,473.24,94.296
851.2,476.56,219.24
852.97,479.89,344.18
850.35,598.19,90.957
852.11,601.52,215.9
853.88,604.84,340.84
601.82,349.88,224.9
600.7,346.15,349.84
599.58,342.42,474.78
600.36,474.82,228.62
599.24,471.09,353.56
598.12,467.36,478.5
598.9,599.75,232.33
597.78,596.02,357.28
596.67,592.29,482.22
726.8,351.3,226.06
725.69,347.57,351
724.57,343.84,475.94
725.35,476.24,229.78
724.23,472.51,354.72
723.11,468.78,479.66
723.89,601.17,233.49
722.77,597.44,358.44
721.65,593.71,483.38
851.79,352.73,227.22
850.67,349,352.16
849.56,345.27,477.1
850.33,477.66,230.94
849.22,473.93,355.88
848.1,470.2,480.82
848.88,602.6,234.65
847.76,598.87,359.6
846.64,595.14,484.54
599.39,349.24,348.2
599.85,345.74,473.15
600.3,342.23,598.1
600.92,474.19,351.7
601.37,470.68,476.65
601.83,467.17,601.61
602.45,599.13,355.2
602.9,595.62,480.16
603.36,592.11,605.11
724.38,347.73,347.7
724.84,344.23,472.65
725.29,340.72,597.61
725.91,472.68,351.2
726.36,469.17,476.16
726.82,465.66,601.11
727.44,597.62,354.71
727.89,594.11,479.66
728.34,590.6,604.61
849.37,346.22,347.2
849.82,342.71,472.16
850.28,339.21,597.11
850.9,471.16,350.71
851.35,467.66,475.66
851.81,464.15,600.61
852.42,596.11,354.21
852.88,592.6,479.16
853.33,589.09,604.12
601.39,350.76,476.21
599.23,352.1,601.18
597.06,353.45,726.16
601.92,475.75,474.87
599.75,477.09,599.85
597.59,478.44,724.82
602.44,600.74,473.54
600.28,602.08,598.51
598.11,603.43,723.49
726.37,350.26,478.38
724.21,351.6,603.36
722.04,352.95,728.33
726.9,475.25,477.05
724.73,476.59,602.02
722.57,477.94,727
727.42,600.24,475.71
725.26,601.58,600.69
723.09,602.92,725.66
851.35,349.76,480.56
849.19,351.1,605.53
847.02,352.45,730.51
851.88,474.75,479.22
849.71,476.09,604.2
847.55,477.43,729.17
852.4,599.73,477.89
850.24,601.08,602.86
848.07,602.42,727.84
599.09,350.48,601.71
600.57,352.16,726.68
602.04,353.84,851.66
596.83,475.45,600.06
598.31,477.13,725.03
599.78,478.81,850.01
594.57,600.42,598.4
596.04,602.1,723.38
597.52,603.78,848.36
724.06,352.72,600.2
725.54,354.4,725.18
727.01,356.08,850.16
721.8,477.69,598.55
723.28,479.37,723.53
724.75,481.05,848.51
719.54,602.66,596.9
721.02,604.34,721.88
722.49,606.01,846.86
849.03,354.96,598.7
850.51,356.64,723.68
851.98,358.32,848.66
846.77,479.93,597.05
848.25,481.61,722.03
849.72,483.29,847
844.51,604.9,595.4
845.99,606.58,720.38
847.46,608.25,845.35
598.37,475.7,99.792
597.45,475.52,224.79
596.54,475.35,349.78
598.65,600.7,99.967
597.74,600.53,224.96
596.82,600.35,349.96
598.93,725.7,100.14
598.02,725.53,225.14
597.1,725.35,350.13
723.36,475.41,100.7
722.45,475.24,225.7
721.54,475.06,350.7
723.65,600.41,100.88
722.73,600.24,225.88
721.82,600.07,350.87
723.93,725.42,101.05
723.02,725.24,226.05
722.1,725.07,351.05
848.36,475.13,101.62
847.45,474.95,226.61
846.53,474.78,351.61
848.64,600.13,101.79
847.73,599.96,226.79
846.82,599.78,351.78
848.93,725.13,101.97
848.01,724.96,226.96
847.1,724.78,351.96
601.06,476.85,226.19
602.3,474.97,351.17
603.53,473.08,476.15
597.94,601.79,228.1
599.17,599.91,353.08
600.41,598.03,478.06
594.81,726.74,230.01
596.05,724.86,354.99
597.28,722.97,479.97
726.02,479.99,225
727.25,478.11,349.98
728.49,476.23,474.96
722.89,604.94,226.91
724.13,603.06,351.89
725.36,601.17,476.87
719.77,729.88,228.82
721,728,353.8
722.24,726.12,478.78
850.97,483.14,223.81
852.2,481.26,348.79
853.44,479.37,473.77
847.84,608.08,225.72
849.08,606.2,350.7
850.31,604.32,475.68
844.72,733.03,227.62
845.95,731.14,352.61
847.19,729.26,477.59
599.75,476.23,349.58
598.73,477.93,474.56
597.71,479.62,599.55
598.03,601.21,347.87
597.01,602.9,472.85
595.99,604.6,597.84
596.32,726.19,346.16
595.3,727.88,471.14
594.27,729.57,596.13
724.73,477.97,350.57
723.71,479.66,475.56
722.69,481.35,600.54
723.02,602.94,348.86
722,604.64,473.85
720.98,606.33,598.83
721.3,727.92,347.15
720.28,729.61,472.14
719.26,731.31,597.12
849.72,479.7,351.56
848.7,481.39,476.55
847.68,483.08,601.54
848,604.67,349.86
846.98,606.37,474.84
845.96,608.06,599.83
846.28,729.65,348.15
845.26,731.35,473.13
844.24,733.04,598.12
601.76,475.55,473.55
598.18,476.32,598.5
594.6,477.08,723.44
600.08,600.54,472.74
596.5,601.3,597.69
592.93,602.06,722.63
598.4,725.53,471.93
594.83,726.29,596.88
591.25,727.05,721.82
726.69,477.26,477.11
723.12,478.02,602.05
719.54,478.78,727
725.02,602.24,476.3
721.44,603.01,601.24
717.87,603.77,726.19
723.34,727.23,475.49
719.76,727.99,600.43
716.19,728.75,725.38
851.63,478.96,480.66
848.06,479.72,605.61
844.48,480.48,730.56
849.95,603.95,479.85
846.38,604.71,604.8
842.8,605.47,729.75
848.28,728.93,479.04
844.7,729.69,603.99
841.13,730.46,728.94
600.68,475.56,598.89
603.04,474.76,723.87
605.39,473.95,848.84
598.64,600.54,599.73
600.99,599.74,724.71
603.35,598.93,849.68
596.59,725.52,600.57
598.95,724.71,725.55
601.31,723.91,850.52
725.64,477.62,596.54
728,476.81,721.52
730.35,476.01,846.5
723.6,602.59,597.39
725.95,601.79,722.36
728.31,600.99,847.34
721.56,727.57,598.23
723.91,726.77,723.2
726.27,725.97,848.18
850.6,479.67,594.2
852.96,478.87,719.17
855.32,478.07,844.15
848.56,604.65,595.04
850.92,603.85,720.02
853.27,603.05,844.99
846.52,729.63,595.88
848.87,728.83,720.86
851.23,728.02,845.83
601.82,599.73,99.286
599.4,601.59,224.25
596.98,603.45,349.21
598.25,724.66,97.357
595.83,726.52,222.32
593.41,728.39,347.28
594.68,849.59,95.428
592.26,851.46,220.39
589.83,853.32,345.35
726.75,603.33,101.65
724.33,605.2,226.61
721.91,607.06,351.57
723.18,728.27,99.721
720.76,730.13,224.68
718.33,732,349.65
719.6,853.2,97.792
717.18,855.07,222.75
714.76,856.93,347.72
851.68,606.94,104.01
849.25,608.81,228.98
846.83,610.67,353.94
848.1,731.88,102.09
845.68,733.74,227.05
843.26,735.6,352.01
844.53,856.81,100.16
842.11,858.67,225.12
839.69,860.54,350.08
599.3,600.61,226.14
601.33,603.19,351.09
603.37,605.78,476.05
597.71,725.57,223.58
599.75,728.15,348.53
601.78,730.74,473.49
596.13,850.53,221.02
598.17,853.11,345.97
600.2,855.7,470.93
724.27,602.15,224.07
726.3,604.73,349.03
728.34,607.32,473.98
722.69,727.11,221.51
724.72,729.69,346.47
726.76,732.28,471.42
721.1,852.07,218.95
723.14,854.65,343.91
725.17,857.24,468.87
849.24,603.69,222
851.28,606.27,346.96
853.31,608.86,471.92
847.66,728.65,219.44
849.7,731.23,344.4
851.73,733.82,469.36
846.08,853.61,216.88
848.11,856.19,341.84
850.15,858.78,466.8
600.45,598.05,348.48
600.24,598.34,473.48
600.03,598.62,598.47
598.56,723.04,348.2
598.35,723.32,473.2
598.14,723.61,598.19
596.67,848.02,347.92
596.47,848.31,472.92
596.26,848.59,597.92
725.43,599.94,348.68
725.22,600.23,473.68
725.01,600.51,598.68
723.55,724.93,348.4
723.34,725.21,473.4
723.13,725.5,598.4
721.66,849.91,348.12
721.45,850.2,473.12
721.24,850.48,598.12
850.42,601.83,348.89
850.21,602.11,473.88
850,602.4,598.88
848.53,726.81,348.61
848.32,727.1,473.6
848.11,727.38,598.6
846.64,851.8,348.33
846.44,852.08,473.32
846.23,852.37,598.32
599.71,600.93,473.96
596.42,603.94,598.89
593.13,606.94,723.81
598.66,725.89,470.93
595.37,728.89,595.85
592.08,731.9,720.78
597.61,850.84,467.9
594.32,853.85,592.82
591.03,856.86,717.74
724.66,602.06,477.23
721.37,605.07,602.15
718.08,608.07,727.08
723.61,727.02,474.2
720.32,730.02,599.12
717.03,733.03,724.04
722.56,851.97,471.16
719.27,854.98,596.09
715.98,857.99,721.01
849.61,603.19,480.5
846.32,606.2,605.42
843.03,609.2,730.34
848.56,728.15,477.46
845.27,731.15,602.39
841.98,734.16,727.31
847.52,853.1,474.43
844.22,856.11,599.35
840.93,859.12,724.28
601.12,599.03,599.31
599.37,599.09,724.3
597.62,599.14,849.29
601.95,724.03,599.27
600.19,724.08,724.26
598.44,724.14,849.24
602.77,849.02,599.23
601.02,849.08,724.21
599.26,849.13,849.2
726.11,598.21,601.06
724.35,598.27,726.05
722.6,598.32,851.03
726.93,723.21,601.01
725.18,723.27,726
723.42,723.32,850.99
727.75,848.21,600.97
726,848.26,725.96
724.25,848.32,850.95
851.09,597.4,602.8
849.34,597.45,727.79
847.58,597.51,852.78
851.91,722.39,602.76
850.16,722.45,727.75
848.41,722.5,852.73
852.74,847.39,602.72
850.98,847.44,727.7
849.23,847.5,852.69
