27,125,0
195.45,204.47,198.67
0,0,0
98.665,100.11,99.332
95.738,99.599,224.3
92.811,99.086,349.27
95.574,225.07,99.772
92.647,224.56,224.74
89.72,224.05,349.71
92.482,350.03,100.21
89.555,349.52,225.18
86.628,349.01,350.15
223.59,103.19,102.27
220.67,102.68,227.24
217.74,102.16,352.21
220.5,228.15,102.72
217.57,227.64,227.68
214.65,227.12,352.65
217.41,353.11,103.16
214.48,352.6,228.12
211.56,352.09,353.09
348.52,106.27,105.22
345.59,105.76,230.18
342.67,105.24,355.15
345.43,231.23,105.66
342.5,230.72,230.62
339.58,230.2,355.59
342.34,356.19,106.1
339.41,355.68,231.07
336.48,355.16,356.03
100.13,98.619,223.69
101.2,98.198,348.69
102.26,97.777,473.68
100.36,223.62,224.11
101.42,223.2,349.11
102.49,222.78,474.1
100.58,348.62,224.53
101.65,348.2,349.53
102.71,347.78,474.52
225.13,98.405,222.63
226.19,97.984,347.62
227.26,97.563,472.62
225.35,223.41,223.04
226.42,222.98,348.04
227.48,222.56,473.03
225.58,348.41,223.46
226.64,347.98,348.46
227.7,347.56,473.45
350.12,98.191,221.56
351.19,97.77,346.55
352.25,97.349,471.55
350.35,223.19,221.98
351.41,222.77,346.97
352.47,222.35,471.97
350.57,348.19,222.39
351.63,347.77,347.39
352.7,347.35,472.38
101.76,100.47,351.91
101.94,101.81,476.9
102.12,103.15,601.89
101.53,225.46,350.56
101.71,226.8,475.55
101.89,228.15,600.55
101.31,350.45,349.21
101.49,351.8,474.21
101.67,353.14,599.2
226.76,100.69,351.73
226.94,102.03,476.72
227.12,103.37,601.71
226.53,225.68,350.38
226.71,227.02,475.37
226.89,228.37,600.36
226.31,350.67,349.03
226.49,352.02,474.02
226.67,353.36,599.02
351.76,100.91,351.54
351.94,102.25,476.54
352.12,103.6,601.53
351.53,225.9,350.2
351.71,227.25,475.19
351.89,228.59,600.18
351.31,350.9,348.85
351.49,352.24,473.84
351.67,353.58,598.83
100.02,98.564,474.35
102.27,98.819,599.32
104.52,99.075,724.29
101.77,223.55,474.06
104.01,223.81,599.04
106.26,224.06,724.01
103.51,348.54,473.78
105.76,348.8,598.75
108.01,349.05,723.72
224.99,96.811,472.11
227.23,97.066,597.08
229.48,97.322,722.05
226.73,221.8,471.82
228.98,222.05,596.79
231.23,222.31,721.77
228.48,346.79,471.53
230.73,347.04,596.51
232.98,347.3,721.48
349.95,95.058,469.86
352.2,95.314,594.84
354.45,95.569,719.81
351.7,220.05,469.58
353.95,220.3,594.55
356.2,220.56,719.53
353.45,345.03,469.29
355.7,345.29,594.27
357.94,345.55,719.24
98.212,99.196,598.1
100.47,97.186,723.07
102.73,95.176,848.03
100.47,224.16,600.07
102.73,222.15,725.04
104.99,220.14,850
102.73,349.12,602.04
104.99,347.11,727
107.25,345.1,851.97
223.17,96.969,595.81
225.43,94.959,720.77
227.69,92.949,845.74
225.43,221.93,597.78
227.69,219.92,722.74
229.95,217.91,847.7
227.69,346.9,599.75
229.95,344.89,724.71
232.21,342.88,849.67
348.13,94.742,593.51
350.39,92.732,718.48
352.65,90.722,843.44
350.39,219.71,595.48
352.65,217.7,720.44
354.91,215.69,845.41
352.65,344.67,597.45
354.91,342.66,722.41
357.17,340.65,847.38
99.707,226.16,98.357
99.426,228.2,223.34
99.145,230.24,348.31
99.227,351.15,96.313
98.946,353.19,221.29
98.665,355.23,346.27
98.747,476.14,94.269
98.466,478.18,219.25
98.185,480.22,344.23
224.71,226.65,98.626
224.43,228.69,223.6
224.15,230.73,348.58
224.23,351.64,96.582
223.95,353.68,221.56
223.67,355.72,346.54
223.75,476.63,94.538
223.47,478.67,219.52
223.19,480.71,344.5
349.71,227.13,98.894
349.43,229.17,223.87
349.15,231.21,348.85
349.23,352.12,96.85
348.95,354.16,221.83
348.67,356.2,346.81
348.75,477.11,94.807
348.47,479.15,219.79
348.19,481.19,344.76
99.591,225.95,225.54
96.259,227.89,350.48
92.927,229.82,475.42
99.711,350.94,223.61
96.379,352.87,348.55
93.046,354.81,473.49
99.831,475.93,221.67
96.499,477.86,346.61
93.166,479.79,471.55
224.55,225.89,228.88
221.22,227.82,353.81
217.88,229.75,478.75
224.67,350.87,226.94
221.34,352.81,351.88
218,354.74,476.82
224.79,475.86,225.01
221.46,477.79,349.95
218.12,479.73,474.89
349.51,225.82,232.21
346.17,227.75,357.15
342.84,229.69,482.09
349.63,350.81,230.28
346.29,352.74,355.22
342.96,354.67,480.16
349.75,475.79,228.35
346.41,477.73,353.28
343.08,479.66,478.22
100.37,226.59,348.74
97.698,224,473.68
95.027,221.42,598.63
102.35,351.54,351.36
99.683,348.96,476.31
97.011,346.38,601.26
104.34,476.5,353.99
101.67,473.91,478.94
98.996,471.33,603.88
225.33,224.55,351.36
222.65,221.96,476.31
219.98,219.38,601.25
227.31,349.5,353.99
224.64,346.92,478.94
221.97,344.34,603.88
229.29,474.46,356.62
226.62,471.87,481.57
223.95,469.29,606.51
350.28,222.51,353.99
347.61,219.92,478.94
344.94,217.34,603.88
352.27,347.46,356.62
349.6,344.88,481.56
346.92,342.3,606.51
354.25,472.42,359.25
351.58,469.83,484.19
348.91,467.25,609.14
101.26,226.92,475.12
101.98,224.23,600.09
102.7,221.53,725.06
103.27,351.88,477.8
103.99,349.18,602.77
104.71,346.49,727.75
105.28,476.83,480.49
106,474.14,605.46
106.72,471.44,730.43
226.24,224.94,474.36
226.96,222.24,599.33
227.68,219.54,724.31
228.25,349.89,477.05
228.97,347.19,602.02
229.69,344.5,726.99
230.26,474.84,479.73
230.98,472.15,604.7
231.7,469.45,729.68
351.23,222.95,473.61
351.95,220.25,598.58
352.66,217.55,723.55
353.24,347.9,476.29
353.96,345.2,601.26
354.67,342.51,726.24
355.25,472.85,478.98
355.97,470.16,603.95
356.68,467.46,728.92
100.29,225.26,599.45
99.47,227.74,724.43
98.65,230.21,849.41
102.34,350.22,596.99
101.52,352.7,721.97
100.7,355.18,846.95
104.39,475.18,594.53
103.57,477.66,719.5
102.75,480.14,844.48
225.27,223.23,600.31
224.45,225.7,725.29
223.63,228.18,850.27
227.32,348.19,597.85
226.5,350.66,722.83
225.68,353.14,847.81
229.37,473.15,595.39
228.55,475.63,720.37
227.73,478.1,845.35
350.25,221.19,601.18
349.43,223.67,726.16
348.61,226.15,851.14
352.3,346.15,598.72
351.48,348.63,723.69
350.66,351.11,848.67
354.35,471.11,596.25
353.53,473.59,721.23
352.7,476.07,846.21
101.24,349.58,100.27
102.2,347.17,225.25
103.17,344.76,350.22
97.719,474.51,102.71
98.685,472.1,227.69
99.651,469.69,352.66
94.202,599.44,105.15
95.168,597.03,230.12
96.134,594.62,355.1
226.19,353.12,99.375
227.15,350.71,224.35
228.12,348.3,349.32
222.67,478.05,101.81
223.63,475.64,226.79
224.6,473.23,351.76
219.15,602.98,104.25
220.12,600.57,229.22
221.08,598.16,354.2
351.13,356.66,98.477
352.1,354.25,223.45
353.07,351.83,348.43
347.62,481.59,100.91
348.58,479.18,225.89
349.55,476.76,350.86
344.1,606.52,103.35
345.07,604.11,228.33
346.03,601.7,353.3
100.88,349.35,225.74
101.02,353.02,350.68
101.15,356.69,475.63
99.508,474.29,222.08
99.645,477.96,347.02
99.782,481.62,471.97
98.136,599.23,218.41
98.273,602.9,343.36
98.41,606.56,468.3
225.88,350.72,225.56
226.01,354.39,350.51
226.15,358.05,475.45
224.5,475.66,221.9
224.64,479.32,346.84
224.78,482.99,471.79
223.13,600.6,218.24
223.27,604.26,343.18
223.41,607.93,468.13
350.87,352.09,225.39
351.01,355.75,350.33
351.14,359.42,475.28
349.5,477.02,221.72
349.64,480.69,346.67
349.77,484.36,471.61
348.13,601.96,218.06
348.26,605.63,343.01
348.4,609.29,467.95
101.07,350.25,349.5
101.93,347.32,474.46
102.79,344.39,599.42
103.26,475.2,352.41
104.12,472.27,477.38
104.98,469.34,602.34
105.45,600.15,355.33
106.31,597.22,480.29
107.16,594.29,605.25
226.05,348.08,348.59
226.91,345.15,473.56
227.77,342.23,598.52
228.24,473.03,351.51
229.1,470.1,476.47
229.96,467.17,601.43
230.43,597.98,354.42
231.29,595.05,479.39
232.14,592.12,604.35
351.03,345.92,347.69
351.89,342.99,472.65
352.75,340.06,597.62
353.22,470.86,350.61
354.08,467.94,475.57
354.94,465.01,600.53
355.41,595.81,353.52
356.27,592.88,478.48
357.13,589.95,603.45
99.348,351.21,475.31
96.692,349.79,600.27
94.036,348.38,725.23
97.67,476.19,476.69
95.014,474.77,601.65
92.358,473.36,726.61
95.991,601.17,478.06
93.335,599.75,603.03
90.679,598.34,727.99
224.31,352.86,477.98
221.65,351.45,602.94
219,350.03,727.9
222.63,477.84,479.36
219.98,476.43,604.32
217.32,475.01,729.28
220.95,602.82,480.74
218.3,601.41,605.7
215.64,599.99,730.66
349.27,354.52,480.65
346.62,353.1,605.61
343.96,351.69,730.57
347.59,479.5,482.03
344.94,478.08,606.99
342.28,476.66,731.95
345.91,604.48,483.41
343.26,603.06,608.37
340.6,601.64,733.33
99.359,350.36,599.06
99.703,347.88,724.03
100.05,345.4,849.01
96.219,475.29,601.54
96.563,472.81,726.51
96.907,470.34,851.49
93.079,600.23,604.02
93.423,597.75,729
93.767,595.27,853.97
224.32,353.51,598.78
224.66,351.03,723.75
225.01,348.55,848.73
221.18,478.44,601.26
221.52,475.96,726.23
221.87,473.48,851.21
218.04,603.38,603.74
218.38,600.9,728.72
218.73,598.42,853.69
349.28,356.65,598.5
349.62,354.18,723.47
349.97,351.7,848.45
346.14,481.59,600.98
346.48,479.11,725.95
346.83,476.63,850.93
343,606.53,603.46
343.34,604.05,728.44
343.69,601.57,853.41
99.125,473.17,99.637
95.599,472.91,224.59
92.073,472.64,349.53
97.077,598.15,99.838
93.552,597.89,224.79
90.026,597.62,349.73
95.03,723.13,100.04
91.504,722.87,224.99
87.979,722.6,349.94
224.06,475.21,103.16
220.53,474.95,228.11
217.01,474.68,353.06
222.01,600.19,103.36
218.49,599.93,228.31
214.96,599.66,353.26
219.96,725.17,103.56
216.44,724.91,228.51
212.91,724.64,353.46
348.99,477.25,106.69
345.47,476.99,231.63
341.94,476.72,356.58
346.95,602.23,106.89
343.42,601.97,231.83
339.89,601.7,356.78
344.9,727.21,107.09
341.37,726.95,232.04
337.85,726.68,356.98
101.56,476.16,223.41
101.92,475.35,348.41
102.28,474.54,473.41
104.5,601.13,224.21
104.86,600.32,349.21
105.22,599.51,474.21
107.43,726.09,225.01
107.79,725.28,350.01
108.15,724.47,475.01
226.52,473.23,223.03
226.89,472.41,348.03
227.25,471.6,473.02
229.46,598.19,223.83
229.82,597.38,348.83
230.18,596.57,473.82
232.4,723.16,224.63
232.76,722.35,349.63
233.12,721.54,474.62
351.49,470.29,222.64
351.85,469.48,347.64
352.21,468.67,472.64
354.43,595.26,223.45
354.79,594.45,348.44
355.15,593.64,473.44
357.36,720.23,224.25
357.72,719.42,349.24
358.08,718.6,474.24
101.78,474.81,348.74
101.78,472.37,473.72
101.78,469.93,598.69
98.462,599.74,351.18
98.462,597.3,476.15
98.463,594.86,601.13
95.144,724.68,353.61
95.145,722.23,478.59
95.146,719.79,603.57
226.73,478.12,348.8
226.74,475.68,473.78
226.74,473.24,598.76
223.42,603.06,351.24
223.42,600.61,476.22
223.42,598.17,601.2
220.1,727.99,353.68
220.1,725.55,478.66
220.1,723.11,603.63
351.69,481.44,348.87
351.69,478.99,473.84
351.69,476.55,598.82
348.37,606.37,351.3
348.37,603.93,476.28
348.38,601.49,601.26
345.06,731.3,353.74
345.06,728.86,478.72
345.06,726.42,603.7
99.868,476.55,475.07
102.56,474.99,600.03
105.25,473.42,724.99
101.89,601.53,476.59
104.58,599.96,601.55
107.27,598.4,726.51
103.91,726.5,478.11
106.6,724.94,603.07
109.29,723.38,728.03
224.82,474.57,472.35
227.52,473.01,597.32
230.21,471.44,722.28
226.84,599.55,473.87
229.54,597.98,598.84
232.23,596.42,723.8
228.86,724.52,475.39
231.56,722.96,600.36
234.25,721.4,725.32
349.78,472.59,469.64
352.47,471.03,594.6
355.17,469.46,719.56
351.8,597.57,471.16
354.49,596,596.12
357.19,594.44,721.08
353.82,722.54,472.68
356.51,720.98,597.64
359.2,719.42,722.6
99.945,476.62,600.7
103.06,474.6,725.65
106.17,472.58,850.59
101.46,601.6,602.68
104.57,599.57,727.63
107.68,597.55,852.57
102.97,726.57,604.67
106.08,724.55,729.61
109.19,722.52,854.56
224.9,475.16,597.57
228.01,473.14,722.51
231.12,471.12,847.46
226.41,600.13,599.55
229.52,598.11,724.5
232.63,596.09,849.44
227.92,725.11,601.53
231.03,723.08,726.48
234.14,721.06,851.43
349.85,473.7,594.43
352.96,471.68,719.38
356.07,469.66,844.32
351.36,598.67,596.42
354.47,596.65,721.36
357.58,594.63,846.31
352.87,723.64,598.4
355.98,721.62,723.35
359.1,719.6,848.29
99.992,601.22,99.776
103.38,599.5,224.72
106.77,597.78,349.66
101.09,726.2,101.46
104.47,724.48,226.41
107.86,722.76,351.35
102.18,851.18,103.15
105.57,849.46,228.1
108.96,847.75,353.04
224.94,600.17,96.372
228.33,598.46,221.32
231.72,596.74,346.26
226.04,725.16,98.061
229.42,723.44,223.01
232.81,721.72,347.95
227.13,850.14,99.749
230.52,848.42,224.69
233.91,846.7,349.64
349.89,599.13,92.969
353.28,597.41,217.91
356.67,595.7,342.86
350.99,724.11,94.657
354.38,722.4,219.6
357.76,720.68,344.55
352.08,849.1,96.346
355.47,847.38,221.29
358.86,845.66,346.23
99.545,601.54,224.1
102.66,601.4,349.07
105.78,601.25,474.03
97.399,726.52,224.31
100.52,726.38,349.27
103.63,726.24,474.23
95.254,851.51,224.51
98.371,851.36,349.47
101.49,851.22,474.43
224.49,603.69,220.99
227.6,603.55,345.96
230.72,603.41,470.92
222.34,728.68,221.19
225.46,728.53,346.16
228.57,728.39,471.12
220.2,853.66,221.39
223.31,853.52,346.36
226.43,853.37,471.32
349.43,605.84,217.88
352.55,605.7,342.85
355.66,605.56,467.81
347.28,730.83,218.08
350.4,730.68,343.05
353.52,730.54,468.01
345.14,855.81,218.28
348.26,855.67,343.25
351.37,855.52,468.21
100.63,600.47,349.38
100.96,596.9,474.33
101.3,593.34,599.28
103.28,725.39,352.94
103.61,721.83,477.89
103.95,718.26,602.84
105.92,850.32,356.49
106.26,846.75,481.44
106.59,843.18,606.39
225.6,597.83,348.97
225.94,594.27,473.92
226.27,590.7,598.87
228.25,722.76,352.53
228.58,719.19,477.48
228.92,715.62,602.42
230.9,847.68,356.08
231.23,844.11,481.03
231.57,840.55,605.98
350.57,595.2,348.56
350.91,591.63,473.51
351.25,588.06,598.46
353.22,720.12,352.12
353.56,716.55,477.07
353.89,712.99,602.01
355.87,845.04,355.67
356.2,841.48,480.62
356.54,837.91,605.57
101.94,599.63,475.57
103.39,600.7,600.56
104.84,601.77,725.54
100.93,724.62,474.51
102.38,725.69,599.5
103.83,726.76,724.49
99.915,849.61,473.46
101.36,850.68,598.44
102.81,851.75,723.43
226.93,600.63,474.11
228.38,601.7,599.1
229.83,602.77,724.09
225.92,725.62,473.06
227.37,726.69,598.04
228.82,727.76,723.03
224.9,850.61,472
226.35,851.68,596.99
227.8,852.75,721.98
351.92,601.63,472.66
353.37,602.7,597.64
354.82,603.77,722.63
350.91,726.62,471.6
352.36,727.69,596.59
353.81,728.76,721.57
349.89,851.61,470.55
351.34,852.68,595.53
352.79,853.75,720.52
98.091,600.19,601.65
97.058,598.95,726.64
96.024,597.71,851.63
100.46,725.16,602.91
99.424,723.92,727.9
98.39,722.69,852.89
102.82,850.13,604.16
101.79,848.89,729.16
100.76,847.66,854.15
223.07,597.81,602.66
222.03,596.57,727.65
221,595.33,852.64
225.43,722.78,603.92
224.4,721.54,728.91
223.37,720.31,853.9
227.8,847.75,605.18
226.76,846.52,730.17
225.73,845.28,855.16
348.04,595.43,603.67
347.01,594.19,728.66
345.97,592.96,853.66
350.41,720.4,604.93
349.37,719.17,729.92
348.34,717.93,854.91
352.77,845.38,606.19
351.74,844.14,731.18
350.71,842.9,856.17
223.48,99.386,101.03
225.77,100,226.01
228.06,100.62,350.98
222.71,224.39,100.43
225,225,225.4
227.3,225.62,350.38
221.94,349.39,99.826
224.23,350,224.8
226.53,350.62,349.78
348.45,100.15,98.728
350.75,100.76,223.7
353.04,101.38,348.68
347.69,225.15,98.125
349.98,225.76,223.1
352.27,226.38,348.08
346.92,350.15,97.523
349.21,350.76,222.5
351.5,351.38,347.48
473.43,100.91,96.425
475.72,101.52,221.4
478.01,102.14,346.38
472.66,225.91,95.822
474.95,226.52,220.8
477.25,227.14,345.78
471.89,350.91,95.22
474.18,351.52,220.2
476.48,352.14,345.17
225.64,101.47,225.3
224.37,103.26,350.28
223.11,105.04,475.25
226.56,226.46,223.52
225.29,228.24,348.5
224.02,230.03,473.48
227.47,351.45,221.75
226.21,353.23,346.73
224.94,355.01,471.71
350.63,100.57,226.58
349.36,102.35,351.55
348.1,104.14,476.53
351.55,225.56,224.8
350.28,227.34,349.78
349.02,229.12,474.76
352.47,350.55,223.03
351.2,352.33,348.01
349.93,354.11,472.99
475.62,99.671,227.85
474.35,101.45,352.83
473.09,103.24,477.81
476.54,224.66,226.08
475.27,226.44,351.06
474.01,228.22,476.04
477.46,349.65,224.31
476.19,351.43,349.29
474.93,353.21,474.27
223.12,101.09,348.88
220.37,103.14,473.84
217.61,105.19,598.79
223.49,226.07,346.84
220.74,228.12,471.8
217.98,230.17,596.75
223.86,351.05,344.8
221.11,353.1,469.75
218.35,355.15,594.71
348.09,100.77,351.64
345.33,102.82,476.6
342.58,104.86,601.55
348.46,225.75,349.6
345.7,227.8,474.56
342.95,229.84,599.51
348.83,350.73,347.56
346.07,352.78,472.51
343.32,354.82,597.47
473.05,100.45,354.4
470.3,102.49,479.36
467.55,104.54,604.31
473.42,225.43,352.36
470.67,227.47,477.31
467.92,229.52,602.27
473.79,350.41,350.32
471.04,352.45,475.27
468.29,354.5,600.23
225.55,100.03,476.3
221.98,102.95,601.22
218.41,105.87,726.14
225.63,225,473.39
222.06,227.92,598.3
218.49,230.83,723.22
225.71,349.97,470.47
222.14,352.88,595.39
218.57,355.8,720.3
350.49,100.04,479.87
346.93,102.95,604.79
343.36,105.87,729.71
350.58,225,476.96
347.01,227.92,601.88
343.44,230.84,726.79
350.66,349.97,474.04
347.09,352.89,598.96
343.52,355.8,723.88
475.44,100.04,483.45
471.88,102.96,608.36
468.31,105.87,733.28
475.53,225.01,480.53
471.96,227.92,605.45
468.39,230.84,730.37
475.61,349.98,477.61
472.04,352.89,602.53
468.47,355.81,727.45
224.92,101.61,599.39
224.68,102.28,724.39
224.44,102.95,849.39
225.78,226.6,598.73
225.54,227.28,723.72
225.3,227.95,848.72
226.64,351.6,598.06
226.4,352.27,723.06
226.16,352.94,848.06
349.92,100.75,599.64
349.68,101.43,724.64
349.44,102.1,849.64
350.78,225.75,598.97
350.54,226.42,723.97
350.3,227.09,848.97
351.63,350.75,598.3
351.39,351.42,723.3
351.15,352.09,848.3
474.92,99.9,599.88
474.68,100.57,724.88
474.44,101.24,849.88
475.77,224.9,599.22
475.53,225.57,724.22
475.29,226.24,849.22
476.63,349.89,598.55
476.39,350.56,723.55
476.15,351.23,848.55
223.24,224.49,101.97
223.97,220.98,226.92
224.71,217.48,351.87
222.71,349.44,105.48
223.44,345.93,230.43
224.18,342.43,355.38
222.18,474.38,108.98
222.91,470.88,233.93
223.65,467.38,358.88
348.24,225.04,101.25
348.97,221.54,226.2
349.71,218.04,351.15
347.7,349.99,104.76
348.44,346.49,229.71
349.18,342.99,354.66
347.17,474.94,108.26
347.91,471.44,233.21
348.65,467.94,358.16
473.23,225.6,100.53
473.97,222.1,225.48
474.71,218.59,350.43
472.7,350.55,104.04
473.44,347.05,228.99
474.18,343.54,353.94
472.17,475.5,107.54
472.91,472,232.49
473.64,468.49,357.44
224.33,223.08,226.08
222.07,223.18,351.06
219.81,223.28,476.04
223.66,348.08,225.97
221.4,348.18,350.95
219.14,348.27,475.93
222.99,473.08,225.86
220.73,473.18,350.84
218.47,473.27,475.82
349.31,223.76,228.34
347.05,223.85,353.32
344.79,223.95,478.3
348.64,348.75,228.23
346.38,348.85,353.21
344.11,348.95,478.19
347.96,473.75,228.12
345.7,473.85,353.1
343.44,473.95,478.08
474.28,224.43,230.6
472.02,224.52,355.58
469.76,224.62,480.56
473.61,349.43,230.49
471.35,349.52,355.47
469.09,349.62,480.45
472.94,474.43,230.38
470.68,474.52,355.36
468.42,474.62,480.34
223.77,226.25,350.98
222.62,226.23,475.97
221.47,226.21,600.97
226.36,351.22,351.02
225.2,351.2,476.02
224.05,351.18,601.01
228.94,476.19,351.07
227.79,476.17,476.06
226.64,476.15,601.06
348.74,223.66,352.13
347.59,223.64,477.12
346.43,223.62,602.12
351.33,348.63,352.17
350.17,348.61,477.17
349.02,348.59,602.17
353.91,473.6,352.22
352.76,473.59,477.21
351.61,473.57,602.21
473.71,221.07,353.28
472.56,221.05,478.28
471.4,221.03,603.27
476.29,346.04,353.32
475.14,346.02,478.32
473.99,346,603.32
478.88,471.02,353.37
477.73,471,478.37
476.58,470.98,603.36
223.7,225.76,476.7
226.61,226.45,601.67
229.52,227.14,726.64
226.59,350.73,475.95
229.5,351.41,600.91
232.4,352.1,725.88
229.48,475.69,475.19
232.39,476.38,600.16
235.29,477.07,725.13
348.64,222.86,473.81
351.55,223.54,598.77
354.45,224.23,723.74
351.53,347.82,473.05
354.43,348.51,598.02
357.34,349.2,722.98
354.42,472.79,472.3
357.32,473.48,597.26
360.23,474.16,722.23
473.57,219.95,470.91
476.48,220.64,595.88
479.39,221.33,720.84
476.46,344.92,470.16
479.37,345.61,595.12
482.28,346.3,720.09
479.35,469.89,469.4
482.26,470.57,594.37
485.16,471.26,719.33
224.08,224.72,599.49
221.77,225.55,724.46
219.46,226.38,849.44
226.24,349.7,598.7
223.92,350.53,723.67
221.61,351.36,848.65
228.39,474.68,597.9
226.07,475.51,722.88
223.76,476.34,847.86
349.05,222.59,601.81
346.73,223.42,726.79
344.42,224.25,851.77
351.2,347.57,601.02
348.88,348.4,726
346.57,349.23,850.97
353.35,472.55,600.23
351.04,473.38,725.21
348.72,474.21,850.18
474.01,220.45,604.14
471.7,221.28,729.12
469.38,222.12,854.09
476.16,345.43,603.35
473.85,346.26,728.32
471.53,347.09,853.3
478.31,470.41,602.56
476,471.24,727.53
473.68,472.07,852.51
224.59,349.91,101.73
226.84,351.46,226.7
229.09,353.01,351.67
224.04,474.9,100.18
226.29,476.45,225.15
228.54,478,350.12
223.49,599.89,98.637
225.74,601.44,223.61
227.99,602.99,348.58
349.57,350.43,99.472
351.82,351.98,224.44
354.06,353.53,349.41
349.02,475.42,97.926
351.27,476.97,222.9
353.51,478.52,347.87
348.47,600.41,96.38
350.72,601.96,221.35
352.96,603.52,346.32
474.55,350.96,97.214
476.79,352.51,222.18
479.04,354.06,347.16
473.99,475.95,95.668
476.24,477.5,220.64
478.49,479.05,345.61
473.44,600.94,94.122
475.69,602.49,219.09
477.94,604.04,344.06
226.85,351.81,225.1
224.02,351.43,350.07
221.19,351.05,475.04
223.48,476.77,225.41
220.66,476.38,350.38
217.83,476,475.34
220.12,601.72,225.72
217.29,601.34,350.68
214.46,600.95,475.65
351.77,355.17,227.93
348.94,354.79,352.9
346.11,354.41,477.87
348.41,480.13,228.24
345.58,479.74,353.21
342.75,479.36,478.17
345.04,605.08,228.55
342.21,604.7,353.51
339.38,604.31,478.48
476.69,358.53,230.76
473.86,358.15,355.73
471.03,357.76,480.69
473.33,483.48,231.07
470.5,483.1,356.04
467.67,482.72,481
469.96,608.44,231.38
467.13,608.05,356.34
464.31,607.67,481.31
226.71,348.41,348.64
226.3,349.97,473.63
225.9,351.53,598.62
228.98,473.38,347.09
228.57,474.94,472.07
228.16,476.5,597.06
231.24,598.35,345.53
230.84,599.91,470.52
230.43,601.47,595.51
351.69,346.15,349.07
351.28,347.71,474.06
350.87,349.27,599.05
353.95,471.12,347.52
353.55,472.68,472.51
353.14,474.24,597.5
356.22,596.09,345.97
355.81,597.65,470.96
355.41,599.21,595.95
476.66,343.89,349.5
476.26,345.45,474.49
475.85,347.02,599.48
478.93,468.86,347.95
478.52,470.42,472.94
478.12,471.98,597.93
481.2,593.83,346.4
480.79,595.39,471.39
480.38,596.95,596.38
225.95,350.99,475.25
226.42,351.95,600.24
226.89,352.91,725.24
226.55,475.99,474.28
227.02,476.95,599.28
227.48,477.91,724.27
227.14,600.98,473.32
227.61,601.94,598.31
228.08,602.91,723.31
350.95,350.39,474.79
351.42,351.35,599.78
351.88,352.32,724.78
351.54,475.39,473.82
352.01,476.35,598.82
352.48,477.31,723.81
352.14,600.38,472.86
352.61,601.34,597.85
353.07,602.31,722.85
475.95,349.79,474.33
476.41,350.76,599.32
476.88,351.72,724.32
476.54,474.79,473.36
477.01,475.75,598.36
477.47,476.71,723.35
477.13,599.78,472.4
477.6,600.75,597.39
478.07,601.71,722.39
224.3,350.74,598.76
225.52,347.12,723.71
226.73,343.49,848.65
221.22,475.65,602.41
222.44,472.02,727.35
223.65,468.4,852.3
218.14,600.56,606.06
219.36,596.93,731
220.57,593.3,855.95
349.26,353.85,597.64
350.47,350.22,722.58
351.69,346.6,847.52
346.18,478.76,601.29
347.39,475.13,726.23
348.61,471.51,851.17
343.1,603.67,604.94
344.31,600.04,729.88
345.53,596.41,854.82
474.21,356.96,596.51
475.43,353.33,721.46
476.65,349.71,846.4
471.13,481.87,600.16
472.35,478.24,725.1
473.57,474.62,850.05
468.06,606.78,603.81
469.27,603.15,728.75
470.49,599.52,853.7
223.96,473.27,98.76
224.92,476.04,223.73
225.88,478.81,348.7
224.6,598.24,95.986
225.56,601.01,220.96
226.52,603.78,345.93
225.24,723.2,93.212
226.2,725.98,218.18
227.15,728.75,343.15
348.96,472.61,97.816
349.92,475.38,222.79
350.87,478.15,347.76
349.6,597.58,95.042
350.55,600.35,220.01
351.51,603.12,344.98
350.23,722.54,92.267
351.19,725.32,217.24
352.15,728.09,342.21
473.95,471.95,96.872
474.91,474.72,221.84
475.87,477.49,346.81
474.59,596.92,94.097
475.55,599.69,219.07
476.51,602.46,344.04
475.23,721.88,91.323
476.19,724.66,216.29
477.14,727.43,341.26
223.5,473.26,226.8
223.93,475.16,351.78
224.37,477.06,476.77
222.54,598.24,224.9
222.98,600.14,349.89
223.41,602.05,474.87
221.59,723.22,223
222.02,725.12,347.99
222.46,727.03,472.98
348.49,474.2,226.34
348.93,476.11,351.33
349.36,478.01,476.32
347.54,599.18,224.44
347.97,601.09,349.43
348.41,602.99,474.42
346.58,724.17,222.55
347.02,726.07,347.53
347.45,727.98,472.52
473.48,475.15,225.89
473.92,477.05,350.88
474.35,478.96,475.87
472.53,600.13,223.99
472.96,602.04,348.98
473.4,603.94,473.97
471.57,725.11,222.09
472.01,727.02,347.08
472.45,728.92,472.07
223.17,475.82,349.74
222.23,479.2,474.69
221.29,482.58,599.64
226.87,600.72,346.38
225.92,604.1,471.33
224.98,607.48,596.28
230.56,725.62,343.03
229.62,729,467.98
228.67,732.38,592.93
348.11,472.15,350.78
347.17,475.53,475.73
346.23,478.92,600.68
351.81,597.05,347.42
350.86,600.43,472.37
349.92,603.82,597.32
355.5,721.95,344.07
354.56,725.33,469.02
353.61,728.72,593.97
473.06,468.48,351.82
472.11,471.86,476.77
471.17,475.25,601.72
476.75,593.38,348.46
475.81,596.76,473.41
474.86,600.15,598.36
480.44,718.28,345.1
479.5,721.67,470.06
478.55,725.05,595.01
225.46,476.94,476.32
227.18,479.71,601.28
228.91,482.48,726.24
227.73,601.88,473.52
229.46,604.66,598.48
231.19,607.43,723.44
230.01,726.83,470.72
231.74,729.61,595.68
233.47,732.38,720.63
350.42,474.62,474.64
352.15,477.4,599.6
353.88,480.17,724.56
352.7,599.57,471.84
354.43,602.34,596.8
356.16,605.12,721.76
354.98,724.52,469.04
356.71,727.29,594
358.44,730.07,718.96
475.39,472.31,472.97
477.12,475.08,597.93
478.85,477.86,722.89
477.67,597.26,470.17
479.4,600.03,595.13
481.13,602.8,720.09
479.95,722.2,467.37
481.68,724.98,592.32
483.41,727.75,717.28
223.57,475.8,598.59
227.12,477.65,723.52
230.68,479.51,848.46
222.81,600.78,596.76
226.36,602.64,721.69
229.92,604.49,846.62
222.05,725.77,594.92
225.6,727.62,719.86
229.16,729.48,844.79
348.51,476.5,595.03
352.07,478.36,719.96
355.63,480.22,844.89
347.75,601.49,593.19
351.31,603.34,718.13
354.87,605.2,843.06
346.99,726.47,591.36
350.55,728.33,716.29
354.11,730.18,841.23
473.46,477.21,591.46
477.01,479.07,716.4
480.57,480.92,841.33
472.7,602.19,589.63
476.25,604.05,714.56
479.81,605.9,839.5
471.94,727.18,587.8
475.49,729.03,712.73
479.05,730.89,837.66
223.33,598.6,98.07
220.17,598.82,223.03
217.01,599.03,347.99
221.79,723.59,97.815
218.63,723.8,222.77
215.47,724.02,347.73
220.26,848.58,97.56
217.1,848.79,222.52
213.94,849.01,347.48
348.27,600.15,101.23
345.12,600.36,226.19
341.96,600.58,351.15
346.74,725.13,100.97
343.58,725.35,225.93
340.42,725.56,350.89
345.2,850.12,100.72
342.04,850.34,225.68
338.89,850.55,350.64
473.22,601.69,104.39
470.06,601.91,229.35
466.91,602.12,354.31
471.69,726.68,104.13
468.53,726.89,229.09
465.37,727.11,354.05
470.15,851.67,103.88
466.99,851.88,228.84
463.83,852.1,353.8
226.49,601.32,226.56
226.52,602.61,351.55
226.55,603.9,476.55
229.66,726.28,225.27
229.69,727.57,350.26
229.72,728.86,475.25
232.83,851.23,223.98
232.86,852.52,348.97
232.89,853.81,473.96
351.46,598.15,226.57
351.49,599.44,351.56
351.52,600.73,476.55
354.63,723.1,225.27
354.66,724.39,350.27
354.69,725.69,475.26
357.8,848.06,223.98
357.83,849.35,348.97
357.86,850.64,473.97
476.42,594.98,226.57
476.45,596.27,351.56
476.48,597.56,476.56
479.59,719.93,225.28
479.62,721.22,350.27
479.65,722.51,475.26
482.76,844.88,223.99
482.79,846.17,348.98
482.82,847.47,473.97
223.98,598.02,350.26
222.45,598.47,475.25
220.91,598.92,600.24
224.71,723.02,349.82
223.17,723.47,474.81
221.64,723.92,599.8
225.44,848.01,349.38
223.9,848.46,474.37
222.37,848.91,599.36
348.97,597.3,351.8
347.43,597.74,476.79
345.9,598.19,601.78
349.7,722.29,351.36
348.16,722.74,476.35
346.63,723.19,601.34
350.43,847.29,350.92
348.89,847.73,475.91
347.36,848.18,600.9
473.95,596.57,353.34
472.42,597.01,478.33
470.88,597.46,603.32
474.68,721.56,352.9
473.15,722.01,477.89
471.61,722.46,602.88
475.41,846.56,352.46
473.88,847.01,477.45
472.34,847.45,602.44
226.58,598.49,473.46
229.63,596.5,598.41
232.67,594.51,723.35
227.78,723.47,475.42
230.82,721.48,600.37
233.86,719.49,725.31
228.97,848.45,477.38
232.01,846.46,602.33
235.05,844.47,727.28
351.54,597.34,470.41
354.59,595.35,595.35
357.63,593.37,720.3
352.74,722.32,472.37
355.78,720.33,597.31
358.82,718.34,722.26
353.93,847.3,474.33
356.97,845.31,599.27
360.01,843.32,724.22
476.5,596.2,467.35
479.55,594.21,592.29
482.59,592.22,717.24
477.69,721.18,469.31
480.74,719.19,594.26
483.78,717.2,719.2
478.89,846.16,471.27
481.93,844.17,596.22
484.97,842.18,721.16
223.75,600.84,601.24
223.2,603.16,726.22
222.64,605.47,851.2
225.12,725.81,598.93
224.57,728.13,723.91
224.02,730.44,848.89
226.49,850.78,596.62
225.94,853.1,721.6
225.39,855.41,846.58
348.74,599.48,601.82
348.18,601.79,726.8
347.63,604.11,851.77
350.11,724.45,599.51
349.56,726.76,724.49
349.01,729.08,849.47
351.48,849.42,597.2
350.93,851.73,722.18
350.38,854.05,847.16
473.72,598.11,602.4
473.17,600.43,727.38
472.62,602.74,852.35
475.1,723.08,600.09
474.55,725.4,725.07
474,727.71,850.05
476.47,848.05,597.78
475.92,850.37,722.76
475.37,852.68,847.74
348.85,101.1,99.148
345.43,98.533,224.08
342.01,95.964,349
351.21,226.05,101.79
347.79,223.48,226.71
344.37,220.92,351.64
353.57,351.01,104.43
350.15,348.44,229.35
346.73,345.87,354.28
473.78,98.667,102.52
470.36,96.098,227.45
466.94,93.529,352.37
476.14,223.62,105.16
472.72,221.05,230.08
469.3,218.48,355.01
478.5,348.57,107.8
475.08,346,232.72
471.66,343.43,357.65
598.71,96.232,105.89
595.29,93.663,230.82
591.87,91.093,355.74
601.07,221.18,108.53
597.65,218.61,233.45
594.23,216.04,358.38
603.43,346.13,111.17
600.01,343.57,236.09
596.59,341,361.02
351.53,98.165,223.98
349.11,99.698,348.95
346.69,101.23,473.91
354.08,223.13,222.49
351.65,224.66,347.46
349.23,226.19,472.42
356.62,348.09,221
354.19,349.62,345.97
351.77,351.16,470.94
476.49,95.653,226.43
474.06,97.186,351.4
471.64,98.719,476.37
479.03,220.62,224.95
476.6,222.15,349.91
474.18,223.68,474.88
481.57,345.58,223.46
479.14,347.11,348.42
476.72,348.65,473.39
601.44,93.141,228.89
599.01,94.674,353.86
596.59,96.207,478.82
603.98,218.1,227.4
601.55,219.64,352.37
599.13,221.17,477.33
606.52,343.07,225.91
604.1,344.6,350.88
601.67,346.13,475.85
348.62,101.62,349.3
352.23,104.79,474.21
355.83,107.96,599.12
349.25,226.57,346.11
352.86,229.74,471.02
356.47,232.92,595.93
349.89,351.53,342.92
353.5,354.7,467.83
357.1,357.87,592.73
473.57,100.89,345.71
477.17,104.06,470.62
480.78,107.24,595.53
474.2,225.85,342.52
477.81,229.02,467.43
481.41,232.19,592.34
474.84,350.8,339.33
478.44,353.98,464.24
482.05,357.15,589.14
598.51,100.17,342.12
602.12,103.34,467.03
605.73,106.51,591.94
599.15,225.12,338.93
602.75,228.3,463.84
606.36,231.47,588.75
599.78,350.08,335.74
603.39,353.25,460.64
606.99,356.43,585.55
351.49,99.342,476.78
354.09,101.55,601.73
356.68,103.76,726.69
349.01,224.3,474.62
351.6,226.51,599.58
354.2,228.72,724.53
346.53,349.26,472.47
349.12,351.47,597.42
351.71,353.68,722.38
476.45,101.78,474.14
479.04,103.99,599.1
481.63,106.2,724.05
473.96,226.74,471.99
476.56,228.95,596.94
479.15,231.16,721.89
471.48,351.7,469.83
474.07,353.9,594.78
476.67,356.11,719.74
601.4,104.22,471.5
603.99,106.43,596.46
606.58,108.64,721.41
598.91,229.18,469.35
601.51,231.38,594.3
604.1,233.59,719.26
596.43,354.13,467.19
599.02,356.34,592.15
601.62,358.55,717.1
348.76,99.504,598.08
348.96,101.65,723.06
349.16,103.79,848.05
347.37,224.48,595.94
347.57,226.62,720.92
347.77,228.77,845.9
345.98,349.45,593.8
346.18,351.59,718.78
346.38,353.74,843.76
473.75,100.89,597.85
473.95,103.03,722.84
474.15,105.18,847.82
472.36,225.86,595.71
472.56,228.01,720.69
472.76,230.15,845.67
470.97,350.83,593.57
471.18,352.98,718.55
471.38,355.12,843.53
598.74,102.27,597.63
598.94,104.42,722.61
599.14,106.56,847.59
597.35,227.24,595.48
597.55,229.39,720.46
597.75,231.53,845.45
595.97,352.22,593.34
596.17,354.36,718.32
596.37,356.51,843.3
348.39,223.64,101.91
346.08,225.55,226.87
343.77,227.46,351.83
351.71,348.58,100.06
349.4,350.49,225.02
347.09,352.4,349.98
355.02,473.52,98.214
352.71,475.43,223.18
350.4,477.34,348.14
473.33,220.35,104.27
471.02,222.26,229.23
468.71,224.17,354.2
476.65,345.3,102.42
474.34,347.21,227.39
472.03,349.12,352.35
479.96,470.24,100.58
477.65,472.15,225.54
475.34,474.06,350.5
598.27,217.07,106.64
595.96,218.98,231.6
593.65,220.89,356.56
601.59,342.02,104.79
599.28,343.93,229.75
596.97,345.84,354.71
604.9,466.96,102.94
602.59,468.87,227.9
600.28,470.78,352.86
351.96,223.98,223.05
352.45,220.37,348
352.94,216.76,472.95
349.29,348.9,226.68
349.78,345.29,351.62
350.28,341.67,476.57
346.63,473.82,230.3
347.12,470.2,355.25
347.61,466.59,480.19
476.92,226.66,222.64
477.42,223.05,347.58
477.91,219.44,472.53
474.26,351.58,226.26
474.75,347.97,351.21
475.24,344.35,476.15
471.59,476.5,229.88
472.09,472.88,354.83
472.58,469.27,479.78
601.89,229.34,222.22
602.38,225.73,347.17
602.88,222.11,472.11
599.23,354.26,225.84
599.72,350.64,350.79
600.21,347.03,475.74
596.56,479.17,229.47
597.06,475.56,354.41
597.55,471.95,479.36
348.83,225.19,351.16
350.75,223.65,476.14
352.67,222.11,601.12
348.57,350.18,352.71
350.5,348.64,477.69
352.42,347.1,602.66
348.32,475.17,354.26
350.24,473.62,479.24
352.16,472.08,604.21
473.82,225.46,349.25
475.74,223.92,474.22
477.66,222.38,599.2
473.56,350.45,350.8
475.48,348.91,475.77
477.4,347.37,600.75
473.31,475.44,352.34
475.23,473.9,477.32
477.15,472.36,602.29
598.8,225.74,347.33
600.72,224.2,472.31
602.65,222.66,597.28
598.55,350.73,348.88
600.47,349.19,473.86
602.39,347.65,598.83
598.29,475.72,350.43
600.22,474.18,475.4
602.14,472.64,600.38
351.69,224.59,475.51
353.32,226.28,600.49
354.94,227.97,725.47
349.8,349.56,473.85
351.42,351.25,598.83
353.05,352.94,723.8
347.9,474.53,472.18
349.53,476.22,597.16
351.16,477.92,722.14
476.66,226.46,473.86
478.29,228.15,598.84
479.92,229.84,723.82
474.77,351.43,472.2
476.4,353.12,597.17
478.02,354.81,722.15
472.88,476.4,470.53
474.51,478.09,595.51
476.13,479.79,720.49
601.64,228.32,472.21
603.26,230.02,597.19
604.89,231.71,722.17
599.74,353.3,470.54
601.37,354.99,595.52
603,356.68,720.5
597.85,478.27,468.88
599.48,479.96,593.86
601.11,481.65,718.83
350.73,225.24,598.11
347.02,227.78,723.02
343.31,230.32,847.94
351.28,350.21,595.58
347.57,352.75,720.49
343.86,355.29,845.41
351.83,475.18,593.05
348.12,477.72,717.96
344.41,480.27,842.88
475.67,224.76,601.83
471.96,227.31,726.74
468.26,229.85,851.66
476.22,349.74,599.3
472.51,352.28,724.21
468.81,354.82,849.13
476.77,474.71,596.77
473.06,477.25,721.68
469.36,479.79,846.6
600.61,224.29,605.55
596.91,226.83,730.46
593.2,229.38,855.38
601.16,349.26,603.02
597.46,351.81,727.93
593.75,354.35,852.84
601.71,474.24,600.49
598.01,476.78,725.4
594.3,479.32,850.31
349.28,351.8,100.82
350.3,349.14,225.79
351.32,346.48,350.76
350.19,476.77,103.48
351.21,474.11,228.45
352.22,471.45,353.42
351.09,601.73,106.14
352.11,599.08,231.1
353.13,596.42,356.07
474.27,350.91,99.785
475.29,348.25,224.75
476.31,345.59,349.72
475.18,475.88,102.44
476.2,473.22,227.41
477.21,470.56,352.38
476.08,600.85,105.1
477.1,598.19,230.07
478.12,595.53,355.03
599.26,350.03,98.748
600.28,347.37,223.72
601.3,344.71,348.68
600.17,475,101.4
601.19,472.34,226.37
602.2,469.68,351.34
601.07,599.96,104.06
602.09,597.31,229.03
603.11,594.65,354
349.58,349.78,224.61
349.47,347.85,349.59
349.36,345.93,474.58
351.04,474.76,226.54
350.93,472.83,351.52
350.82,470.91,476.51
352.51,599.73,228.46
352.4,597.81,353.45
352.29,595.89,478.43
474.57,348.31,224.7
474.46,346.39,349.68
474.35,344.46,474.67
476.04,473.29,226.62
475.93,471.37,351.61
475.82,469.44,476.59
477.5,598.27,228.55
477.39,596.35,353.54
477.28,594.42,478.52
599.57,346.85,224.78
599.46,344.92,349.77
599.35,343,474.75
601.03,471.83,226.71
600.92,469.9,351.7
600.81,467.98,476.68
602.49,596.8,228.64
602.38,594.88,353.62
602.27,592.96,478.61
349.65,350.65,350.26
348.56,347.91,475.22
347.47,345.18,600.18
350.33,475.61,353
349.24,472.88,477.96
348.14,470.15,602.93
351,600.58,355.74
349.91,597.85,480.71
348.82,595.11,605.67
474.65,349.95,351.33
473.56,347.22,476.29
472.47,344.48,601.26
475.32,474.92,354.07
474.23,472.18,479.04
473.14,469.45,604
476,599.88,356.82
474.91,597.15,481.78
473.82,594.41,606.75
599.65,349.25,352.4
598.55,346.52,477.37
597.46,343.78,602.33
600.32,474.22,355.15
599.23,471.48,480.11
598.14,468.75,605.08
601,599.18,357.89
599.9,596.45,482.86
598.81,593.71,607.82
350.88,348.78,476
348.54,346.78,600.96
346.19,344.78,725.93
351.35,473.76,478
349.01,471.76,602.96
346.67,469.77,727.92
351.82,598.75,479.99
349.48,596.75,604.96
347.14,594.75,729.92
475.86,348.27,478.33
473.52,346.27,603.3
471.17,344.28,728.26
476.33,473.25,480.33
473.99,471.26,605.29
471.65,469.26,730.26
476.8,598.24,482.33
474.46,596.24,607.29
472.12,594.25,732.25
600.84,347.76,480.67
598.5,345.76,605.63
596.15,343.77,730.59
601.31,472.75,482.66
598.97,470.75,607.63
596.63,468.75,732.59
601.78,597.73,484.66
599.44,595.73,609.62
597.1,593.74,734.58
348.77,349.71,600.76
348.42,351.83,725.74
348.08,353.95,850.73
349.37,474.69,598.64
349.02,476.81,723.63
348.68,478.94,848.61
349.96,599.68,596.53
349.62,601.8,721.51
349.28,603.92,846.5
473.77,349.11,601.11
473.42,351.24,726.1
473.08,353.36,851.08
474.37,474.1,599
474.02,476.22,723.98
473.68,478.34,848.97
474.96,599.08,596.88
474.62,601.2,721.87
474.28,603.32,846.85
598.77,348.52,601.47
598.42,350.64,726.45
598.08,352.76,851.43
599.37,473.5,599.35
599.02,475.62,724.34
598.68,477.74,849.32
599.96,598.48,597.24
599.62,600.6,722.22
599.28,602.72,847.2
351.38,475.77,100.08
348.22,475.86,225.05
345.05,475.95,350.01
349.55,600.76,99.951
346.38,600.85,224.91
343.21,600.93,349.88
347.71,725.75,99.82
344.55,725.83,224.78
341.38,725.92,349.74
476.33,477.61,103.25
473.16,477.7,228.21
470,477.79,353.18
474.5,602.6,103.12
471.33,602.69,228.08
468.16,602.77,353.05
472.66,727.59,102.99
469.49,727.67,227.95
466.33,727.76,352.91
601.28,479.45,106.42
598.11,479.54,231.38
594.94,479.62,356.35
599.44,604.44,106.29
596.28,604.52,231.25
593.11,604.61,356.21
597.61,729.43,106.16
594.44,729.51,231.12
591.27,729.6,356.08
348.58,476.29,223.41
351.19,479.94,348.33
353.81,483.59,473.26
346.22,601.21,219.81
348.84,604.86,344.73
351.46,608.51,469.65
343.87,726.13,216.21
346.49,729.79,341.13
349.11,733.44,466.05
473.53,478.56,220.72
476.15,482.21,345.65
478.76,485.86,470.57
471.18,603.48,217.12
473.8,607.13,342.04
476.41,610.78,466.96
468.83,728.41,213.52
471.44,732.06,338.44
474.06,735.71,463.36
598.48,480.83,218.04
601.1,484.48,342.96
603.72,488.13,467.88
596.13,605.75,214.43
598.75,609.4,339.36
601.37,613.06,464.28
593.78,730.68,210.83
596.4,734.33,335.75
599.01,737.98,460.67
349.73,476.59,348.4
351.84,474.69,473.37
353.95,472.79,598.35
349.9,601.57,350.29
352.01,599.68,475.27
354.13,597.78,600.24
350.07,726.56,352.19
352.18,724.66,477.16
354.3,722.77,602.14
474.71,476.45,346.28
476.82,474.55,471.25
478.94,472.65,596.23
474.88,601.43,348.18
476.99,599.54,473.15
479.11,597.64,598.12
475.05,726.42,350.07
477.16,724.53,475.05
479.28,722.63,600.02
599.69,476.31,344.16
601.8,474.41,469.14
603.92,472.52,594.11
599.86,601.3,346.06
601.97,599.4,471.03
604.09,597.5,596.01
600.03,726.28,347.95
602.15,724.39,472.93
604.26,722.49,597.9
348.22,474.28,475.44
344.64,471.22,600.35
341.05,468.17,725.26
345.36,599.21,478.42
341.77,596.16,603.32
338.19,593.1,728.23
342.5,724.15,481.39
338.91,721.09,606.3
335.33,718.04,731.21
473.14,477.05,479.09
469.55,474,604
465.97,470.94,728.91
470.28,601.98,482.07
466.69,598.93,606.98
463.11,595.88,731.89
467.41,726.92,485.04
463.83,723.86,609.95
460.24,720.81,734.86
598.06,479.82,482.75
594.47,476.77,607.66
590.88,473.72,732.56
595.19,604.76,485.72
591.61,601.7,610.63
588.02,598.65,735.54
592.33,729.69,488.7
588.74,726.64,613.61
585.16,723.58,738.51
350.08,474.6,601.48
353.75,472.83,726.41
357.41,471.07,851.35
348.4,599.57,603.29
352.07,597.81,728.23
355.73,596.04,853.16
346.72,724.54,605.11
350.39,722.78,730.04
354.05,721.01,854.98
475.02,476.33,597.84
478.68,474.56,722.77
482.35,472.8,847.71
473.34,601.3,599.65
477,599.54,724.59
480.67,597.77,849.52
471.66,726.27,601.47
475.33,724.51,726.4
478.99,722.75,851.34
599.95,478.06,594.2
603.62,476.29,719.14
607.28,474.53,844.07
598.28,603.03,596.02
601.94,601.27,720.95
605.6,599.5,845.89
596.6,728,597.83
600.26,726.24,722.77
603.93,724.48,847.7
350.18,598.15,99.372
347.05,596.14,224.32
343.91,594.12,349.26
350.82,723.13,101.41
347.69,721.12,226.35
344.55,719.1,351.29
351.46,848.11,103.44
348.33,846.1,228.38
345.19,844.08,353.33
475.14,597.46,102.49
472.01,595.44,227.44
468.87,593.43,352.38
475.78,722.44,104.53
472.65,720.42,229.47
469.51,718.41,354.41
476.42,847.42,106.56
473.29,845.4,231.5
470.15,843.39,356.45
600.1,596.77,105.61
596.96,594.75,230.56
593.83,592.74,355.5
600.74,721.75,107.65
597.61,719.73,232.59
594.47,717.72,357.53
601.38,846.73,109.68
598.25,844.71,234.62
595.11,842.7,359.57
349.08,601.5,225.44
349.14,603.64,350.42
349.19,605.77,475.4
348.15,726.48,223.31
348.2,728.61,348.29
348.26,730.74,473.27
347.22,851.45,221.17
347.27,853.59,346.15
347.32,855.72,471.14
474.08,602.44,225.37
474.13,604.57,350.35
474.19,606.7,475.33
473.15,727.41,223.24
473.2,729.54,348.22
473.25,731.68,473.2
472.22,852.38,221.1
472.27,854.52,346.09
472.32,856.65,471.07
599.08,603.37,225.3
599.13,605.5,350.28
599.18,607.63,475.26
598.15,728.34,223.17
598.2,730.47,348.15
598.25,732.61,473.13
597.21,853.32,221.03
597.27,855.45,346.02
597.32,857.58,471
348.88,601.07,349.22
351.11,602.33,474.19
353.34,603.6,599.16
348.74,726.07,347.96
350.97,727.33,472.93
353.2,728.59,597.9
348.61,851.06,346.7
350.83,852.32,471.67
353.06,853.59,596.64
473.86,601.19,347
476.09,602.45,471.97
478.32,603.71,596.94
473.72,726.18,345.73
475.95,727.45,470.71
478.18,728.71,595.68
473.58,851.18,344.47
475.81,852.44,469.44
478.04,853.71,594.42
598.84,601.31,344.77
601.06,602.57,469.74
603.29,603.83,594.71
598.7,726.3,343.51
600.93,727.57,468.48
603.16,728.83,593.45
598.56,851.3,342.25
600.79,852.56,467.22
603.02,853.82,592.19
349.03,601.62,476.53
349.59,602.56,601.52
350.16,603.5,726.51
346.01,726.58,475.6
346.57,727.52,600.59
347.14,728.47,725.59
342.98,851.54,474.67
343.55,852.48,599.67
344.11,853.43,724.66
474,604.64,475.94
474.56,605.58,600.93
475.13,606.52,725.92
470.97,729.6,475.01
471.54,730.54,600
472.11,731.48,725
467.95,854.56,474.08
468.52,855.5,599.08
469.08,856.45,724.07
598.97,607.66,475.35
599.53,608.6,600.34
600.1,609.54,725.33
595.94,732.62,474.42
596.51,733.56,599.41
597.08,734.5,724.41
592.92,857.58,473.49
593.49,858.52,598.49
594.05,859.46,723.48
350.36,601.79,598.5
348.67,599.27,723.47
346.98,596.74,848.43
347.62,726.73,600.98
345.92,724.21,725.95
344.23,721.69,850.92
344.87,851.68,603.47
343.18,849.15,728.44
341.49,846.63,853.4
475.32,604.5,600.25
473.63,601.97,725.22
471.94,599.45,850.19
472.58,729.44,602.74
470.88,726.92,727.71
469.19,724.39,852.67
469.83,854.39,605.23
468.14,851.86,730.19
466.45,849.34,855.16
600.28,607.2,602.01
598.59,604.68,726.97
596.9,602.16,851.94
597.54,732.15,604.49
595.84,729.62,729.46
594.15,727.1,854.43
594.79,857.09,606.98
593.1,854.57,731.95
591.41,852.05,856.91
474.51,98.564,100.8
475.29,100.9,225.78
476.06,103.24,350.76
471.55,223.51,98.484
472.32,225.85,223.46
473.1,228.19,348.44
468.59,348.45,96.164
469.36,350.79,221.14
470.14,353.13,346.12
599.47,101.51,99.973
600.25,103.85,224.95
601.02,106.19,349.93
596.51,226.45,97.653
597.29,228.79,222.63
598.06,231.13,347.61
593.55,351.4,95.333
594.33,353.74,220.31
595.1,356.08,345.29
724.43,104.45,99.143
725.21,106.79,224.12
725.99,109.13,349.1
721.47,229.39,96.823
722.25,231.73,221.8
723.03,234.07,346.78
718.51,354.34,94.503
719.29,356.68,219.48
720.07,359.02,344.46
476.89,98.955,223.08
477.88,102.44,348.02
478.88,105.92,472.97
478.18,223.9,219.58
479.17,227.38,344.53
480.17,230.87,469.47
479.47,348.85,216.09
480.46,352.33,341.03
481.46,355.81,465.98
601.88,97.636,222.12
602.87,101.12,347.07
603.86,104.6,472.01
603.17,222.58,218.63
604.16,226.06,343.57
605.16,229.55,468.52
604.46,347.53,215.13
605.45,351.01,340.08
606.45,354.49,465.02
726.86,96.317,221.16
727.86,99.801,346.11
728.85,103.28,471.05
728.16,221.26,217.67
729.15,224.75,342.61
730.14,228.23,467.56
729.45,346.21,214.17
730.44,349.69,339.12
731.43,353.17,464.06
475.02,99.666,350.29
476.65,100.76,475.28
478.28,101.85,600.26
478.36,224.62,349.15
479.99,225.71,474.14
481.62,226.8,599.12
481.71,349.57,348.01
483.34,350.66,473
484.96,351.75,597.98
599.97,96.312,348.7
601.59,97.406,473.68
603.22,98.5,598.66
603.31,221.26,347.55
604.94,222.36,472.54
606.57,223.45,597.52
606.65,346.21,346.41
608.28,347.31,471.4
609.91,348.4,596.38
724.91,92.957,347.1
726.54,94.051,472.08
728.17,95.146,597.06
728.25,217.91,345.95
729.88,219,470.94
731.51,220.1,595.92
731.6,342.86,344.81
733.22,343.95,469.8
734.85,345.05,594.78
474.98,101.44,476.64
471.58,102.03,601.59
468.18,102.62,726.54
472.33,226.41,475.98
468.93,227,600.93
465.52,227.59,725.88
469.67,351.38,475.31
466.27,351.97,600.26
462.87,352.56,725.22
599.91,104.11,480.03
596.51,104.7,604.98
593.11,105.29,729.93
597.25,229.08,479.36
593.85,229.67,604.31
590.45,230.26,729.26
594.6,354.06,478.7
591.2,354.64,603.65
587.79,355.23,728.6
724.83,106.78,483.41
721.43,107.37,608.36
718.03,107.96,733.31
722.18,231.76,482.75
718.78,232.34,607.7
715.38,232.93,732.65
719.52,356.73,482.09
716.12,357.32,607.04
712.72,357.9,731.99
474.51,99.992,599.76
477.73,100.98,724.71
480.95,101.97,849.67
473,224.98,598.81
476.22,225.97,723.76
479.44,226.96,848.71
471.49,349.97,597.86
474.71,350.96,722.81
477.93,351.95,847.76
599.46,101.48,596.53
602.68,102.47,721.48
605.9,103.45,846.43
597.95,226.46,595.58
601.17,227.45,720.53
604.39,228.44,845.48
596.44,351.45,594.63
599.66,352.44,719.58
602.88,353.43,844.53
724.41,102.96,593.3
727.63,103.95,718.25
730.85,104.94,843.2
722.9,227.95,592.35
726.12,228.94,717.3
729.34,229.93,842.25
721.39,352.94,591.4
724.61,353.93,716.35
727.83,354.92,841.3
474.76,223.57,101.27
477.08,225.06,226.24
479.4,226.55,351.21
471.81,348.53,99.836
474.13,350.02,224.8
476.45,351.51,349.77
468.86,473.49,98.403
471.18,474.98,223.37
473.49,476.47,348.34
599.7,226.5,98.917
602.02,227.99,223.89
604.34,229.48,348.85
596.75,351.46,97.483
599.07,352.95,222.45
601.39,354.44,347.42
593.8,476.42,96.05
596.12,477.91,221.02
598.43,479.4,345.99
724.64,229.43,96.564
726.96,230.92,221.53
729.28,232.41,346.5
721.69,354.39,95.131
724.01,355.88,220.1
726.33,357.37,345.07
718.74,479.35,93.697
721.06,480.84,218.67
723.37,482.33,343.63
476.87,224.52,224.9
473.31,221.39,349.81
469.76,218.27,474.72
474.12,349.45,227.95
470.56,346.33,352.86
467.01,343.2,477.77
471.37,474.38,230.99
467.82,471.26,355.9
464.26,468.14,480.81
601.78,227.18,228.53
598.23,224.05,353.44
594.67,220.93,478.35
599.04,352.11,231.57
595.48,348.99,356.48
591.93,345.86,481.39
596.29,477.04,234.61
592.74,473.92,359.52
589.18,470.8,484.43
726.7,229.84,232.15
723.14,226.71,357.06
719.59,223.59,481.97
723.95,354.77,235.19
720.4,351.65,360.1
716.84,348.52,485.01
721.21,479.7,238.23
717.65,476.58,363.14
714.1,473.46,488.05
473.67,226.31,351.98
470.2,226.05,476.93
466.73,225.78,601.88
475.49,351.3,352.29
472.03,351.03,477.24
468.56,350.76,602.19
477.32,476.29,352.61
473.85,476.02,477.56
470.39,475.75,602.51
598.6,224.48,355.44
595.14,224.21,480.39
591.67,223.94,605.35
600.43,349.47,355.76
596.96,349.2,480.71
593.5,348.93,605.66
602.26,474.45,356.07
598.79,474.18,481.03
595.33,473.92,605.98
723.54,222.64,358.91
720.07,222.38,483.86
716.61,222.11,608.81
725.37,347.63,359.23
721.9,347.36,484.18
718.43,347.09,609.13
727.19,472.62,359.54
723.73,472.35,484.49
720.26,472.08,609.44
475.78,223.3,476.02
478.77,223.04,600.99
481.75,222.77,725.95
478.14,348.28,476.24
481.12,348.01,601.2
484.11,347.74,726.17
480.49,473.26,476.45
483.48,472.99,601.42
486.46,472.72,726.38
600.73,220.95,473.03
603.71,220.69,597.99
606.7,220.42,722.96
603.08,345.93,473.24
606.07,345.66,598.21
609.05,345.39,723.17
605.44,470.91,473.46
608.42,470.64,598.42
611.41,470.37,723.39
725.67,218.6,470.04
728.65,218.34,595
731.64,218.07,719.97
728.02,343.58,470.25
731.01,343.31,595.22
733.99,343.04,720.18
730.38,468.56,470.46
733.37,468.29,595.43
736.35,468.02,720.4
473.41,223.9,598.16
474.26,222.84,723.15
475.11,221.79,848.14
471.21,348.87,599.23
472.05,347.82,724.22
472.9,346.77,849.21
469,473.85,600.3
469.85,472.8,725.29
470.7,471.75,850.27
598.39,226.11,597.33
599.24,225.05,722.32
600.09,224,847.31
596.19,351.08,598.4
597.03,350.03,723.39
597.88,348.98,848.38
593.98,476.06,599.47
594.83,475.01,724.46
595.68,473.96,849.45
723.37,228.32,596.5
724.22,227.26,721.49
725.07,226.21,846.48
721.17,353.29,597.57
722.01,352.24,722.56
722.86,351.19,847.55
718.96,478.27,598.64
719.81,477.22,723.63
720.66,476.17,848.62
473.59,351.15,98.811
471.76,352.93,223.79
469.94,354.71,348.76
470.73,476.1,96.994
468.9,477.88,221.97
467.07,479.66,346.94
467.86,601.06,95.177
466.03,602.84,220.15
464.2,604.62,345.13
598.55,354.05,100.6
596.72,355.83,225.57
594.89,357.61,350.55
595.68,479,98.782
593.86,480.78,223.76
592.03,482.56,348.73
592.82,603.96,96.965
590.99,605.73,221.94
589.16,607.51,346.91
723.51,356.94,102.39
721.68,358.72,227.36
719.85,360.5,352.34
720.64,481.9,100.57
718.81,483.68,225.54
716.99,485.46,350.52
717.77,606.85,98.753
715.95,608.63,223.73
714.12,610.41,348.7
476.65,351.19,226.38
474.51,353.8,351.34
472.37,356.42,476.29
477.15,476.16,223.77
475.02,478.77,348.73
472.88,481.39,473.68
477.66,601.13,221.16
475.52,603.74,346.12
473.38,606.36,471.07
601.63,350.73,228.53
599.49,353.34,353.48
597.35,355.96,478.44
602.13,475.7,225.92
600,478.31,350.88
597.86,480.93,475.83
602.64,600.67,223.31
600.5,603.28,348.27
598.37,605.9,473.22
726.61,350.27,230.68
724.47,352.88,355.63
722.33,355.5,480.59
727.11,475.24,228.07
724.98,477.85,353.02
722.84,480.47,477.98
727.62,600.21,225.46
725.48,602.82,350.42
723.35,605.44,475.37
474.65,348.33,351.01
471.14,350.82,475.93
467.62,353.31,600.86
476.63,473.29,348.57
473.11,475.78,473.5
469.6,478.27,598.42
478.61,598.25,346.14
475.09,600.74,471.06
471.57,603.23,595.99
599.59,346.42,354.56
596.07,348.91,479.49
592.55,351.4,604.41
601.56,471.38,352.13
598.05,473.87,477.05
594.53,476.36,601.98
603.54,596.34,349.69
600.02,598.83,474.62
596.51,601.32,599.54
724.52,344.51,358.12
721.01,347,483.04
717.49,349.49,607.96
726.5,469.47,355.68
722.98,471.96,480.61
719.46,474.45,605.53
728.47,594.43,353.25
724.96,596.92,478.17
721.44,599.41,603.1
473.43,348.17,475.57
472.26,346.6,600.56
471.1,345.02,725.55
474.62,473.16,477.16
473.46,471.58,602.15
472.29,470.01,727.13
475.81,598.15,478.75
474.65,596.57,603.74
473.49,594.99,728.72
598.42,346.96,476.73
597.26,345.38,601.71
596.09,343.81,726.7
599.61,471.95,478.32
598.45,470.37,603.3
597.28,468.79,728.29
600.81,596.94,479.9
599.64,595.36,604.89
598.48,593.78,729.88
723.41,345.75,477.88
722.25,344.17,602.87
721.08,342.59,727.85
724.6,470.74,479.47
723.44,469.16,604.46
722.28,467.58,729.44
725.8,595.72,481.06
724.63,594.15,606.04
723.47,592.57,731.03
475.14,350.78,600.94
475.06,350.52,725.94
474.99,350.26,850.94
473.78,475.77,601.21
473.7,475.51,726.21
473.63,475.25,851.2
472.42,600.77,601.47
472.34,600.51,726.47
472.27,600.25,851.47
600.13,352.15,601.02
600.06,351.89,726.02
599.98,351.62,851.02
598.77,477.14,601.28
598.69,476.88,726.28
598.62,476.62,851.28
597.41,602.13,601.55
597.33,601.87,726.55
597.26,601.61,851.54
725.12,353.51,601.1
725.05,353.25,726.09
724.97,352.99,851.09
723.76,478.5,601.36
723.69,478.24,726.36
723.61,477.98,851.36
722.4,603.5,601.62
722.33,603.24,726.62
722.25,602.97,851.62
474.33,475,98.359
471.24,474.44,223.32
468.16,473.87,348.28
473.69,599.99,98.902
470.61,599.43,223.86
467.52,598.87,348.82
473.05,724.99,99.446
469.97,724.43,224.41
466.89,723.87,349.37
599.28,475.62,101.45
596.2,475.05,226.41
593.12,474.49,351.37
598.65,600.61,101.99
595.57,600.05,226.95
592.48,599.49,351.91
598.01,725.61,102.53
594.93,725.05,227.49
591.85,724.49,352.46
724.24,476.23,104.53
721.16,475.67,229.5
718.08,475.11,354.46
723.61,601.23,105.08
720.53,600.67,230.04
717.44,600.11,355
722.97,726.23,105.62
719.89,725.67,230.58
716.81,725.1,355.54
475.18,476.32,223.74
472.87,472.99,348.67
470.55,469.66,473.61
473.13,601.26,227.03
470.81,597.93,351.96
468.49,594.6,476.9
471.08,726.19,230.32
468.76,722.86,355.25
466.44,719.54,480.19
600.14,478.31,226.1
597.83,474.98,351.03
595.51,471.65,475.97
598.09,603.25,229.39
595.77,599.92,354.33
593.45,596.59,479.26
596.04,728.19,232.68
593.72,724.86,357.62
591.4,721.53,482.55
725.1,480.3,228.46
722.79,476.97,353.4
720.47,473.64,478.33
723.05,605.24,231.76
720.73,601.91,356.69
718.41,598.58,481.62
721,730.18,235.05
718.68,726.85,359.98
716.36,723.52,484.92
473.41,476.82,350.13
472.83,478.12,475.12
472.25,479.42,600.12
474.77,601.81,348.84
474.19,603.11,473.83
473.61,604.4,598.83
476.13,726.8,347.54
475.55,728.1,472.54
474.97,729.39,597.54
598.4,475.47,350.72
597.82,476.76,475.71
597.24,478.06,600.71
599.76,600.45,349.43
599.18,601.75,474.42
598.6,603.05,599.42
601.12,725.44,348.14
600.54,726.74,473.13
599.96,728.03,598.13
723.39,474.11,351.31
722.81,475.41,476.3
722.23,476.7,601.3
724.75,599.1,350.02
724.17,600.39,475.01
723.59,601.69,600.01
726.11,724.08,348.73
725.53,725.38,473.72
724.95,726.68,598.72
474.52,474.6,473.43
474.98,475.96,598.43
475.43,477.32,723.42
471.77,599.57,472.08
472.23,600.92,597.08
472.68,602.28,722.08
469.02,724.53,470.74
469.48,725.89,595.73
469.93,727.25,720.73
599.5,477.35,472.95
599.95,478.71,597.94
600.41,480.07,722.94
596.75,602.32,471.6
597.2,603.68,596.6
597.66,605.03,721.59
594,727.28,470.25
594.45,728.64,595.25
594.9,730,720.24
724.47,480.1,472.46
724.92,481.46,597.46
725.38,482.82,722.46
721.72,605.07,471.12
722.17,606.43,596.11
722.63,607.78,721.11
718.97,730.03,469.77
719.42,731.39,594.76
719.88,732.75,719.76
476.99,474.97,600.42
479.77,473.86,725.39
482.55,472.76,850.35
480.27,599.93,601.46
483.05,598.82,726.42
485.83,597.71,851.39
483.55,724.88,602.49
486.33,723.77,727.46
489.11,722.66,852.42
601.92,471.72,597.62
604.7,470.61,722.58
607.48,469.5,847.54
605.2,596.67,598.65
607.98,595.56,723.62
610.75,594.45,848.58
608.48,721.62,599.69
611.26,720.51,724.65
614.03,719.4,849.61
726.85,468.46,594.81
729.62,467.35,719.78
732.4,466.24,844.74
730.13,593.41,595.85
732.9,592.3,720.81
735.68,591.19,845.77
733.41,718.36,596.88
736.18,717.25,721.85
738.96,716.14,846.81
474.43,599.68,101.69
473.23,602.41,226.65
472.04,605.13,351.62
474.79,724.65,98.973
473.59,727.37,223.94
472.39,730.1,348.9
475.14,849.62,96.26
473.95,852.34,221.22
472.75,855.07,346.19
599.43,599.35,102.89
598.23,602.08,227.85
597.03,604.8,352.82
599.78,724.32,100.18
598.59,727.05,225.14
597.39,729.77,350.11
600.14,849.29,97.463
598.94,852.02,222.43
597.74,854.74,347.39
724.42,599.03,104.09
723.22,601.75,229.06
722.03,604.47,354.02
724.78,723.99,101.38
723.58,726.72,226.34
722.38,729.44,351.31
725.13,848.96,98.666
723.94,851.69,223.63
722.74,854.41,348.59
476.21,601.62,223.87
478.14,598.21,348.81
480.08,594.79,473.74
478.83,726.55,227.25
480.76,723.14,352.19
482.69,719.72,477.12
481.44,851.48,230.63
483.38,848.07,355.56
485.31,844.65,480.5
601.17,599.06,221.86
603.1,595.65,346.8
605.03,592.23,471.73
603.78,723.99,225.24
605.72,720.58,350.18
607.65,717.16,475.11
606.4,848.92,228.62
608.33,845.51,353.56
610.27,842.09,478.49
726.13,596.5,219.85
728.06,593.09,344.79
729.99,589.67,469.73
728.74,721.43,223.23
730.68,718.02,348.17
732.61,714.6,473.11
731.36,846.36,226.61
733.29,842.95,351.55
735.22,839.53,476.48
474.75,601.8,350.09
473.77,602.62,475.09
472.79,603.43,600.08
475.16,726.8,349.28
474.18,727.62,474.27
473.2,728.43,599.27
475.57,851.8,348.47
474.6,852.61,473.46
473.62,853.43,598.45
599.73,601.39,351.08
598.76,602.21,476.07
597.78,603.03,601.07
600.15,726.39,350.26
599.17,727.21,475.26
598.19,728.03,600.25
600.56,851.39,349.45
599.58,852.21,474.44
598.61,853.02,599.44
724.72,600.98,352.06
723.74,601.8,477.06
722.76,602.62,602.05
725.14,725.98,351.25
724.16,726.8,476.24
723.18,727.62,601.24
725.55,850.98,350.44
724.57,851.8,475.43
723.59,852.62,600.42
473.1,601.18,473.15
474.49,603.01,598.14
475.88,604.84,723.12
471.85,726.16,471.34
473.24,727.98,596.32
474.62,729.81,721.3
470.6,851.13,469.53
471.98,852.96,594.51
473.37,854.78,719.49
598.09,602.41,471.75
599.48,604.24,596.73
600.86,606.07,721.71
596.84,727.39,469.93
598.22,729.22,594.92
599.61,731.04,719.9
595.59,852.36,468.12
596.97,854.19,593.1
598.36,856.02,718.08
723.08,603.65,470.34
724.46,605.47,595.33
725.85,607.3,720.31
721.83,728.62,468.53
723.21,730.45,593.51
724.6,732.27,718.49
720.57,853.59,466.72
721.96,855.42,591.7
723.35,857.25,716.68
475.64,599.38,598.51
479.34,602.1,723.43
483.05,604.82,848.34
477.26,724.33,595.73
480.96,727.06,720.65
484.67,729.78,845.57
478.88,849.29,592.96
482.58,852.01,717.87
486.29,854.73,842.79
600.57,597.67,594.84
604.28,600.4,719.76
607.98,603.12,844.67
602.19,722.63,592.06
605.9,725.35,716.98
609.6,728.08,841.89
603.81,847.58,589.29
607.52,850.31,714.2
611.22,853.03,839.12
725.51,595.97,591.17
729.21,598.69,716.09
732.92,601.42,841
727.13,720.93,588.39
730.83,723.65,713.31
734.54,726.37,838.22
728.75,845.88,585.62
732.45,848.6,710.53
736.16,851.33,835.45
601.39,99.173,98.022
598.33,101.12,222.97
595.27,103.06,347.92
598.47,224.12,96.007
595.4,226.07,220.96
592.34,228.01,345.9
595.54,349.07,93.991
592.47,351.02,218.94
589.41,352.97,343.89
726.32,102.15,101.05
723.26,104.09,225.99
720.19,106.04,350.94
723.39,227.1,99.03
720.33,229.04,223.98
717.27,230.99,348.93
720.47,352.05,97.015
717.4,354,221.96
714.34,355.94,346.91
851.25,105.12,104.07
848.19,107.07,229.02
845.12,109.01,353.97
848.32,230.07,102.05
845.26,232.02,227
842.19,233.97,351.95
845.39,355.03,100.04
842.33,356.97,224.99
839.27,358.92,349.94
600.1,98.432,226.95
599.34,101.39,351.91
598.58,104.36,476.87
600.98,223.39,223.99
600.22,226.35,348.96
599.47,229.32,473.92
601.87,348.35,221.04
601.11,351.31,346
600.35,354.28,470.96
725.09,97.565,227.73
724.33,100.53,352.69
723.58,103.49,477.65
725.98,222.52,224.77
725.22,225.49,349.73
724.46,228.45,474.7
726.86,347.48,221.82
726.1,350.45,346.78
725.35,353.41,471.74
850.09,96.697,228.51
849.33,99.659,353.47
848.57,102.62,478.43
850.97,221.66,225.55
850.21,224.62,350.51
849.46,227.58,475.48
851.86,346.62,222.6
851.1,349.58,347.56
850.34,352.54,472.52
600.44,98.309,349.89
603.71,98.012,474.85
606.98,97.716,599.8
603.93,223.26,350.1
607.2,222.96,475.06
610.46,222.67,600.01
607.42,348.21,350.31
610.68,347.91,475.26
613.95,347.62,600.22
725.35,94.825,346.62
728.62,94.529,471.58
731.88,94.233,596.53
728.84,219.78,346.83
732.1,219.48,471.78
735.37,219.18,596.74
732.32,344.73,347.03
735.59,344.43,471.99
738.86,344.13,596.94
850.26,91.342,343.35
853.52,91.046,468.3
856.79,90.749,593.26
853.74,216.29,343.55
857.01,216,468.51
860.28,215.7,593.46
857.23,341.24,343.76
860.5,340.95,468.71
863.76,340.65,593.67
599.93,99.734,476.71
597.46,98.299,601.68
594.99,96.864,726.64
596.45,224.68,478.07
593.98,223.24,603.04
591.51,221.81,728.01
592.97,349.62,479.44
590.5,348.19,604.41
588.03,346.75,729.38
724.85,103.19,479.22
722.39,101.75,604.19
719.92,100.32,729.15
721.37,228.13,480.58
718.9,226.7,605.55
716.43,225.26,730.52
717.89,353.08,481.95
715.42,351.64,606.92
712.95,350.21,731.89
849.78,106.65,481.73
847.31,105.21,606.69
844.84,103.78,731.66
846.3,231.59,483.09
843.83,230.15,608.06
841.36,228.72,733.03
842.81,356.53,484.46
840.35,355.1,609.43
837.88,353.66,734.4
600.87,101.29,600.46
604.14,103.6,725.39
607.41,105.91,850.33
597.74,226.23,598.23
601.01,228.54,723.17
604.28,230.85,848.11
594.61,351.17,596
597.88,353.48,720.94
601.15,355.79,845.88
725.79,104.36,597.13
729.06,106.67,722.07
732.32,108.98,847
722.65,229.3,594.9
725.92,231.61,719.84
729.19,233.92,844.78
719.52,354.25,592.68
722.79,356.56,717.61
726.06,358.86,842.55
850.7,107.44,593.8
853.97,109.75,718.74
857.24,112.05,843.68
847.57,232.38,591.57
850.84,234.69,716.51
854.11,237,841.45
844.44,357.32,589.35
847.7,359.63,714.29
850.97,361.94,839.22
600.01,223.14,99.695
601.6,225.54,224.66
603.19,227.95,349.63
597.33,348.08,97.326
598.92,350.49,222.29
600.51,352.9,347.26
594.64,473.03,94.957
596.23,475.44,219.92
597.82,477.85,344.89
724.97,225.79,98.05
726.56,228.19,223.02
728.16,230.6,347.98
722.29,350.73,95.681
723.88,353.14,220.65
725.47,355.55,345.61
719.6,475.68,93.312
721.19,478.09,218.28
722.79,480.5,343.25
849.93,228.44,96.405
851.53,230.85,221.37
853.12,233.25,346.34
847.25,353.39,94.036
848.84,355.79,219
850.43,358.2,343.97
844.56,478.33,91.667
846.15,480.74,216.63
847.75,483.15,341.6
598.11,225.27,224.96
601.79,223.89,349.89
605.48,222.51,474.83
596.63,350.25,226.38
600.31,348.87,351.32
604,347.49,476.26
595.15,475.24,227.8
598.84,473.85,352.74
602.52,472.47,477.68
723.04,226.79,221.29
726.73,225.41,346.23
730.42,224.03,471.16
721.57,351.77,222.71
725.25,350.39,347.65
728.94,349.01,472.59
720.09,476.75,224.14
723.77,475.37,349.07
727.46,473.99,474.01
847.98,228.31,217.62
851.67,226.93,342.56
855.36,225.54,467.5
846.5,353.29,219.04
850.19,351.91,343.98
853.88,350.53,468.92
845.03,478.27,220.47
848.71,476.89,345.41
852.4,475.51,470.34
599.42,224.49,351.56
595.98,225.6,476.51
592.55,226.71,601.46
600.56,349.49,350.48
597.12,350.59,475.43
593.68,351.7,600.38
601.69,474.48,349.4
598.26,475.58,474.35
594.82,476.69,599.3
724.36,223.38,355.01
720.93,224.49,479.96
717.49,225.6,604.91
725.5,348.38,353.93
722.07,349.48,478.88
718.63,350.59,603.83
726.64,473.37,352.85
723.21,474.48,477.8
719.77,475.58,602.75
849.31,222.28,358.46
845.87,223.38,483.41
842.44,224.49,608.36
850.45,347.27,357.38
847.01,348.38,482.33
843.58,349.48,607.28
851.59,472.26,356.3
848.15,473.37,481.25
844.72,474.48,606.2
601.18,226.04,475.36
601.81,227.72,600.35
602.45,229.4,725.34
602.33,351.02,473.68
602.97,352.7,598.66
603.61,354.38,723.65
603.49,476,471.99
604.12,477.68,596.98
604.76,479.36,721.96
726.17,224.87,474.73
726.81,226.55,599.72
727.44,228.23,724.71
727.32,349.86,473.05
727.96,351.53,598.04
728.6,353.21,723.02
728.48,474.84,471.36
729.11,476.52,596.35
729.75,478.2,721.34
851.16,223.71,474.11
851.8,225.39,599.09
852.43,227.07,724.08
852.31,348.69,472.42
852.95,350.37,597.41
853.59,352.05,722.4
853.47,473.67,470.73
854.1,475.35,595.72
854.74,477.03,720.71
598.16,223.33,601.62
598.96,224.86,726.61
599.75,226.39,851.6
596.24,348.3,600.11
597.03,349.83,725.1
597.83,351.36,850.08
594.31,473.28,598.6
595.11,474.81,723.58
595.9,476.34,848.57
723.15,225.24,600.81
723.94,226.77,725.8
724.74,228.3,850.78
721.22,350.22,599.29
722.02,351.75,724.28
722.81,353.28,849.27
719.3,475.19,597.78
720.09,476.72,722.77
720.88,478.25,847.76
848.13,227.15,599.99
848.93,228.68,724.98
849.72,230.21,849.97
846.21,352.13,598.48
847,353.66,723.47
847.79,355.19,848.45
844.28,477.11,596.97
845.08,478.64,721.95
845.87,480.17,846.94
598.76,351.84,99.326
600.75,351.14,224.31
602.74,350.43,349.29
598.34,476.84,100.04
600.34,476.13,225.03
602.33,475.43,350.01
597.93,601.84,100.76
599.92,601.13,225.74
601.91,600.43,350.72
723.74,352.27,97.335
725.73,351.56,222.32
727.72,350.86,347.3
723.32,477.27,98.051
725.32,476.56,223.03
727.31,475.86,348.02
722.91,602.27,98.767
724.9,601.56,223.75
726.89,600.86,348.73
848.72,352.7,95.345
850.71,351.99,220.33
852.71,351.29,345.31
848.31,477.7,96.061
850.3,476.99,221.04
852.29,476.29,346.03
847.89,602.7,96.776
849.88,601.99,221.76
851.87,601.29,346.74
598.95,351.64,225.6
596.65,351.72,350.58
594.34,351.81,475.56
601.29,476.61,225.55
598.99,476.7,350.53
596.68,476.79,475.51
603.64,601.59,225.51
601.33,601.68,350.49
599.02,601.77,475.47
723.91,349.29,227.9
721.6,349.38,352.88
719.3,349.47,477.86
726.25,474.27,227.86
723.95,474.36,352.84
721.64,474.45,477.82
728.59,599.25,227.81
726.29,599.34,352.79
723.98,599.42,477.77
848.87,346.95,230.21
846.56,347.04,355.19
844.26,347.13,480.17
851.21,471.93,230.16
848.9,472.02,355.14
846.6,472.11,480.12
853.55,596.91,230.12
851.25,596.99,355.1
848.94,597.08,480.08
599.39,349.92,348.52
600.09,351.9,473.51
600.78,353.88,598.49
598.79,474.91,346.55
599.48,476.88,471.53
600.18,478.86,596.52
598.18,599.89,344.57
598.88,601.87,469.56
599.57,603.84,594.55
724.39,350.51,347.82
725.08,352.49,472.8
725.78,354.46,597.79
723.78,475.5,345.85
724.48,477.47,470.83
725.17,479.45,595.82
723.18,600.48,343.87
723.87,602.46,468.86
724.57,604.43,593.85
849.38,351.1,347.12
850.08,353.08,472.1
850.77,355.05,597.09
848.78,476.09,345.14
849.47,478.06,470.13
850.17,480.04,595.12
848.17,601.07,343.17
848.87,603.05,468.16
849.56,605.02,593.14
598.42,350.14,476.38
594.91,352.02,601.31
591.41,353.89,726.25
598.16,475.13,474.5
594.65,477,599.44
591.14,478.88,724.37
597.89,600.12,472.62
594.38,601.99,597.56
590.88,603.86,722.49
723.37,350.46,479.88
719.86,352.33,604.81
716.36,354.2,729.75
723.11,475.45,478
719.6,477.32,602.94
716.09,479.19,727.87
722.84,600.43,476.12
719.34,602.3,601.06
715.83,604.18,726
848.32,350.77,483.38
844.82,352.65,608.32
841.31,354.52,733.25
848.06,475.76,481.5
844.55,477.63,606.44
841.04,479.5,731.37
847.79,600.75,479.62
844.29,602.62,604.56
840.78,604.49,729.5
600.64,349.9,599.56
596.95,351.64,724.49
593.27,353.37,849.43
597.85,474.86,597.74
594.17,476.59,722.68
590.49,478.33,847.61
595.07,599.81,595.93
591.39,601.55,720.86
587.71,603.28,845.8
725.56,352.73,603.2
721.87,354.47,728.13
718.19,356.21,853.07
722.78,477.69,601.39
719.09,479.42,726.32
715.41,481.16,851.25
719.99,602.64,599.57
716.31,604.38,724.5
712.63,606.12,849.44
850.48,355.57,606.84
846.8,357.3,731.77
843.11,359.04,856.71
847.7,480.52,605.03
844.01,482.26,729.96
840.33,483.99,854.89
844.91,605.48,603.21
841.23,607.21,728.14
837.55,608.95,853.08
601.59,476.58,100.07
600.89,475.26,225.06
600.2,473.94,350.05
600.1,601.56,101.38
599.41,600.25,226.37
598.72,598.93,351.36
598.61,726.55,102.68
597.92,725.23,227.67
597.23,723.92,352.66
726.58,478.05,100.78
725.88,476.74,225.77
725.19,475.42,350.76
725.09,603.04,102.09
724.4,601.72,227.08
723.71,600.41,352.07
723.61,728.02,103.39
722.91,726.71,228.38
722.22,725.39,353.37
851.57,479.53,101.49
850.87,478.21,226.48
850.18,476.89,351.47
850.08,604.51,102.8
849.39,603.2,227.79
848.7,601.88,352.78
848.6,729.5,104.1
847.9,728.18,229.09
847.21,726.87,354.08
601.19,473.92,226.13
597.51,477.04,351.04
593.83,480.16,475.95
601.69,598.88,223.02
598.01,602,347.93
594.34,605.13,472.84
602.2,723.84,219.92
598.52,726.96,344.82
594.84,730.09,469.73
726.13,473.52,229.82
722.45,476.64,354.73
718.77,479.76,479.63
726.64,598.48,226.71
722.96,601.6,351.62
719.28,604.72,476.53
727.14,723.44,223.61
723.46,726.56,348.51
719.79,729.68,473.42
851.08,473.11,233.51
847.4,476.23,358.42
843.72,479.35,483.32
851.58,598.07,230.4
847.9,601.19,355.31
844.22,604.31,480.22
852.09,723.03,227.3
848.41,726.15,352.2
844.73,729.27,477.11
601.08,475.41,351.11
600.91,478.07,476.08
600.74,480.73,601.05
603.91,600.35,348.45
603.74,603.01,473.42
603.57,605.67,598.39
606.74,725.29,345.79
606.57,727.95,470.76
606.39,730.61,595.73
726.05,472.58,351.34
725.88,475.25,476.31
725.7,477.91,601.28
728.88,597.53,348.68
728.71,600.19,473.66
728.53,602.85,598.63
731.71,722.47,346.03
731.53,725.13,471
731.36,727.79,595.97
851.02,469.76,351.58
850.84,472.42,476.55
850.67,475.08,601.52
853.85,594.7,348.92
853.67,597.36,473.89
853.5,600.02,598.86
856.68,719.64,346.26
856.5,722.3,471.23
856.33,724.97,596.2
600.97,475.33,475.39
603.78,472.92,600.34
606.59,470.51,725.28
603.58,600.29,477.74
606.39,597.88,602.68
609.2,595.47,727.63
606.19,725.24,480.08
609,722.83,605.03
611.81,720.42,729.98
725.9,472.78,472.53
728.71,470.37,597.48
731.53,467.96,722.42
728.51,597.73,474.88
731.33,595.32,599.83
734.14,592.91,724.77
731.13,722.69,477.23
733.94,720.28,602.17
736.75,717.87,727.12
850.84,470.23,469.67
853.65,467.82,594.62
856.46,465.41,719.57
853.45,595.18,472.02
856.26,592.77,596.97
859.07,590.36,721.91
856.06,720.13,474.37
858.87,717.72,599.31
861.69,715.31,724.26
598.82,474.41,599.97
602.13,470.92,724.88
605.44,467.42,849.78
599.68,599.36,603.44
602.99,595.86,728.35
606.31,592.37,853.26
600.55,724.3,606.91
603.86,720.81,731.82
607.17,717.32,856.73
723.77,473.64,596.63
727.08,470.15,721.54
730.39,466.65,846.45
724.63,598.59,600.1
727.95,595.09,725.01
731.26,591.6,849.92
725.5,723.53,603.57
728.81,720.04,728.48
732.12,716.55,853.39
848.72,472.87,593.3
852.03,469.37,718.21
855.34,465.88,843.11
849.59,597.81,596.77
852.9,594.32,721.68
856.21,590.83,846.59
850.45,722.76,600.24
853.76,719.27,725.15
857.07,715.78,850.06
599.07,600.47,100.79
596.42,598.11,225.73
593.77,595.74,350.68
599.78,725.44,103.16
597.13,723.08,228.11
594.48,720.72,353.06
600.48,850.42,105.54
597.83,848.05,230.49
595.18,845.69,355.44
724.04,599.72,103.42
721.39,597.35,228.37
718.74,594.99,353.32
724.75,724.69,105.8
722.1,722.33,230.75
719.45,719.96,355.7
725.45,849.66,108.18
722.8,847.3,233.13
720.15,844.93,358.07
849.01,598.96,106.06
846.36,596.6,231.01
843.71,594.23,355.95
849.72,723.93,108.44
847.07,721.57,233.38
844.42,719.21,358.33
850.42,848.91,110.81
847.77,846.54,235.76
845.12,844.18,360.71
599.76,599.96,225.65
602.13,603.22,350.59
604.49,606.48,475.53
599.4,724.92,222.4
601.77,728.17,347.34
604.13,731.43,472.27
599.04,849.87,219.15
601.41,853.13,344.09
603.77,856.39,469.02
724.74,600.26,223.28
727.1,603.52,348.21
729.47,606.77,473.15
724.38,725.21,220.03
726.74,728.47,344.96
729.11,731.73,469.9
724.02,850.17,216.78
726.39,853.42,341.71
728.75,856.68,466.65
849.72,600.55,220.9
852.08,603.81,345.84
854.45,607.07,470.77
849.36,725.51,217.65
851.72,728.77,342.59
854.09,732.02,467.52
849,850.46,214.4
851.36,853.72,339.34
853.73,856.98,464.27
600.03,601.08,348.87
600.1,603.73,473.84
600.16,606.38,598.81
600.64,726.06,346.23
600.71,728.71,471.19
600.78,731.35,596.16
601.26,851.03,343.58
601.32,853.68,468.55
601.39,856.33,593.51
725.03,600.47,348.82
725.1,603.12,473.78
725.16,605.77,598.75
725.64,725.45,346.17
725.71,728.09,471.14
725.77,730.74,596.1
726.25,850.42,343.52
726.32,853.07,468.49
726.38,855.72,593.46
850.03,599.86,348.76
850.1,602.51,473.73
850.16,605.16,598.7
850.64,724.84,346.12
850.71,727.48,471.08
850.77,730.13,596.05
851.25,849.81,343.47
851.32,852.46,468.44
851.38,855.1,593.4
600.27,600.29,475.46
597.57,600.56,600.43
594.87,600.82,725.4
601.33,725.29,475.22
598.62,725.55,600.19
595.92,725.82,725.16
602.38,850.28,474.98
599.68,850.54,599.95
596.98,850.81,724.92
725.24,599.25,478.16
722.54,599.51,603.13
719.84,599.78,728.11
726.3,724.24,477.92
723.59,724.51,602.89
720.89,724.77,727.86
727.35,849.23,477.68
724.65,849.5,602.65
721.94,849.76,727.62
850.21,598.2,480.86
847.51,598.47,605.83
844.81,598.73,730.81
851.26,723.19,480.62
848.56,723.46,605.59
845.86,723.73,730.56
852.32,848.19,480.38
849.61,848.45,605.35
846.91,848.72,730.32
599.29,601.81,600.94
602.85,599.79,725.87
606.4,597.76,850.81
598.75,726.79,602.97
602.31,724.77,727.91
605.86,722.74,852.84
598.21,851.77,605.01
601.76,849.75,729.94
605.32,847.73,854.88
724.24,602.41,597.39
727.79,600.39,722.33
731.35,598.36,847.27
723.7,727.39,599.43
727.25,725.37,724.36
730.81,723.34,849.3
723.16,852.37,601.46
726.71,850.35,726.4
730.27,848.33,851.33
849.19,603.01,593.85
852.74,600.99,718.79
856.3,598.96,843.72
848.65,727.99,595.88
852.2,725.97,720.82
855.76,723.94,845.76
848.11,852.97,597.92
851.66,850.95,722.85
855.22,848.93,847.79
