Inf,-86.692,-149.36,-58.439,-142.56,-104.66,108.49
12.917,-17.234,-12.696,12.987,-17.016,-12.6,0.24841
-5.1737,10.448,32.033,-5.0721,10.328,32.141,0.19133
-19.256,-29.698,-36.212,-19.092,-29.516,-35.844,0.44234
-41.323,-21.594,-12.586,-41.739,-21.834,-12.371,0.52587
-3.5478,-14.194,55.725,-3.5509,-14.186,55.964,0.23915
15.279,-10.97,-19.999,15.301,-10.665,-19.758,0.38884
-15.186,-34.548,-15.147,-15.623,-33.931,-15.927,1.0858
-9.8776,2.5731,25.816,-9.8055,2.5657,25.802,0.073843
-0.18133,33.586,15.584,-0.055411,33.645,15.514,0.15572
-43.443,-14.618,-10.344,-43.023,-14.419,-10.435,0.47402
18.338,7.9692,55.158,17.496,7.8897,54.998,0.86023
22.091,-10.407,13.214,22.059,-10.926,13.209,0.5199
9.5051,-7.2389,54.598,9.5119,-7.255,54.569,0.034001
0.75345,-16.235,-10.318,1.2304,-16.387,-10.168,0.52237
11.068,31.602,19.532,10.784,30.952,19.377,0.72625
5.2662,28.71,5.3152,5.4523,28.43,5.3718,0.34069
33.33,15.535,17.514,33.332,15.586,17.457,0.077271
5.3365,-17.92,1.1665,5.4235,-18.722,1.1062,0.80903
0.84589,-14.12,46.501,0.90646,-14.676,46.513,0.55951
-10.136,11.257,-17.724,-10.104,11.006,-17.671,0.25783
-34.427,-15.44,-38.582,-34.688,-15.715,-38.873,0.47882
-4.0351,32.109,10.79,-3.7013,32.015,10.562,0.41453
2.3326,-18.796,-20.395,2.822,-19.181,-20.298,0.62977
-33.467,6.5211,-12.138,-33.439,6.4254,-12.183,0.10925
-0.37417,-18.08,-8.5284,-0.30762,-18.069,-8.4272,0.12154
-14.936,-1.2988,8.2135,-14.737,-1.4167,8.1331,0.24493
-38.779,-4.9226,-34.069,-39.206,-4.3009,-34.406,0.82632
-9.7396,8.2509,5.6101,-10.271,8.6887,5.5681,0.69015
17.367,-2.532,40.689,17.186,-2.3327,40.648,0.27218
20.578,-1.8967,27.797,21.011,-1.5923,28.718,1.0621
-9.0899,31.236,14.512,-8.9743,31.244,14.576,0.13227
10.03,21.426,39.75,10.024,21.367,39.728,0.06351
26.507,-12.773,7.712,26.609,-12.956,7.7113,0.20952
-23.749,-34.005,-29.017,-23.894,-34.409,-29.423,0.59091
-10.634,25.071,24.741,-10.958,24.543,24.76,0.61992
-38.73,0.20399,-26.61,-37.609,-0.076214,-26.116,1.2571
-15.542,-35.164,-22.846,-15.75,-34.574,-22.903,0.62803
-19.245,-27.34,-39.35,-19.262,-26.564,-38.766,0.97156
17.893,-8.3507,14.994,18.144,-8.1279,14.773,0.40161
35.119,19.761,-23.699,35.141,19.784,-23.723,0.039882
-5.85,-20.348,-39.781,-6.269,-20.127,-39.384,0.61832
1.789,-14.935,11.742,1.717,-13.841,11.53,1.1172
-6.5788,-14.857,55.067,-6.5391,-14.79,55.057,0.078559
-12.135,-17.063,0.59824,-12.22,-16.752,0.50069,0.33661
-23.143,12.468,-26.04,-23.315,12.934,-26.206,0.52427
-0.017586,-14.273,17.397,-0.073445,-13.136,17.256,1.1468
27.152,-5.8722,16.463,27.238,-5.9772,16.337,0.18502
-13.004,-20.125,-42.394,-12.988,-20.055,-42.231,0.17814
-26.816,6.6356,-32.639,-26.611,6.4659,-32.471,0.31412
18.265,29.445,-32.636,17.767,29.231,-32.113,0.75266
38.493,-2.4522,-6.0531,38.43,-2.4727,-6.0294,0.070221
4.1447,32.966,12.044,4.1413,32.579,12.153,0.40194
3.0121,33.156,26.133,3.0055,33.297,26.228,0.17045
0.67259,-15.583,-19.286,0.68243,-15.525,-19.278,0.05955
-5.5115,-18.02,-2.7523,-5.576,-18.008,-2.912,0.17261
-0.11007,14.498,-14.987,0.070912,14.391,-15.027,0.21409
28.514,-14.652,-4.4699,28.473,-14.747,-4.6585,0.21476
12.273,16.995,56.549,12.07,17.102,56.233,0.39056
18.534,-0.10608,-29.222,18.123,-0.40963,-29.7,0.70005
-2.5193,-26.624,-14.711,-2.248,-26.681,-14.626,0.29008
20.839,-8.588,-24.966,21.102,-8.3217,-24.798,0.40976
-20.256,-31.811,-8.6959,-20.279,-31.922,-8.6666,0.11721
-3.9352,14.108,1.4287,-3.8628,13.909,1.4891,0.22021
-3.2871,-12.256,-36.291,-2.8845,-12.323,-36.492,0.45478
17.797,-9.3113,-22.717,17.917,-8.8613,-22.339,0.59977
-1.1688,21.371,6.5667,-1.6382,21.401,6.4404,0.487
-12.04,-15.971,2.6748,-12.029,-16.014,2.6881,0.045973
-5.7164,-13.798,22.115,-5.6912,-13.774,22.131,0.038503
22.274,-5.2658,19.84,21.61,-5.0618,19.841,0.69398
-18.626,-19.534,-3.1897,-18.999,-19.101,-3.7332,0.78831
31.797,25.012,-19.442,31.858,25.146,-19.394,0.15446
15.694,22.632,-19.002,15.468,22.57,-19.047,0.23943
34.258,19.671,10.05,34.596,19.932,10.226,0.46168
-22.876,-1.264,-2.8733,-22.571,-1.6326,-3.1116,0.53398
-4.569,11.478,54.598,-4.4741,11.43,54.562,0.11243
-0.51469,-15.469,9.546,-0.81068,-14.142,9.5796,1.3604
0.23697,-17.181,0.10708,0.23657,-17.203,0.10781,0.022375
19.946,19.334,34.95,19.928,19.281,34.922,0.062889
-7.5882,-14.497,-41.659,-7.4065,-14.506,-41.863,0.27337
2.3614,-19.414,-21.369,2.5727,-19.682,-21.315,0.34527
9.6785,21.521,39.65,9.6703,21.448,39.622,0.078476
-0.73975,-25.317,-24.426,-0.39751,-25.415,-24.415,0.35614
14.038,24.174,-12.699,13.415,24.099,-12.857,0.64679
6.4004,-11.419,-21.297,6.5173,-11.684,-21.494,0.3505
35.124,-6.2003,-5.449,35.116,-6.1859,-5.4487,0.016965
-19.405,-25.513,-3.8387,-19.466,-25.534,-3.7679,0.095655
-9.2905,25.893,15.156,-9.3561,25.956,15.107,0.10378
-38.569,-11.954,-33.863,-38.812,-11.958,-34.141,0.36907
39.375,-1.1119,10.914,39.343,-1.1074,10.92,0.0334
15.519,18.401,-16.829,15.321,18.523,-16.864,0.23516
-34.444,-15.729,-3.1758,-34.452,-15.723,-2.6612,0.51471
-20.758,6.7445,-36.195,-20.78,6.1939,-35.604,0.80756
-36.732,-11.729,-37.081,-36.395,-11.525,-36.884,0.44098
20.234,-5.5737,-28.132,20.208,-5.3476,-27.904,0.32274
4.5583,28.536,5.7282,4.8402,28.113,5.8139,0.51622
-4.7718,14.041,30.986,-3.4363,13.931,31.028,1.3407
-12.833,12.862,-31.845,-12.753,12.434,-31.777,0.4408
24.207,10.177,31.563,24.445,10.101,31.69,0.27964
-3.3884,-9.4808,-35.175,-3.5029,-9.5333,-35.193,0.1272
4.4896,-8.7256,55.466,4.5032,-8.7383,55.538,0.074369
21.997,13.2,39.51,21.651,13.299,39.409,0.37415
21.847,7.6561,-34.614,21.499,7.7004,-34.766,0.38232
14.358,33.578,-0.42665,14.536,33.206,-0.40414,0.41358
-15.025,-34.551,-28.172,-15.225,-34.158,-28.105,0.44606
40.075,-2.9009,0.35857,40.01,-2.8174,0.40821,0.11668
-23.605,-2.2155,-42.002,-23.411,-2.6652,-41.659,0.59793
24.405,0.36802,22.082,24.125,0.47773,21.875,0.36532
11.626,-18.16,-9.8537,11.45,-18.462,-9.912,0.35424
-34.237,-0.73969,-35.047,-34.205,-0.5126,-35.596,0.59473
-33.128,-0.61503,-8.2622,-32.992,-0.47124,-8.7761,0.55084
-34.041,-24.341,-4.7813,-34.244,-24.419,-4.5349,0.32898
-10.762,27.31,23.902,-11.295,27.438,23.962,0.55134
-6.2742,35.331,23.335,-6.1878,34.75,23.171,0.60919
27.132,-8.152,15.443,26.95,-7.9228,15.33,0.31372
-8.3944,9.2873,-30.321,-8.7576,9.2739,-30.17,0.39346
36.831,15.145,8.9661,37.818,15.8,9.2188,1.2106
-0.0046432,10.735,56.484,-0.014425,10.736,56.503,0.022043
-7.4515,-12.418,22.625,-7.3344,-12.365,22.595,0.13231
-19.754,-33.896,-11.604,-19.723,-33.596,-11.763,0.34148
32.494,-6.8404,10.295,32.681,-7.1061,10.348,0.32945
-0.17793,-15.346,-33.165,-0.27627,-15.803,-32.972,0.50566
-3.768,-8.9151,-37.217,-3.5473,-8.8301,-37.213,0.23656
16.885,17.232,43.299,17.423,17.592,43.525,0.68598
-39.776,-13.459,-30.145,-39.785,-13.468,-30.109,0.038225
-2.0077,-27.682,-19.137,-1.2124,-27.962,-18.779,0.9158
-3.9004,-0.23477,-28.634,-3.9995,-0.33169,-28.597,0.14354
20.625,8.3062,44.592,20.604,8.2999,44.587,0.022103
-5.8087,-30.331,-11.066,-6.0057,-29.883,-11.262,0.52688
16.696,-12.365,-17.844,16.732,-12.362,-17.553,0.29395
11.457,29.908,-3.7129,11.466,29.931,-3.6984,0.027942
24.732,20.949,29.452,24.69,20.795,29.37,0.17972
-38.4,-27.63,-16.475,-38.824,-27.801,-16.537,0.4615
28.154,-13.461,0.13912,28.364,-13.709,0.2398,0.33979
0.56506,23.325,5.0861,0.45175,23.875,4.5002,0.81135
-9.8076,5.8985,17.123,-8.3959,5.21,16.816,1.6003
41.335,1.858,-4.9575,41.556,1.5589,-5.1309,0.41039
23.007,-11.626,14.952,22.697,-11.716,15.023,0.33091
-0.092824,-16.979,-8.3872,-0.22344,-16.802,-8.3752,0.22025
-7.8077,12.053,-12.172,-7.6932,11.464,-12.195,0.5998
-7.7348,11.887,-6.6028,-7.967,12.155,-6.5533,0.35811
13.275,-3.8838,53.482,12.369,-3.6713,53.569,0.93422
-7.2822,5.7338,-30.762,-7.816,5.2506,-30.573,0.74442
4.5242,4.4345,-21.112,4.5266,4.4346,-21.109,0.0036046
7.7213,27.254,0.27158,7.6486,27.341,0.18737,0.14115
9.9688,-9.1263,50.951,10.53,-9.8773,51.01,0.93959
-36.582,-28.758,-13.723,-36.822,-28.985,-13.709,0.33098
16.684,14.957,-27.532,15.976,14.646,-27.558,0.77408
-30.16,-6.557,-40.506,-30.252,-6.5512,-40.628,0.15181
-3.1918,-14.914,10.483,-3.2399,-14.586,10.424,0.33611
12.412,-13.415,1.1424,12.421,-12.764,0.73411,0.76903
